,tas,rlut,rsut,rsdt
0,0.9935229506567111,-0.5288531256777844,-0.12249464312353098,0.064431262764856
1,0.9910282785108393,-1.0427241480177543,0.3383502175458801,0.024355477651624824
2,1.0092692843442705,-0.6022081611652084,-0.5081560954550355,-0.026912939386761536
3,1.1136665987174297,-0.37726548149009886,-0.6246558914498905,-0.03484986500757259
4,1.070501572568503,-0.3477478973150028,-0.4120214157593409,-0.03619374862546465
5,1.0654720837385412,-0.6421317920223544,-0.5564695418556624,0.005792124617244099
6,1.1513661873896694,-0.4971172175202412,-0.5568761049804749,0.045136609696442065
7,1.1964298071081885,-0.4874321366745278,-0.7497929369064309,0.12268173488985212
8,1.3776437658631266,-0.07531923038706623,-1.109682599683424,0.16719311965761108
9,1.4796331644236034,0.3112118120253342,-1.2433457934967862,0.21707487501464584
10,1.3712310270308308,-0.05143489452137828,-1.2174836808143397,0.14197587831847613
11,1.351567388687954,-0.12304546369071545,-0.8973985603766721,0.09264066038321062
12,1.4611482462751724,0.0025423285788406247,-1.158370219236346,0.04324411358481939
13,1.4957375611028283,0.2439204173911662,-1.2561861246898332,0.05501012422860185
14,1.3664321389805423,-0.01521327213200152,-0.869958391486918,-0.009938452289929955
15,1.3070592529691112,-0.4483861443924013,-0.8056879480884049,-0.027767535954581035
16,1.4345749119361244,-0.2865793563588568,-1.354300230407219,-0.04529109465744341
17,1.581328591020963,0.4386240551549463,-1.476946417079077,-0.009535426487104814
18,1.5038837751525307,-0.06730028840638624,-1.2981025615287933,0.0012359022343275683
19,1.6451362654472632,0.5871875950940932,-1.9200643781357059,0.07584959209088993
20,1.674204368660753,0.5212384662132479,-1.7428200972439214,0.08464167836410752
21,1.7866648683155404,0.7824108281147062,-1.7673047505852253,0.15063696631960966
22,1.8070748108919474,0.9146740908541915,-2.0462225940307803,0.08372565401577958
23,1.809878670612477,0.7561932807099083,-1.8758559095940086,0.08360355687165111
24,1.7125997474524866,0.3364166116310514,-1.9922089904024887,0.035794739821540134
25,1.7450869718852573,0.5639159219329031,-1.5457878673953047,0.022278721817997393
26,1.8273155762273632,0.2888211457690204,-1.873607149829752,-0.049198998686335926
27,2.1126766629113263,1.145671386140691,-2.2583023859366875,-0.060189202327421754
28,1.9754072853791627,0.9184763401722762,-2.019841931201441,-0.054938571497132216
29,1.8559870550722053,0.7560507282007052,-1.7997501909994469,0.0011510848887610337
30,1.9275874874563783,1.1717650539637532,-2.4316493768867815,0.03976395518145637
31,1.953521358100943,1.22436003964944,-1.9479626205835956,0.08800036948929346
32,1.984460630425417,1.0073441716269258,-2.0876782630877813,0.14148751419878636
33,1.9074342426907265,0.9703109475353529,-1.9755988565893148,0.17945917922060062
34,1.869513868033323,0.9640067813105873,-2.261438573974985,0.1030202847028363
35,2.0449635453505266,1.0746806651486054,-2.3676365047586216,0.03622237430926134
36,2.0194500354114666,1.041332950553965,-2.1059329428946683,0.0027622649132013066
37,2.1340892851051763,1.3168635325180276,-2.6992420164093005,0.003960093826719913
38,2.026040332854336,1.133629485332449,-2.3562325989305606,-0.05005383965851706
39,1.9224902516946827,0.9678125092163157,-1.932371755867564,-0.04162799774485393
40,2.0428710329559863,1.0589239224754863,-2.323950353340976,-0.0009009546741935992
41,2.0013893995851504,1.2117468196424852,-1.9293389798387608,0.08175603079399707
42,1.8770743995538623,0.832424866307008,-2.1601086621410275,0.05136456669072231
43,2.07687527934263,1.3062408776702625,-2.5864250826977155,0.0602188490130402
44,2.128117263291699,1.483770936273487,-2.222934786980659,0.06595803194778682
45,1.9547723284636618,1.2060942562017658,-2.5238025832496476,0.05623117752196549
46,2.091661979588139,1.3442584090373089,-2.431490058900593,-0.011647801145272751
47,2.0207389035564347,1.427496662957111,-2.107143792392577,-0.04120030973763278
48,2.0220268876914815,1.1847003146455108,-2.421789646876306,-0.05151934948554526
49,2.082877310782578,1.2782138086871555,-2.452044576802649,-0.02339704269570575
50,2.1484874353249666,1.3584234847219534,-2.455580040450471,-0.04266567551252365
51,2.0520071636296393,0.9921264720651379,-2.3694476072812733,0.012897985909262388
52,2.186294551669789,1.6424964326629095,-2.7484299483038512,0.06272190138702172
53,2.1353686737783164,1.6541920916790787,-2.3315729372948937,0.12291386583240183
54,2.0115830777442056,1.117660614578682,-2.357981699786407,0.07969607383046196
55,2.184945687105653,1.723712589467084,-2.5296411366380624,0.048922746314701726
56,2.2237973437452183,1.498006941955623,-2.5131718027080865,0.0047766515693865585
57,2.2564655916134484,1.668911512197127,-2.7278043674715633,0.015134557195210618
58,2.1575363168439594,1.8105765710694754,-2.44842245256379,-0.03246900051465218
59,2.1620876357075076,1.6580978509308295,-2.2846654306641057,-0.05548782683837317
60,2.055146883479267,1.141692064416361,-2.3377237550279375,-0.06495218480256426
61,2.0946693018181577,1.3821007695261471,-2.681610722053506,-0.04275408131439917
62,2.1440238602116892,1.3012035938712074,-2.4346721632452386,-0.06208219201897691
63,2.2561094827648276,1.753400503035408,-2.5346182893558904,-0.02685148171411811
64,2.296793851288726,1.9008088036004267,-2.494560088224091,0.011127176067077471
65,2.077452179200236,1.4956443434996345,-2.498909020341088,0.06966592485588308
66,2.095395038790116,1.762504062613374,-2.6090044390500964,0.04031320340413913
67,2.1467877500369354,1.9638980008298006,-2.7227337087110044,0.03884781013863403
68,2.057164408708161,1.288738225879598,-2.442858672126775,0.010883253838983364
69,2.0478508809752043,1.4423714149370426,-2.108018796912944,0.02911836610451246
70,1.8735818223781848,1.0403534424187342,-2.3591374626375057,-0.04486372886532308
71,1.870652174802217,1.49125633649885,-2.29666411943667,-0.06818792731138501
72,1.995297731908181,1.1011652963716756,-2.635186254299086,-0.07014237004824508
73,1.9754605466141015,1.277245608100543,-2.486428083673971,-0.03499865293753146
74,2.132815130669485,1.6879169154814804,-2.674154988853985,-0.034117332113908105
75,2.10758956645725,1.6601965704120119,-2.922106699599766,0.02010312197461417
76,2.083705438758784,1.718847078155676,-2.712443704908054,0.059730303604055734
77,2.171338298811918,2.123415162146614,-2.6699230277753685,0.14373654338214692
78,2.177640702087615,2.004362228795543,-2.7997843443301065,0.09044245551712038
79,2.2740484022493206,1.8403505536646776,-2.565766173516465,0.047090694706298564
80,2.1695661922262275,2.0233826383840494,-2.5985713765865484,0.012592503579469394
81,2.0209853042376267,1.6711384780943206,-2.3369754982218893,0.0035936537686893644
82,2.013322681136401,1.5580049561187082,-2.570967529483241,-0.041810726366406925
83,1.900622406117634,1.7022449612550474,-2.6442474680119687,-0.05475495547244691
84,1.986223276583928,1.4190971463280277,-2.483134480002377,-0.036070902360620494
85,2.113658755350343,1.8167073301006837,-2.584654462854971,0.006364862707073371
