,tas,rlut,rsut,rsdt
0,1.1007341642754227,-1.0317740924626833,0.34227037758027734,0.07252379778896056
1,1.044885511880068,-0.8912229757894181,0.25944762645461594,0.029412643863281573
2,1.128541477472254,-1.3284951393819426,-0.15985869425142596,-0.019570389819818956
3,1.2007165646096496,-0.9671987946328784,0.36727270478279195,-0.030491657371555903
4,1.0729507675246168,-1.047474068767258,0.4759998817922906,-0.033307731049717404
5,1.1151761989535203,-1.29790617492867,0.12822181943271005,0.011091307020762997
6,1.2837640170571376,-0.9630949969893834,0.5373566907930609,0.0466368898051428
7,1.318439947443835,-0.8959952232908392,0.6980415335633126,0.1261969062285857
8,1.1047203653463384,-0.8917060804618018,-0.06918534758489159,0.17584664483092638
9,1.115312094888452,-1.1918934415316755,0.34129275104334056,0.2205262603453093
10,1.1883647220369653,-1.241144476930657,0.34053706562025354,0.14664286050782493
11,1.1906777760161162,-1.2515095720605416,0.5444713026938928,0.09723134555986235
12,1.0787461203073008,-1.4079072392090097,0.2780506318665772,0.049457523597880027
13,1.0995826560323394,-1.3268491955956563,-0.2797811685299507,0.0618661913994174
14,1.4431812197556724,-1.3241975401810748,-0.01912759254599905,-0.00584844774158455
15,1.5469199176394,-1.1401536452962375,0.5555557546341134,-0.025329782283733948
16,1.3665150299163997,-1.4219390382368715,0.6742871175705147,-0.03941546817600283
17,1.3145924825568613,-1.2976089670009685,0.13717649775129814,-0.00707712856268472
18,1.4378716578884223,-1.2175387640129145,0.2168304065983051,0.004498414821057395
19,1.4650279470636747,-1.131523369107157,0.1507083436075618,0.08262348885949677
20,1.4032534316451688,-1.2569811769429577,0.6892892561773749,0.0889149204776345
21,1.4745503164886031,-1.4345915621865686,0.4360206057656484,0.15847160970741925
22,1.4796870840546603,-1.138611535157878,0.3996319735048104,0.08709133954755544
23,1.3261038213345273,-1.3182143507735589,0.47380918836947217,0.08559161023288198
24,1.4386257539378562,-1.2233850682285947,0.10098585521939185,0.045394628736971754
25,1.3659279003422853,-1.374410437544185,0.1395821788635203,0.026744237917000646
26,1.3339586735305602,-1.5393070438497602,-0.033324144913336795,-0.0436683080136504
27,1.6287383125387578,-1.4259195709776975,0.061192921109210374,-0.054678011805776805
28,1.797635592088227,-1.2176303076288093,0.34637195946075394,-0.052776983610442585
29,1.6270401804794687,-0.8970968129822268,0.18912614276291606,0.006154254890475386
30,1.5326261696101255,-1.2210735378867241,-0.3665190855855087,0.04213160798019544
31,1.668488543668559,-1.3998607989839513,-0.12719792933768304,0.09126307438077674
32,1.779162848127271,-1.0026418129945114,-0.21313616256659884,0.14999210558028153
33,1.8248995085421598,-1.0265180832284386,-0.2684962119430452,0.1829023059263477
34,1.8165116669229633,-0.9387608245421291,-0.07537925866920148,0.10594589064817228
35,1.8388985732578362,-1.152368711335754,0.0009819352477506982,0.04263160589476911
36,1.961411202012755,-1.117060290700607,-0.07908360668336911,0.008962556953349576
37,1.8471649756404531,-0.9229716382074287,0.00551420013313475,0.011051285860730786
38,1.886269522737507,-1.250234983124642,-0.17742375788654385,-0.04589982287370731
39,2.11414691383834,-1.132903651269629,-0.07066274195307187,-0.03861382641969158
40,2.043417452939991,-1.0844410714626918,0.2765442516808463,0.004970083535056347
41,1.888311395957487,-0.6328573128116091,0.09810408206519128,0.08280279939287993
42,1.7204075330341766,-1.0631822357141516,-0.5271731582963639,0.05573330816349653
43,1.742074456056116,-1.451365715481728,-0.2530325937279798,0.06591946365887225
44,1.8452721903939278,-1.1402796760162914,-0.29488695092284445,0.07087622734866272
45,2.0162374844619535,-0.9765522240265625,-0.7964351928572597,0.06214383878472063
46,2.127377125114549,-0.9318762366653459,-0.09408239164342547,-0.008631748207960754
47,2.1928703757127437,-0.8333585220899806,-0.45105970433314724,-0.03699567229614331
48,2.2015706761361002,-0.817155696408804,-0.4909611373581839,-0.04328811243948394
49,2.0619611908331876,-0.964096046198307,-0.5433579825937471,-0.017399214569820742
50,2.1850029779949978,-1.0247212172903346,-0.5261101576977438,-0.03814076665827315
51,2.300454850618223,-0.8401039809133692,-0.3995857950804833,0.01779468407659124
52,2.2325489305258657,-0.6978458885159853,-0.30155426323065626,0.06479445705707576
53,2.192325149218334,-0.7465630465964637,-0.11057509079181216,0.1269534137647952
54,2.0743331025825,-1.11091914429619,-0.4324787514534165,0.08328600462527902
55,2.1973796837378927,-1.2325730180628227,-0.22015378531268937,0.052831197731279644
56,2.2972028162365064,-1.0492220973973474,-0.09042954540173298,0.012709048365877607
57,2.314559573957183,-1.061241101561194,0.05061288838943767,0.02014605392912472
58,2.252650920358917,-1.1087517168057275,0.06969731327760087,-0.028014607697059546
59,2.2214685187007603,-1.0186312753384357,-0.13644901481139016,-0.04923135587011984
60,2.287387418580977,-0.9459776371560622,0.014943229251585421,-0.05982372149077264
61,2.2287780699978725,-1.1573512616851076,0.11278874785622861,-0.03588269824706458
62,2.363235713157678,-0.9425408922708698,-0.04392200239159649,-0.05857083995471157
63,2.190494606574248,-1.0285954374651567,-0.0869834673950578,-0.025039473990716488
64,2.1175585778653385,-1.246452731153454,-0.2755568081373383,0.017271277892973558
65,2.252554814121197,-1.1377011536995383,-0.24176216750159085,0.07233314154251502
66,2.221934287899444,-1.178578489933443,-0.23462934015667258,0.04423631263347261
67,2.2356347937662235,-0.9364449565960911,-0.33927500641003405,0.0453632165607587
68,2.2626790776631083,-1.0962951686660745,-0.2896096965532422,0.017093442278508064
69,2.2087409213580713,-1.1114968241307395,-0.36056460563352744,0.03447044082292905
70,2.301405398930001,-1.1439349735887276,-0.2496070278809981,-0.04125592909815623
71,2.2565711708685967,-0.6962898400955453,-0.48481006761097944,-0.06336101921556292
72,2.1624701504550785,-1.1338353328103778,-0.7446166480353895,-0.06223617467577469
73,2.1605734827901983,-1.3170709698020175,-0.6855108656575908,-0.029379155412243563
74,2.3240630852483264,-1.368550175987707,-0.5333752139018486,-0.02947949972508468
75,2.72382957195407,-0.9536674233902716,0.14830627175489042,0.02491149071443033
76,2.720493556089309,-0.6099050809915809,0.3668706953919809,0.06151307611196444
77,2.459778792102952,-0.7050912272870278,0.05141189021166781,0.1472528974398415
78,2.3049873814392186,-0.6704970294983639,-0.6142173187311784,0.09312049282294765
79,2.1598398208123513,-1.1493535035116054,-0.4690700128109455,0.052037381817058304
80,2.3832082531536116,-1.0329877788118154,-0.7695692388642641,0.018369159208816654
81,2.526271490980662,-0.9874714403572113,-0.4843987199673023,0.00831054925532726
82,2.6796323539984996,-0.7393206498705069,0.006126870547277008,-0.037390607628537964
83,2.495235738530198,-0.5276832209854376,-0.2884530054616192,-0.04746866875552769
84,2.291566133836568,-1.000529941528555,-0.9435318225586968,-0.02951242068979809
85,2.628330494753868,-0.5827691679263012,-0.7865075978641727,0.013358635964664245
