,tas,rlut,rsut,rsdt
0,1.1767699822200939,-0.5721270925794215,-0.348855118353228,0.07250652254691659
1,1.313229566377231,-0.5722514262240281,-0.25176254599848846,0.02940492558417418
2,1.3529601552311874,-0.6177063540136203,0.2317905679773844,-0.019575291982505405
3,1.4798407950817136,-0.6304436424247513,-0.43615273286282275,-0.030493826759879994
4,1.4584624016683847,-0.408426556409097,-0.1251561348259429,-0.03331062614415714
5,1.337474699909592,-0.5531569467305815,-0.6698760104214756,0.011086355839211137
6,1.4974351969687518,-0.5026587372329345,-0.13663349450494877,0.04663380732245059
7,1.6486830966208572,-0.2960973985475732,-0.28464010364267267,0.12619108407307067
8,1.6420900201279665,-0.25198735295896313,0.22756620248361514,0.17584920866937637
9,1.6080678676957518,-0.300194475545851,-0.6170899632701321,0.22052528678813133
10,1.5610912355732012,-0.4441233061832861,-0.501289987397783,0.14661471288951589
11,1.5999861249268292,-0.3745949367559547,-0.12936552214601704,0.09722401237263512
12,1.63550827271888,-0.4803428857965173,-0.5200654158895048,0.04945212558692447
13,1.6205204498310763,-0.5895296128080076,-0.02003519765955275,0.061847703468629334
14,1.7207510621656752,-0.4900696295100033,-0.44703537491837153,-0.0058361398134820774
15,1.7466570820541847,-0.40333817059689636,-0.5381812727174236,-0.025335239332548554
16,1.7105482537696162,-0.4685232391157399,-0.3371947665206392,-0.039432760792692534
17,1.8219269252516028,-0.518573973374032,-0.48824703208340736,-0.007087561493449357
18,1.7570597867407969,-0.1233759743783196,-0.2769179587508148,0.004487232801238861
19,1.6619830080886118,-0.5089520030864776,-0.8078558468376542,0.08262457013853464
20,1.7231870014929314,-0.7036744210165295,-0.48373817949467934,0.08890200016338667
21,1.8607778986630592,-0.36342248682026934,-0.4013494641879731,0.15847405713725493
22,1.7084226439513372,-0.5806004100638802,-0.34451241583954584,0.08709382806648591
23,1.9897168869835014,-0.2963189313427961,-0.874776828105226,0.08557340960174997
24,2.0870595627691273,-0.1864581003237049,-0.22020290697662404,0.04538058163279857
25,2.0075678018690155,-0.369338532274071,-0.6161456365852018,0.026733060988249235
26,1.9662115052847753,-0.5194114982857627,-0.45652061237160524,-0.0436771358081387
27,2.007455358496543,-0.28258418418568,-0.09764472909090216,-0.05468664381612598
28,2.000894948086966,-0.392311774076461,-0.8544269516662126,-0.05278428472104224
29,2.0475514853832806,-0.41173938008645905,-0.28238756137974974,0.006137188774744118
30,2.2033363263918773,-0.24196676332255151,-0.5088781372819255,0.042138049117738774
31,2.0951342295824134,-0.09957395478448916,-0.6624625755271865,0.09125265468657062
32,2.0638136121413595,-0.32505559134060036,-0.9221896546080615,0.1499893266296226
33,2.3685764954803403,0.03453345357377202,-0.749850490415426,0.18287954313825594
34,2.2459202843638764,0.07434961638082882,-0.7485188149026101,0.10593039052480435
35,2.1119167987060337,-0.22420381759246766,-0.8750660326741553,0.042620736375681645
36,2.2035009884631336,-0.23922846945640686,-1.438816142207159,0.008961458868895988
37,2.323673832680754,-0.10781168065841484,-0.7088290294846757,0.011053995515794668
38,2.406832164961827,0.042375780113331984,-0.799417233891603,-0.045918413728145424
39,2.5161660706085627,0.16561342808861923,-0.8070713767641706,-0.038624072675361276
40,2.5600482283243196,0.03336652895487191,-0.26988526679208746,0.004967701173711703
41,2.3837715649471534,-0.11834766921302275,-1.1817344150267814,0.08280604284738047
42,2.526762892938848,-0.021545566707345642,-0.909665239955757,0.055732173334661184
43,2.4086793679055063,-0.14450815339603196,-0.6859302463695656,0.06591258979216263
44,2.3640001510006527,-0.18103684788388819,-0.9105702132340099,0.07087349961784639
45,2.4794637431637625,-0.2784230310016085,-0.3368732857742174,0.06213744373150121
46,2.3863272836474607,-0.17571153078500856,-0.6282695656017978,-0.008652726088598683
47,2.4376100157282963,-0.12193032835349982,-1.5482588030480855,-0.03700767791713133
48,2.4621354314890027,-0.25097425685976305,-1.0734378761482901,-0.043297797339732824
49,2.7194119927117413,-0.06572335807541663,-1.0018827916791366,-0.017418758879557572
50,2.716295266355644,0.11411004021886129,-0.5244508667173449,-0.03816955630270513
51,2.5952295858866705,-0.04067016737278095,-1.0127268402123661,0.017772797461759637
52,2.805819259670727,0.2865649053581194,-0.6995531303856524,0.06479316898617071
53,2.5003692591219533,-0.04798784519692845,-0.4869309974732232,0.1269370691874201
54,2.6004403803936498,-0.013992828249428158,-1.4412148913313843,0.08326955837407013
55,2.6915787168757106,-0.07567111733209231,-1.0840619349875453,0.05282315510845592
56,2.8218074236786492,0.1152709542715229,-1.141407573656366,0.012715111332681772
57,2.6726500343772273,0.1804779253957065,-0.1604196361716106,0.020111189762872073
58,2.5172236102901593,-0.21696373615492348,-1.3764046841870368,-0.028024808508348542
59,2.6337647953089345,-0.1026067926132157,-1.4945504134856122,-0.04923961220202955
60,2.7935771439019277,0.11306139276979366,-1.0967596887457915,-0.05983540024357126
61,2.775682036662033,0.053641288687458655,-0.21182965303603396,-0.03589061432995777
62,2.669366549407357,-0.03778627878733687,-1.1493845253171315,-0.05858718586887335
63,2.939806561917578,-0.0008849454059713935,-1.094006907802779,-0.025047214605194768
64,2.876758663174087,0.32427590779522575,-0.5555660178809916,0.017247799890071747
65,2.686508627690614,-0.12517276056243531,-1.6626844715139981,0.07232427069999403
66,2.791575270917747,-0.001440749633957239,-1.004659001522839,0.044212566000965126
67,2.7757367492721983,-0.028630102629051635,-1.1751253308587337,0.04535317398557481
68,2.9699083972129188,0.06766660875950947,-0.8279795166608608,0.017078898868476244
69,2.9076223383526667,0.15729393792403812,-0.5306558063302447,0.03445520047529271
70,2.8219170604149326,0.058856068294090846,-1.0918982425737056,-0.04128282673849526
71,2.8570348306072333,0.4241320587269115,-1.013715148411265,-0.06336751094590909
72,2.7143239429758523,0.06981025850816991,-0.4675447711249774,-0.06224332218789641
73,2.7024155737970545,-0.13409291889641395,-1.42583738404268,-0.02939144458349574
74,2.8806518638833154,-0.10367600861255255,-0.9013513060688894,-0.029495992184877196
75,2.9939865944375015,0.14464451337968853,-0.6037970595000814,0.024895209163446452
76,2.801659989398786,0.2415769384306543,-1.5308406771782614,0.06150135956681879
77,2.8995837072167205,0.4321607493134536,-1.3869096371405192,0.14723962201679797
78,3.2278459146457976,0.6960665403801727,-1.290670836283212,0.0931188632168869
79,3.056795575478475,0.5362546622907871,-1.2186408897849361,0.052012001506398065
80,2.980902189654728,0.21502024128932362,-1.3122135166024123,0.01834558830739752
81,2.9666939169857756,0.36707500486068056,-0.8506235516112923,0.008308227676025126
82,2.994170394879177,0.16596711908889006,-1.1141591865296334,-0.0374137438748221
83,2.82515538382097,0.381088498830934,-1.217774407931742,-0.0474977437198163
84,2.8393533145175525,0.07990223397831642,-1.7334901413150305,-0.029524329679361472
85,2.7690932173485407,0.1733605370764053,-1.5034556362348468,0.013350630803813601
