,tas,rlut,rsut,rsdt
0,1.7058720649482098,0.4111783882326563,-1.4519632445673523,0.08231592738189875
1,1.8885021003500242,0.34131546590697326,-2.1248999234276766,0.005592296339216318
2,1.8941111859986108,0.2624379908468768,-1.589657237042573,-0.014745003462849127
3,2.037555357999395,0.5056671834130668,-1.5726546259513583,-0.027374088258397933
4,2.0983702962033135,0.5662937361632601,-2.0112444569685266,-0.02685815105587608
5,2.2762295874949245,0.7770563624450233,-1.9659367014245248,-0.018238601522625686
6,2.1104408978749802,0.7690743728837504,-1.4268014840716035,0.043870452987448516
7,2.0110658353359554,0.4349776109320658,-1.4512768655996808,0.12076849782192767
8,2.0058416121827918,0.44373285917981775,-1.7704138361799835,0.17452930352504836
9,2.2295165947198257,0.5736735435549463,-2.093689772666991,0.18658612293791066
10,2.4649354113240634,0.8255455478744977,-2.0210214025978104,0.14713539627354066
11,2.26024084214464,0.5097790449523814,-1.651991758038335,0.1038605240151469
12,2.3270318302535884,0.6358151881469212,-2.2490316219221853,0.0581444814419001
13,2.4129050225109268,0.8010247840498437,-2.060576656789081,0.02707617264121609
14,2.601994307408347,0.8360780504911247,-2.311564726037929,0.0037460660857391304
15,2.517136300622383,0.925796311891304,-1.9658728633472435,-0.015999591696356674
16,2.5161143953915825,0.7790474398075276,-2.077339582148923,-0.03474844839610114
17,2.405042624448754,0.6826341195266252,-2.1759661388052223,-0.03242319238631808
18,2.5484350551128045,0.8616419853140371,-2.1997082353427686,0.0020200522836830714
19,2.6027846930839473,0.9920665701743872,-2.229834887395583,0.07850237576872132
20,2.843186542917522,1.2067700121316136,-2.8145347465813586,0.08701292105263292
21,2.8407620027506937,1.2400911669711263,-2.2547095001239086,0.13191416697020486
22,2.8635007113936695,1.2135224854901594,-2.4753316280798288,0.08882230078756947
23,2.685144984140777,1.0980738824062541,-1.9740594430815293,0.08734865587820195
24,2.677047264847374,0.8888972939587632,-2.848097965217974,0.04853399163113181
25,2.9360055918927515,1.209738493469473,-2.8918034130577155,0.003397118632847196
26,2.9627204282820117,1.2329695200794788,-2.5826130392050004,-0.036268827464823516
27,2.964234145866101,1.231268845664431,-2.95540385847751,-0.04935451443321881
28,3.000735466741162,1.2083810190597433,-2.357017556521569,-0.045456839148243944
29,3.034213522808045,1.3847459598978844,-2.9140076361592833,-0.025044984636622303
30,3.2206071303839963,1.3727196554515047,-2.940157675313273,0.04084971675962379
31,3.388460320225988,1.5352922446325863,-2.699476684845166,0.09119104367511
32,3.171266016072593,1.5779029348077813,-3.1012698504395644,0.14640062700561884
33,3.1620664952413335,1.2897314557601192,-3.000544789541067,0.15289202320633422
34,3.311816676617809,1.598261791177407,-3.6102607204234687,0.1087619464970544
35,3.423548661095765,1.5673230459744616,-3.0449168246592393,0.04925854742032243
36,3.517803806506606,1.918120737491222,-3.368849796849119,0.01718702382072479
37,3.4538088929231208,1.6841419809312583,-3.1638431230865507,-0.01596673771047108
38,3.2051653650128173,1.361975340968712,-2.6827000278887283,-0.041072207339595934
39,3.234097330058887,1.2365125133043193,-3.129247727227053,-0.03498341491803103
40,3.295219027790097,1.5726787593393965,-2.6287368004802545,0.0060141958195458756
41,3.3154922921887646,1.5008556334700245,-3.137578786488646,0.05384904840263971
42,3.3204713239950934,1.3817147767481686,-2.7331133503691376,0.05763660685386185
43,3.3883962424491187,1.4670033526546433,-3.019858738811763,0.06487182834337091
44,3.4384873069049036,1.5924441200959052,-3.0158420282196516,0.07625128439445916
45,3.4985686889050953,1.5617306400197322,-3.354966490565559,0.039396295519338764
46,3.63590110029628,1.9016546816968116,-3.2221841563576845,-0.003762826551053422
47,3.6636466111850154,1.8960854374554685,-3.3560713780155,-0.029835941327121418
48,3.568514505551093,1.5440080471927615,-3.3918119681136574,-0.04092447968082524
49,3.5675465166431763,1.8049405564363497,-3.7694524489838983,-0.04414507194417183
50,3.7966167401945654,1.82282382341495,-3.814951978787917,-0.035706259909318305
51,3.946576642650143,2.1934587570838744,-3.5559197916655734,0.014776000060805927
52,3.817663422127225,2.0555622443040136,-3.7318278861596923,0.06654026144474301
53,3.818329124677632,1.8896845834191822,-3.490851303123037,0.09576512757581668
54,3.816948665580526,1.9354462483853752,-3.631261209390189,0.08951232711990542
55,3.9153458186970056,2.1196139995311967,-3.820360107344726,0.05732351609259467
56,4.081630107048852,2.2615860559797625,-3.626743963248856,0.014025626847114836
57,3.926350475267043,2.237349180303653,-3.8589127136639405,-0.0011619417293786682
58,3.929390818290358,2.1867484214760964,-3.743386204575387,-0.021574132568332516
59,3.814685634704915,1.712085192093923,-3.6245421251312564,-0.04486274772784782
60,4.035176578434516,2.212747980538097,-4.088680315617566,-0.053999843711778794
61,4.205297679102728,2.2139483897167054,-4.083172427584941,-0.06318653138293939
62,4.390446258174563,2.56867241183636,-4.118897554597922,-0.054139878610726555
63,4.189686851173349,2.3786496962291324,-3.89656333175148,-0.02208349784660868
64,4.097730997538179,2.096689921299685,-3.837851512679194,0.018741257509304887
65,4.131531930180813,2.2468452031847903,-3.8338957842736505,0.04464560398901085
66,4.157624048545642,2.3834359015163784,-3.9674434934301246,0.042908610513109124
67,4.125740671752226,2.1929498631870956,-3.5458958012725503,0.04711729844211732
68,4.1686712085966064,2.1365442959888696,-3.948315818035553,0.024800505518498994
69,4.343733757360781,2.617912970819134,-3.679680914848106,0.006739390369205012
70,4.136617575926664,2.1909909609708222,-3.92526085354892,-0.031175441757966382
71,4.092690694566045,2.4019375970066505,-3.7272039600040188,-0.05567519941229193
72,4.278484086860942,2.4472180436929705,-4.246714335027136,-0.05981625693624437
73,4.348540165906343,2.4337062376183667,-4.171057204064013,-0.05666760391198977
74,4.3049273014567575,2.2617518998678463,-3.66348522684396,-0.02888087489031932
75,4.2327207150171375,2.3246535890183395,-3.9168621544767603,0.026266511738015197
76,4.403721114679911,2.6073566090316547,-4.194225181055728,0.06018975800941462
77,4.274750177540511,2.46635319863222,-3.816747943027025,0.11448464507964218
78,4.148298585109103,2.207690503686564,-3.8359503041132257,0.10168521701609734
79,4.338068265140521,2.432871759175356,-4.064562205310224,0.0614989760385356
80,4.45627694029821,2.762929718413602,-4.0205745094031045,0.01798610213683105
81,4.283358093063555,2.594933590260183,-3.8111846337345696,-0.015737849158369954
82,4.17243689783237,2.3471769351849616,-3.7841735623332937,-0.03094526759133487
83,4.316308317217761,2.404293307533493,-4.245843495134054,-0.04420356325812236
84,4.438364730326384,2.547854834404802,-4.242355028136714,-0.028977702972952102
85,4.4641162161495345,2.698493815339276,-3.918419049268522,0.004072106271394205
