,tas,rlut,rsut,rsdt
0,1.9092204596835813,0.5036123646174531,-1.6748801087194494,0.08231592738189875
1,1.8076119490399378,0.3625698512607869,-1.453002844246356,0.005592296339216318
2,1.8750522516240267,0.22262155625506352,-1.5973547699668842,-0.014745003462849127
3,2.0656292060704686,0.5744721008073554,-1.9013250855635846,-0.027374088258397933
4,2.0913329081089387,0.43095675785349385,-1.695196595409115,-0.02685815105587608
5,1.9578595384934943,0.36507995686446293,-1.4510568249407072,-0.018238601522625686
6,2.173616272120796,0.7708798737131701,-1.971222451941216,0.043870452987448516
7,2.206528965878533,0.711594457146191,-1.628750230509084,0.12076849782192767
8,2.218496560947642,0.7993158286098492,-1.6699119213726732,0.17452930352504836
9,2.254085492855552,0.8651455117862952,-1.7476192552209397,0.18658612293791066
10,2.0788786012144556,0.5414954104452931,-1.2938565499944161,0.14713539627354066
11,2.0308084348621946,0.3427836352692566,-1.9616696693166489,0.1038605240151469
12,2.2679106244092964,0.5295434002028969,-2.3174428739981607,0.0581444814419001
13,2.507158575346125,0.9240911743213189,-2.366627785673799,0.02707617264121609
14,2.6863210919159997,1.087910680069939,-2.3079322465281393,0.0037460660857391304
15,2.45729456452392,0.9881692321851858,-2.0620104615394013,-0.015999591696356674
16,2.274621310492307,0.5466565931512264,-2.1639280520939224,-0.03474844839610114
17,2.4374543239913464,0.5598539014956998,-2.2148254958392073,-0.03242319238631808
18,2.4997470796541847,0.9068901140203707,-2.220122903417945,0.0020200522836830714
19,2.43772058909866,0.5681325427865147,-2.0969944282169024,0.07850237576872132
20,2.5028243628107134,0.7672586396973031,-2.0316806345226155,0.08701292105263292
21,2.6329149569055517,0.8993586920360883,-2.4861515173259363,0.13191416697020486
22,2.803582452843216,1.189963601471561,-2.2070360121125674,0.08882230078756947
23,2.8134861812354757,1.2103941015626845,-2.7304882953903302,0.08734865587820195
24,2.9069380201029276,1.3085959708755581,-2.4326424972265386,0.04853399163113181
25,2.780274802811789,1.0261363081638706,-2.4987977830626136,0.003397118632847196
26,2.8273603810951045,1.196453533949608,-2.7430550220112053,-0.036268827464823516
27,2.8128782173900504,0.914707999941129,-2.65434453501868,-0.04935451443321881
28,3.0847921699313474,1.3712428606173148,-2.5918817535810206,-0.045456839148243944
29,2.9176685876065562,1.1226960405598447,-2.683282287334123,-0.025044984636622303
30,2.975756176964069,1.108192264031885,-3.0257480713041076,0.04084971675962379
31,3.134099040326589,1.5141875538102454,-2.8039326775585067,0.09119104367511
32,3.1003517560586715,1.4283188397327535,-2.8413560426082825,0.14640062700561884
33,3.0741381330969375,1.4172980826166963,-2.8911407783913603,0.15289202320633422
34,3.1928232623452573,1.4088153836833612,-3.1233445855600337,0.1087619464970544
35,3.3176112472179398,1.5438834123873448,-3.1755269690766283,0.04925854742032243
36,3.2360720611987404,1.3938635394683558,-3.20868925263963,0.01718702382072479
37,3.48930884731584,1.778315231937711,-3.2270646948928174,-0.01596673771047108
38,3.477095681891228,1.573814947569474,-3.392663207854426,-0.041072207339595934
39,3.448449391175245,1.6441273485657462,-3.3325081035560657,-0.03498341491803103
40,3.5860629395657497,1.7542065313417936,-3.511556527109434,0.0060141958195458756
41,3.4741161877073523,1.9868661794031937,-3.401229803036202,0.05384904840263971
42,3.3867746187143553,1.714743124846791,-3.464242856800425,0.05763660685386185
43,3.54290824902057,1.6119507152501171,-3.195630258007256,0.06487182834337091
44,3.577589880184405,1.6937704699601284,-3.3051095316121035,0.07625128439445916
45,3.7381590489194423,1.971756390251727,-3.3482676714289283,0.039396295519338764
46,3.730467405118304,1.9558371467537654,-3.4923786466248714,-0.003762826551053422
47,3.637061892088809,1.6807507446148975,-3.0745861583075254,-0.029835941327121418
48,3.5739326181818,1.725735139565245,-3.4157690911118124,-0.04092447968082524
49,3.5967836028771103,1.6038824293993912,-3.4629033257861295,-0.04414507194417183
50,3.849390817413223,2.0517070447167214,-3.531009795626474,-0.035706259909318305
51,3.7246853558347652,1.8227415166346361,-3.694523879826974,0.014776000060805927
52,3.8077457967853547,1.952316880591809,-3.562051275887015,0.06654026144474301
53,3.959448152472703,2.3319010992433675,-3.884428464923289,0.09576512757581668
54,3.823462121575915,1.9111361292731033,-3.3614717706606,0.08951232711990542
55,3.7704531397697565,1.9651825434146133,-3.579574712482838,0.05732351609259467
56,3.900123864865975,2.1740742142924887,-3.8296241489490086,0.014025626847114836
57,3.919892707690906,2.1370142747917953,-3.6341956437596963,-0.0011619417293786682
58,4.024437824161623,2.204442601738492,-3.6711433163588083,-0.021574132568332516
59,4.043344801239357,1.9967671434118586,-3.3918645936008005,-0.04486274772784782
60,3.966691788448486,2.213177518593426,-3.634349900316124,-0.053999843711778794
61,3.897852525963401,1.83361463915341,-3.6587981681706765,-0.06318653138293939
62,3.9866507175511856,2.172120789926396,-4.030110594809514,-0.054139878610726555
63,4.0940463468149915,2.2562122238813345,-3.43855343772681,-0.02208349784660868
64,3.9043723404406023,2.034962126624009,-3.5838622971480163,0.018741257509304887
65,3.9899683074540917,2.055122547256218,-3.7708729901346345,0.04464560398901085
66,4.035550512107022,2.2406349303309128,-3.9247252533274235,0.042908610513109124
67,4.006488747159892,2.1285179720956933,-3.8142324130332383,0.04711729844211732
68,4.239629782595955,2.4262556990529163,-4.107080695979803,0.024800505518498994
69,4.22837208571633,2.3636376638177694,-3.8353078893905064,0.006739390369205012
70,4.118321642317426,2.2604739501594224,-3.9891070873541565,-0.031175441757966382
71,4.065882495351275,2.163212905266704,-3.8370084573319474,-0.05567519941229193
72,4.142797869222136,2.11895942065712,-3.975712886584631,-0.05981625693624437
73,4.387571423170698,2.4613376181267483,-4.224588114658033,-0.05666760391198977
74,4.449154155764518,2.529179183529777,-4.189370529231013,-0.02888087489031932
75,4.436014863083301,2.482937525736503,-4.207118165182408,0.026266511738015197
76,4.318412162446123,2.2516613994941395,-3.865060920537246,0.06018975800941462
77,4.438113700843871,2.719334768530757,-4.32930546089969,0.11448464507964218
78,4.360175502798938,2.4974751261368624,-3.834448999530025,0.10168521701609734
79,4.350877064336146,2.590294760571794,-4.0631167563715,0.0614989760385356
80,4.458881203850012,2.667637542657843,-4.409984335772307,0.017986102136887894
81,4.443647061720981,2.652770797906811,-4.228003188002717,-0.01573784915831311
82,4.532218095088581,2.817757613156317,-4.443763465338407,-0.030945267591278025
83,4.50444778333042,2.619341352197438,-4.211479865553358,-0.044203563258065515
84,4.451516403062158,2.5062303689888097,-3.955525750813706,-0.02897770297289526
85,4.374957911968465,2.4414977698334894,-4.125705431820634,0.004072106271451048
