,tas,rlut,rsut,rsdt
0,1.8296340215627538,0.583684748838408,-1.405084646756663,0.08231592738218296
1,1.9982678701564396,0.7237358233612952,-1.6262544095487783,0.005592296339500535
2,1.9081341038459527,0.4945806145431675,-1.3350221548716235,-0.01474500346256491
3,1.7682708616018203,0.2872649289017488,-1.4558900695072623,-0.027374088258113716
4,1.874647797555724,0.45133726343507874,-1.9424195533318596,-0.02685815105559186
5,2.152608140226846,0.49314716666413005,-1.8136720492263123,-0.01823860152234147
6,2.080884173296681,0.5412158572160592,-1.2875999861426521,0.04387045298773273
7,1.9697950333380163,0.22350592605138786,-1.6571377735557036,0.12076849782221188
8,2.1699707313493377,0.6912672400355859,-2.0863149622462203,0.17452930352533258
9,2.2320674692030025,0.5779213002544168,-2.1118317600792125,0.18658612293819488
10,2.2201366473069584,0.816209994704252,-1.6452798462911744,0.14713539627382488
11,2.2550398229301436,0.7284202173134133,-2.226115398978635,0.10386052401543111
12,2.4030815471586493,0.8301484579308465,-2.0028567623890865,0.058144481442184315
13,2.3092901978695863,0.6711161876808092,-1.9926735967128053,0.027076172641500307
14,2.3032685551813756,0.5920488971428597,-1.7973444219188366,0.0037460660860233475
15,2.388566908409871,0.5036078656785037,-2.1162658945662685,-0.015999591696072457
16,2.3305835064757616,0.6337876404242024,-1.704595619484607,-0.03474844839581692
17,2.3372551801823533,0.45468198027523954,-2.345424311904594,-0.03242319238603386
18,2.5064054437075924,0.9864032000465954,-2.3963414595309587,0.0020200522839672885
19,2.6178584005939456,0.9218535315612826,-2.1565437500304085,0.07850237576900554
20,2.5443643627709776,0.676164290127673,-1.902984325505713,0.08701292105291714
21,2.624590209762289,1.0257774050928106,-2.260604858350547,0.13191416697048908
22,2.706559010037097,0.9472676666115944,-2.5317086118596563,0.08882230078785369
23,2.8219169661081764,1.2445207596950638,-2.4482199373172335,0.08734865587848617
24,2.841429038388469,1.0799605805297574,-2.3561841011132287,0.04853399163141603
25,2.8590320468995287,1.0220097735286515,-2.769195340021554,0.003397118633131413
26,2.891728125069278,1.2040541686558868,-2.66035589285093,-0.0362688274645393
27,2.9923954454270074,1.3936514425189728,-2.710947621746584,-0.04935451443293459
28,3.1619053413255074,1.600953181170155,-3.134344712909865,-0.04545683914795973
29,3.1331626763477516,1.4301115902430297,-2.8269203511368772,-0.025044984636338086
30,2.9821585059293625,1.2910958092263911,-3.1093206550554697,0.040849716759908006
31,3.1464654612466916,1.4057456005161555,-3.000483401553552,0.09119104367539421
32,3.0823703369480313,1.4320834764591268,-2.7629321320738285,0.14640062700590306
33,3.2518132747522372,1.5958290121657228,-3.094948191089074,0.15289202320661843
34,3.4021176899375973,1.8074956750616593,-3.2746066946733094,0.10876194649733861
35,3.40173172791566,1.7891198869612879,-2.7678924993574157,0.049258547420606646
36,3.0934460132459662,1.2405854424073937,-2.652853300822102,0.017187023821009006
37,3.2782769216727843,1.3900381762730945,-3.506284269333875,-0.015966737710186862
38,3.3769536170646575,1.7049641785826282,-2.9976729506522446,-0.04107220733931172
39,3.268866081899091,1.6665111221466304,-3.1341269481283405,-0.03498341491774681
40,3.2878798415469532,1.4622915811663688,-3.3346958502291955,0.006014195819830093
41,3.644959980317651,1.8143788014884592,-3.6535119437392325,0.05384904840292393
42,3.784743579820315,2.289728532120506,-3.4425205898378834,0.057636606854146066
43,3.419374568418448,1.7084009328563639,-3.057700667121509,0.06487182834365512
44,3.4672813780774163,1.7468622987147455,-3.6022103925740225,0.07625128439474338
45,3.5381618920590086,1.6007564072776859,-3.292087183577806,0.03939629551962298
46,3.593920787528816,1.833734420482017,-3.2678426321369756,-0.003762826550769205
47,3.6995281696196116,1.8566792307528317,-3.5532656897593,-0.0298359413268372
48,3.6302026453011536,1.9062876637421766,-3.327302685669693,-0.040924479680541026
49,3.5913643821209007,1.7178647220553387,-3.118029681890789,-0.044145071943887615
50,3.6604600379005205,1.8718511710170276,-3.7419317365714164,-0.03570625990903409
51,3.7880722587065065,2.047165824227534,-3.647023511679535,0.014776000061090144
52,3.613014050274046,1.913952772185496,-3.4115675084233743,0.06654026144502723
53,3.7022718412080735,1.9562890225912497,-3.4543704949009424,0.0957651275761009
54,3.8040079169710452,2.160425317645746,-3.7974899220106124,0.08951232712018964
55,4.0831804146412765,2.2291567426299252,-4.068543007314517,0.05732351609287889
56,3.9830836961219234,2.205626657889013,-3.6541281230805254,0.014025626847399053
57,3.9341682488302467,2.195628789255153,-3.6666815885619854,-0.0011619417290944511
58,4.043416136703854,2.1866678656121508,-4.205995909846536,-0.0215741325680483
59,4.172531814327783,2.4602962931485024,-3.555169317895235,-0.0448627477275636
60,3.9872109126831106,2.178244543217801,-4.019467719066256,-0.05399984371149458
61,4.088387080638995,2.0667703692154475,-3.9604079452960548,-0.06318653138265518
62,4.0107644796975706,1.9889238565119172,-3.6287515843679046,-0.05413987861044234
63,3.9625792317067408,2.285629377604465,-3.6263849431169746,-0.022083497846324462
64,3.998279951551922,2.0319464690875577,-3.8368509227146035,0.018741257509589104
65,4.0934113573561035,2.3327892424148047,-3.7696041680891597,0.04464560398929507
66,4.066732490866173,2.0418186108997816,-4.160361135354236,0.04290861051339334
67,4.237068003321099,2.303975420222315,-4.184483975596649,0.047117298442401534
68,4.423423138131,2.5990709992431107,-4.122682897456002,0.02480050551878321
69,4.390679407597133,2.4919043312525844,-3.795836661325623,0.006739390369489229
70,4.34142691806403,2.292885873700385,-4.0691254288222325,-0.031175441757682165
71,4.25746579299738,2.4860772398581616,-4.029135356566869,-0.055675199412007714
72,4.248709166694994,2.3379293873023244,-4.260457203788192,-0.059816256935960155
73,4.309611474349765,2.381740483828821,-3.940200169184706,-0.056667603911705555
74,4.195233514647953,2.3658633791636987,-3.8940058821328734,-0.028880874890035102
75,4.2219042676157414,2.358041148780245,-3.6000759421359163,0.026266511738299414
76,4.433799756100882,2.6025329195614972,-4.012067130441636,0.060189758009698835
77,4.326957883139869,2.6722564463449316,-4.0242495580836675,0.1144846450799264
78,4.226243384794316,2.5236444344749884,-3.9502839411330797,0.10168521701638156
79,4.332217596835619,2.45253389739608,-3.917120042967966,0.06149897603881982
80,4.337831708405247,2.253787310942613,-3.9796740134724615,0.017986102137115267
81,4.556098069671691,2.8179953445016395,-4.478000199829808,-0.015737849158085737
82,4.582467389421254,2.9520722653775806,-4.124414794853138,-0.03094526759105065
83,4.351987281048082,2.905108469287171,-4.117953362880925,-0.04420356325783814
84,4.299402412805364,2.4669450489008113,-4.280114929418531,-0.028977702972667885
85,4.406958003971965,2.550468893464455,-4.0267564159833995,0.004072106271678422
