,tas,rlut,rsut,rsdt
0,0.6017862323416239,-0.9026273683801662,0.07583241674569763,0.10782250828975748
1,0.6605707495326101,-0.34366119123509975,0.27627056868129785,0.05309901441512466
2,0.5583711698204752,-1.0348345624909427,-0.02311457619542523,0.019713322848247117
3,0.6541030686800013,-0.7664730863339742,0.12557103634972577,0.011157923995881447
4,0.7111939580917124,-0.7566558117071907,0.053463430363350994,0.010426323531874004
5,0.803630276097806,-0.5799807738225979,-0.08644338495348336,0.03566712351272372
6,0.8914252845796682,-0.5303234293548087,0.34256607509082926,0.09100250821410327
7,0.7958009056617357,-0.3640413426551561,0.35983946304152425,0.16358283774951587
8,0.659218959047621,-1.153979438628653,0.23303848969288765,0.2089011702590824
9,0.760965020201013,-0.23649900649260758,0.4383948055276363,0.23141659674519133
10,0.8278720419272645,-0.5849365036059737,0.6755762540760344,0.186382142237278
11,0.7412835184666733,-0.9782704974593912,-0.13280240497978468,0.13780847871367996
12,0.8848497598793301,-0.7995566523747755,0.15331359163678826,0.09210750383505228
13,0.7431622759991683,-0.16312902430306053,0.7703778219935771,0.07549412242588005
14,0.6693597609897779,-0.21541762382022966,0.3979616108045576,0.03719126119796101
15,0.625177445655595,-1.4263178596491457,-0.4824896445052076,0.017433557332481087
16,0.9717852972581227,-0.9400717960508587,-0.12267992979586495,0.002598324533721552
17,1.0006602125751556,-0.6537563816590648,0.6494181665261323,0.017558257203404537
18,0.8880580784324934,-0.17874290438513185,0.7111615882312918,0.05039098266695419
19,0.6960409682912427,-0.17987060258178644,0.873328550783441,0.11261399048413523
20,0.7498315160643187,-1.3513340017680946,0.022357468185731477,0.1329710317341437
21,0.9579398315603385,-0.8162004219741732,0.22052096109827346,0.1640531783347683
22,0.8957913795936179,-0.8962510421569903,-0.3683672228132764,0.1332801495322542
23,0.8925068250713366,-1.1794628600106023,0.45297469627725206,0.12273743871389797
24,1.0334424051702058,-1.1479521537422102,-0.31658586723054327,0.08129885479269205
25,1.2008756329399262,-0.5265777622303176,0.25167727751201596,0.04519423592410021
26,0.9710270526779254,-0.9755479312964042,-0.2567284613523668,-0.0004267948586402781
27,1.0776880590764222,-0.9099798324687356,-0.12770096919486207,-0.012965128559585537
28,1.154156171753698,-0.8276929286672896,0.108743160430393,-0.007381268514450312
29,1.0302229298818588,-0.3514600370281755,0.33369816539365615,0.029187024537463913
30,1.0770693455514788,-0.6317846405754324,0.3433188263912541,0.08206060018460448
31,0.9813181596914546,-1.4963193168116504,-0.2187921575075933,0.13378456593255805
32,1.29217688387223,-0.6947247276855819,0.4640701318892013,0.18060579950446254
33,1.2210150323588778,-0.9086827077217094,-0.015989256769827875,0.19522580804454037
34,1.235459165713337,-0.8279105346602762,0.42743546201242566,0.1453756713597727
35,1.1821747299902654,-0.8929173271501156,-0.12035874428714521,0.08561166401744913
36,1.4635359384300273,-0.550600047462467,-0.1915164749060665,0.048295081240269155
37,1.5173362382351456,-0.2555711734129318,0.24352130295697805,0.027255041963371696
38,1.398893379884953,-0.6399412272545248,-0.22785022289654933,-0.001009499664348823
39,1.3816828022388563,-0.8886905148859228,-0.5549579873075032,0.007607344667007965
40,1.4164462305838583,-0.7127117451755964,0.38503355437377706,0.04546559068791112
41,1.3294264827262054,-1.0517918314441204,0.6640921251374152,0.09773552072755365
42,1.3846265225269008,-0.8545661877332975,0.3330685556266104,0.0974859855654131
43,1.4782601068828853,-0.984805186087641,0.06998035306899908,0.10501788383800204
44,1.5340709891833626,-0.66910847041936,0.05349392653107543,0.10517201358368311
45,1.4146606585325117,-0.7514107827597911,-0.469364277422045,0.07918901228720188
46,1.599677796542494,-0.6627553842609188,-0.029673510354797372,0.034357156213104645
47,1.5677446037416303,-0.44056821228681997,-0.013539635689184593,0.006420415436593885
48,1.5239127360109137,-0.9184562300744687,-0.7205676794262814,-0.005506395770225936
49,1.667214382284726,-0.5802423085669375,-0.04454877254454459,0.0009617271913384684
50,1.5940200137765714,-0.6544968221876957,0.011908313624687139,0.007915629101375998
51,1.633813421135926,-0.527244644522824,-0.10065227106319696,0.057276559959859696
52,1.5917037409333261,-0.702350891848937,0.3265250410940297,0.10509993241169013
53,1.543195799086618,-0.8754738520059107,-0.14453029658179162,0.14012517052105977
54,1.6528432467034122,-0.5430342058939743,-0.28325865587397914,0.1223549974369007
55,1.7252638945718104,-0.4411380928834774,-0.36987995160636444,0.09237628102954432
56,1.7299935732075369,-0.6776014647273598,-0.007640128832548498,0.05282035069041058
57,1.828528179452121,-0.4147856654654447,0.157925524493308,0.038119242203379144
58,1.749021564191139,-0.5684219736927218,-0.5180535577248406,0.011775567007362042
59,1.7837383918281944,-0.5175361337576021,0.13232375575192634,-0.008632592222397761
60,1.758051733257787,-0.5039692936168194,-0.6445114094418471,-0.019799939936149258
61,1.8393557162750653,-0.2944144265307216,0.10578323459701267,-0.01761483726215829
62,1.6140211107996265,-0.9896334043611148,-0.2732802048709715,-0.014076448046921541
63,1.765482189047816,-0.5030453763743026,0.15472614201935642,0.018623903403465647
64,1.5503910617986207,-0.14728085055116935,0.3487991498341927,0.05481914848911629
65,1.7200580995483392,-0.7633970672586088,-0.10126431988409479,0.0889219888883872
66,1.6208205372699922,-1.0776911054035736,-0.29250047995388684,0.08495626990878691
67,1.893169493751202,-0.3652408461697121,-0.07222274977131349,0.08067167776988526
68,1.6639346903145906,0.15171568339900432,0.48660095077205767,0.057879300928789235
69,1.5879380064017141,0.16487429512187646,0.156465613572351,0.047866084021109145
70,1.53122747767992,-1.1718669972702287,-0.9235407276986507,0.0027147103425591013
71,1.8242767391693064,-0.7862681808720708,-0.8538674442530834,-0.02029479308612281
72,1.9527055835301326,-0.07942146471134492,-0.03701936009768758,-0.0242750775352647
73,1.6559944655723484,-0.07729210463790537,-0.43892429158879054,-0.008872346492637462
74,1.7503828269118458,0.20499481588200297,-0.5278707991109854,0.013736566901798142
75,1.7726940622379175,-0.5322751292667931,-0.08966127457613027,0.06336437900910141
76,1.6603634671561167,-0.9491722279828423,-0.36894320759479626,0.10641423530654492
77,1.7926577527263134,-0.9254920382450962,-0.28274220140605166,0.15676243618861463
78,1.7700632413684616,0.22015115963819198,0.6922245018344881,0.1328481343453518
79,1.598815354322653,-0.27294963415462803,0.32757242128219843,0.09341291297550924
80,1.7250164407618627,-0.7141441976804401,-0.36986823076807696,0.05697428420205597
81,1.812249087932912,-0.8577504805139142,-0.41236764373232404,0.02940257641654398
82,1.9388691148075168,-0.2668271900892307,0.2245400550380765,0.003442113533083102
83,1.7994723055791155,-0.9273954273686797,-0.6579492993145806,-0.005560782214388382
84,1.69689420343326,-0.09427582442992843,0.5867576560609677,0.012078905730959377
