,tas,rlut,rsut,rsdt
0,0.02095241439167239,0.03168136589690107,0.09860567327723402,0.02998303174092598
1,0.04780798327442426,-0.020859377683819957,-0.27449795050516457,0.01954404079674532
2,0.037075518912445204,0.0023969337780442856,-0.16218566060904038,0.017614729179740607
3,0.15013067586755824,0.3729137478087807,-0.3614835260995193,-0.0011629736109739497
4,0.13346385923671278,0.36060443108982554,-0.3448385426365803,-0.028893700563344282
5,0.10017149144016457,0.3636549552465169,-0.08505113106663487,-0.04557315127374295
6,0.09860890119648502,0.13767468976416808,-0.34363606051071827,-0.05028209016063556
7,0.0886492918070303,0.22939217296536185,-0.225361664537715,-0.038212612383290434
8,0.13653066770598343,0.2540178433729636,-0.2889378136045764,-0.005486773092457042
9,0.16336370672803469,0.23024230335605012,-0.15385574905587873,0.022653146533116342
10,0.07367892179058799,0.25921795795972,-0.25245438697713496,0.04354234907367527
11,0.06840179970402005,0.0028782588977946943,0.4383146573961909,0.038790732908069
12,0.00038862923889837475,-0.18568782099308123,0.5879294621510525,0.015410370368613258
13,-0.008387110363059946,-0.40101285083096627,-0.06932537629080571,0.001059377379988291
14,0.10485669006391163,0.22419317272590433,0.014636326652649245,-0.01329631819169208
15,0.12031228602967303,-0.11648895392326608,-0.3067727683979058,-0.023688670151784663
16,0.06859043003890974,0.08345708789471473,-0.22146247666641727,-0.029482151764796072
17,-0.06692353840088572,-0.08565670740355813,-0.18950461815551023,-0.03793006653222619
18,0.00761907183027688,-0.060925987625381595,-0.39707928674644677,-0.01899249311730955
19,0.20524373905095672,0.29505768396583676,-0.14649347650144762,0.015615793578604098
20,0.19138138276269956,0.44539123705425254,-0.15560173792371756,0.01849951356200563
21,0.1329462889393085,0.4168085926917229,-0.2801278406773804,0.03960369894878113
22,0.1355307996340116,0.16954936278017385,0.07174469311577525,0.027696189093433077
23,0.09568297993644137,0.13450711458466458,-0.20067310618446754,0.009688864621182347
24,0.17449525947341726,0.14740470405331507,-0.11898851621860729,-0.006384116278127294
25,0.1628347297976802,0.1560083432735837,-0.17089217661001044,-0.03755430818853256
26,0.12581755183549603,-0.11957844038977328,-0.23027981741047654,-0.051216280739708964
27,0.09610329477254709,0.07683561701693975,0.05232917403903059,-0.060302037090593785
28,0.1330368220869218,0.1091980057728108,-0.568228260809235,-0.07152982048546619
29,0.2886349575323379,0.4423207255785542,-0.23665048503526975,-0.06937479887977815
30,0.21097012444835173,0.04623848509541517,-0.1387904927851622,-0.04175416235227658
31,0.14922414254988325,0.12681875384541286,0.14364771179403135,-0.0034930097384631154
32,0.13420621878367456,0.11959539246848294,-0.23361743542038482,-0.013002183967046221
33,0.18413296835245774,0.28143919246213045,0.5270355557778288,-0.016965474700725736
34,-0.1789781506147392,-0.7558331899845143,2.0149220911491597,0.028008153079042586
35,-0.1289499643718841,-0.43598302603712114,0.9089756375767024,-0.0016545665489502426
36,-0.021289867363520898,-0.4367825506120937,0.14549848961162581,-0.03189883613225675
37,-0.046913266046487934,-0.2740780352102661,0.3548678375953216,-0.05231009543268783
38,-0.16016753478112378,-0.6205362069355544,0.12201143675268611,-0.061174563391546144
39,0.08539816172140036,-0.32607199181870783,-0.4083602080375499,-0.06324470258152814
40,0.18312467137053545,0.2595283713737615,0.4203256621133846,-0.05647690940730854
41,-0.11502642143068442,-0.29054285966216753,0.6706210556179286,-0.007091079384110799
42,-0.15851835407806902,-0.34888924839202673,0.49498136865807396,0.03385926328911637
43,0.008469530766319622,-0.2812326809455783,0.013774140335755192,0.06753987771128322
44,0.07968960997624208,0.16898673991934743,-0.03713479092481009,0.10426517532857815
45,0.06235993068003154,-0.3297943370718599,0.002271123496313976,0.06914061115327286
46,0.13442883898056834,-0.08804563243438679,-0.08134006420922901,0.016726834591509032
47,0.08829548697383416,-0.11888167190306831,-0.30191105894188297,-0.012714592001941583
48,0.1463472382624218,0.1135936993699147,-0.16876973285548047,-0.029579918908893887
49,0.15206388435410645,0.0691654880317003,-0.059734815270175545,-0.046604382219754825
50,0.10994615230680438,-0.1539466276857695,0.12173925025672361,-0.05738691869231616
51,0.09018106129963144,-0.07196270419191819,-0.017428222873618893,-0.07513543759324648
52,0.1343935818985642,0.07013327323568319,0.21519555058112871,-0.07063708895748277
53,-0.10235936100349363,-0.6520048876605244,1.0467981273834681,-0.03505524384519276
54,-0.037088723675310575,-0.4624819165012184,0.6011879083161062,0.029721595309695203
55,-0.021497780980041625,-0.24470803286473597,0.1493423935835949,0.001243642131555589
56,-0.009177145688056498,-0.4453628314915363,-0.04671209143118915,0.04944716097861601
57,0.07932609294346094,-0.29635256564773726,-0.029753431281378084,0.022356847884395847
58,0.14177620556051806,-0.14188233902899583,0.12366862335052531,0.037383806261857444
59,0.05462376971769345,-0.19103148613891108,0.1425616828335734,0.006962115830560833
60,-0.02045696212258008,-0.4210675891974347,0.1362123963946118,-0.018460872789887617
61,0.04280584230190243,-0.46486511186463986,0.11300261274251966,-0.053565910338875256
62,0.0008551513943189093,-0.5348484328158065,0.7405558722011278,-0.06696367919556678
63,-0.06266773429035766,-0.7361262346812509,0.8981538886210103,-0.06405529967332768
64,-0.014401853701201617,-0.4757049368937487,0.2992848732036464,-0.037093430297829855
65,0.11986671492667256,-0.39458257122350915,-0.002893701665129811,0.04035125210748447
66,0.2494621411907474,0.07295256209252443,-0.07983746582785045,0.10323077892365973
67,0.08776971103213782,-0.23791072252373624,0.0479970519701709,0.1447970708251205
68,0.12996603518206484,-0.2811026607648728,-0.0345853899494557,0.15196345680027434
69,0.30046582090989205,0.05581759431447608,-0.41419005108437545,0.08607383921764722
70,0.3035705256959318,-0.1553000392277113,0.10808706336840146,0.028814339282973833
71,0.37798606904942744,0.015676759960570052,-0.23717981778301578,-0.009496131537673591
72,0.44240202828194697,0.2448203359282104,0.05065332833758873,-0.044039514154519566
73,0.34607388555610896,0.11250398319410237,0.07637490780174971,-0.05277696776533958
74,0.2724137904167492,-0.1798058421715325,-0.19768043532259583,-0.037161849558344784
75,0.2882035041249651,0.06486509723669087,-0.28604891903096075,0.005018607044576129
76,0.2960574603666828,-0.04120246271446604,-0.16957656100187535,0.05780447495607177
77,0.40909354897917183,0.2289776032478983,-0.22198363783714115,0.10497214208754713
78,0.35204676440122284,0.16000157263380288,0.05899288866642394,0.07692437261749774
79,0.3445939293823699,0.15301210862438097,-0.11700173685041193,0.06160720466323255
80,0.2653611097674684,0.025151219424088822,-0.13743049720770273,0.058531231051972554
81,0.3238424943471614,-0.021289012360938386,-0.16062448692264297,0.016966460779656245
82,0.3164127469074174,-0.16675247262912762,-0.15957876974873386,-0.015224998583619254
83,0.48608732305535796,0.16528162348055275,-0.21519271504338633,-0.029232864932339453
84,0.47690107531326476,0.1338375130806071,-0.24925083524391312,-0.013675368185147363
85,0.45543338233648,0.269259297919092,-0.11048039827373657,0.0382878495374257
86,0.40734013978993744,0.13745083066959296,-0.09119690102856737,0.14978553781196524
87,0.32917596631364177,-0.08138638558821754,-0.11457144351339821,0.157326688100909
88,0.35519757594585144,-0.030502239315666202,-0.018435728454335276,0.13871588604166618
89,0.35536887984250143,0.027022501271318333,-0.31689585479280424,0.13007052814776898
90,0.34491072416665247,0.19668941159184783,-0.15578088569674264,0.09521597408240723
91,0.4327341801733837,0.08566535233674699,-0.08622565493446643,0.0627381854673672
92,0.49443219524243887,0.13198817626894765,-0.15662001822934712,0.026216326118742472
93,0.4341615438343638,0.4414988499737831,-0.2398242989949324,-0.010053703906123701
94,0.3909971430442738,-0.00816226511409468,-0.07890348158504423,0.0007520876123408016
95,0.33710497534582373,-0.26418994990800115,-0.08123091728039356,0.06834035098353297
96,0.35009812224188863,-0.12459318785485607,-0.265610800036967,0.1034448556379175
97,0.5424119303576163,0.33850129873025026,-0.21441283122823052,0.1918088733951322
98,0.4823090326082138,0.3257565826462496,-0.017184318058312442,0.22265979506806843
99,0.44299908770688035,0.04940195827299476,0.027505997454539965,0.19040768462099322
100,0.37694364851125783,0.06257594904761277,-0.000926043542079924,0.12642864665622255
101,0.4123906112415625,0.07820845906269369,-0.3859063304541479,0.04123459129044704
102,0.4794369798897833,0.008163211949010929,-0.09022015307108688,0.03596009234763642
103,0.4502986812343579,0.10910249914778092,0.09494226837290398,0.010667049248979765
104,0.2920965737237111,-0.20166783389026932,0.09162238748848495,0.011002034149896645
105,0.282939072781744,-0.09183599604085657,0.01319123045333015,0.06365105354171874
106,0.22201668049223144,-0.12942788054547805,0.3179732723247355,0.1834524586919315
107,0.22318258331114293,-0.2214019775351801,0.04264888845999337,0.2914705854613544
108,0.34374254868009757,-0.349019051034162,0.01572296397354478,0.30444834772305285
109,0.3788228971985177,0.028805883754756678,0.2196883444761255,0.24483862969759684
110,0.3866886651761092,-0.22533478777282312,0.0613736683121715,0.20109479336588265
111,0.4850000650907873,-0.1842426074499599,0.040301468377208494,0.1074070703133998
112,0.5060756861012692,-0.09938024432497627,0.14450972814353236,0.041787886039287514
113,0.4444087083200543,-0.18315774662229956,1.466311914524539,0.019486538985972857
114,0.26331095169314267,-0.8166712232077487,0.8809939005745235,0.009163914237149129
115,0.3289373951495236,-0.573882069075637,0.43633820882533314,0.01477500777144769
116,0.47668774037543926,-0.27369236270223496,-0.12357467309304582,0.0639298908732826
117,0.47808358945775353,-0.26687104858220323,0.08916907058279833,0.12794234458499432
118,0.5610097418800137,-0.0077671309523168475,0.2070539546171517,0.160002849798218
119,0.4877073878217857,-0.31610704662904254,-0.0901907948556584,0.1644908839051027
120,0.6181861703194045,-0.1686392398788712,0.08222009374071604,0.16781133762737
121,0.5042338545733287,0.011925966892960105,0.26953856703110546,0.11471329230766969
122,0.3357188639902233,-0.6668631764163706,1.3784808839150884,0.10940081106951993
123,0.3835898921068974,-0.5990689946469274,0.2620909383892496,0.05309070043529118
124,0.37533216395962654,-0.6642092075705364,0.35065795956082013,0.025909225175780648
125,0.41363165261287804,-0.53693977861127,0.379230089701835,0.02637117568008307
126,0.4618349411830991,-0.5011578171707356,0.2849635301163431,0.01762779893425659
127,0.5396738802174923,-0.5697254320088518,0.12069661106565377,0.07630981457907637
128,0.5339859258865545,-0.482151503977974,0.31184601959240865,0.16658409251158446
129,0.589261533223862,-0.3158119389002536,0.21330685069094102,0.24012604370892632
130,0.5587137425864626,-0.36560531290865583,0.39800041901584393,0.2273673225495827
131,0.586173012619156,-0.39477331223625356,0.4554050566607799,0.23288013922007167
132,0.5263846933802938,-0.665755076830493,1.4547673131961432,0.14746107737886405
133,0.21522635820952019,-1.7628313580643464,3.175928042904374,0.14202272853765407
134,0.39252525347541223,-1.1768270474459257,1.1718528414138234,0.04444435505291722
135,0.618396791331179,-0.7978781186311039,0.46653389801097944,0.010824873961439607
136,0.5872187673750204,-0.7187465262322519,0.7397291449476455,0.01453597009628993
137,0.5287018025054522,-0.8090461414019785,0.7221397510215581,0.03622465479185166
138,0.5148969866276616,-0.774562959842541,0.47898634937682516,0.1248139014525691
139,0.5752578979816576,-0.5945931211726645,0.3122141454167604,0.2440828645724764
140,0.690621706632669,-0.485055471777855,0.3152185121345923,0.22150339853624246
141,0.5774734173546676,-1.0561087822264312,1.6233800444022535,0.22103426483937483
142,0.3522806492749737,-1.7634409558329764,3.3997151633672047,0.17666097870460362
143,0.35810557480022,-1.738188535462882,2.074855457200968,0.0819122918196058
144,0.49934567607226654,-1.3363271613817744,0.6152132003800261,0.026157680675225947
145,0.6787896252632208,-1.1172148205367591,0.34614984441870433,0.014292826305734252
146,0.67271123434017,-0.849061497727746,0.21120087815963018,-0.009612716054789416
147,0.6867273524925395,-0.7633865230857282,0.2493133380872763,0.0229133883200916
148,0.6980508444053157,-0.8598240173948568,0.2998174908960749,0.11443689851012095
149,0.6976016282745832,-0.7168335051109693,0.2115985281451458,0.1818278854254345
150,0.8250592753501564,-0.8253012584299597,-0.07533893687853777,0.2302189588141914
151,0.9146881093232082,-0.45439571524664757,0.17750680548860487,0.21234732181324034
152,0.8216135564366027,-0.5009940413257254,0.26007098320006605,0.2203933155044524
153,0.774953701094887,-0.7604384072809296,0.47591408267294355,0.10151236991720225
154,0.7363587341789639,-0.7986687186903225,0.7225987160344829,0.04782952230124238
155,0.6923432166979069,-0.896633856728954,0.6984835502188389,-0.0023052937948477847
156,0.7654304961988032,-0.9112097296598165,0.5051289400801693,-0.01564382735716663
157,0.7629859787609803,-0.8655832763647311,0.144533482826958,-0.037811900220958705
158,0.7803004948358989,-0.8349429806510784,0.44028683552441805,-0.042908692739899834
159,0.8643777086941782,-0.8515160007546854,0.2854359924408385,-0.042756713528433465
160,0.8399013655275667,-0.8137426535479619,0.572407807863172,0.00039813247690290154
161,0.8168137690937556,-1.0712147648158918,0.1818459120035243,0.06707224162414605
162,0.9986821573213547,-0.6684132651888319,0.16570571191481065,0.0965696056126717
163,1.0454827802580553,-0.45215095510823744,0.12344531615384824,0.11112764174981749
164,0.9437888176652791,-0.7736738168070474,0.28052915803617395,0.1301890228578486
