,tas,rlut,rsut,rsdt
0,0.934243195795716,-5.647866337583082,-2.029679736067976,-4.929471174364153e-06
1,1.7885709218933243,-4.188640756928351,-3.077597636111605,-4.931210412451037e-06
2,2.3463047670285846,-2.684481375860287,-2.8785185362680465,-4.931210412451037e-06
3,2.7423211554714158,-1.8929524978524626,-3.290198458460466,-4.931210412451037e-06
4,3.01929358301237,-1.480137987025671,-3.195518225312071,-4.931210412451037e-06
5,3.344912840718962,-0.8440076686649434,-3.9026158458988505,-4.931210412451037e-06
6,3.5475512699296132,-0.20045429252084546,-4.121216445362805,-4.931210412451037e-06
7,3.8625000979881747,0.35578313445762433,-4.3026025683536915,-4.931210412451037e-06
8,3.8618797980533373,0.42710046210729047,-4.403438388298909,-4.931210412451037e-06
9,4.025890479115731,0.37147794318906335,-4.322576533735713,-4.931210412451037e-06
10,4.074659738625542,0.6659972667808916,-4.346129274444735,-4.931210412451037e-06
11,4.195360937180965,0.81119254767097,-4.540774570860421,-4.931210412451037e-06
12,4.211753161748788,0.8764719007867825,-4.48907605151858,-4.931210412451037e-06
13,4.340472998037171,1.1127439407749478,-4.41850893857746,-4.931210412451037e-06
14,4.476074085614641,1.607230927048164,-4.907866355597832,-4.931210412451037e-06
15,4.5415526978659955,1.531648362425301,-5.377050589336221,-4.931210412451037e-06
16,4.650542003054738,1.778692461718265,-5.504888245989349,-4.931210412451037e-06
17,4.731389831287913,1.8180021732970033,-5.325286929130414,-4.931210412451037e-06
18,4.876500095082974,2.1081716953035254,-5.338460179367004,-4.931210412451037e-06
19,4.931182954690144,2.576957008530883,-5.475122490836199,-4.931210412451037e-06
20,4.934357108995755,2.5415296126870714,-5.631714154511883,-4.931210412451037e-06
21,4.737850191109885,1.939073645906575,-5.809218202288108,-4.931210412451037e-06
22,4.913427234748724,2.2339068561461204,-5.676874379203568,-4.931210412451037e-06
23,4.991582766991314,2.44900419176912,-5.365080234154519,-4.931210412451037e-06
24,4.8949262871623205,2.751728588178679,-5.161493247523779,-4.931210412451037e-06
25,4.899268429631604,2.326368850755955,-5.732053268680858,-4.931210412451037e-06
26,5.054062549981552,2.9042165701904423,-6.006097482638907,-4.931210412451037e-06
27,5.221932992083623,2.7134707230693493,-6.078320579976335,-4.931210412451037e-06
28,5.174353742200481,3.0737780427732275,-5.487427830768311,-4.931210412451037e-06
29,5.10628439073605,2.6139360718690057,-6.293706677879541,-4.931210412451037e-06
30,5.259243178694078,2.8678849714586363,-6.080527447308754,-4.931210412451037e-06
31,5.170195502615343,3.2361435733445205,-5.649552413373144,-4.931210412451037e-06
32,5.267588691962317,3.126555900940531,-5.8978090997248955,-4.931210412451037e-06
33,5.17850153158156,2.868665313895889,-5.745396210684589,-4.931210412451037e-06
34,5.251011243990831,3.2993516340120266,-6.121964895709354,-4.931210412451037e-06
35,5.308170086591645,2.9823313153700894,-6.614598036750479,-4.931210412451037e-06
36,5.431537791577398,3.5742624276332435,-6.099945940681891,-4.931210412451037e-06
37,5.394019679243797,3.0062400100102877,-5.987384230730427,-4.931210412451037e-06
38,5.357063014180767,3.442381087864476,-6.094905849489834,-4.931210412451037e-06
39,5.38000468307564,3.1516439253182114,-6.131059637249436,-4.931210412451037e-06
40,5.537159853619983,4.056536711903249,-6.938980657723505,-4.931210412451037e-06
41,5.454049808819491,3.691145441990386,-6.365937896616032,-4.931210412451037e-06
42,5.494151488043769,3.4880128332877973,-6.76470816952542,-4.931210412451037e-06
43,5.595990442271443,3.625562566754212,-6.773535906244476,-4.931210412451037e-06
44,5.703947645095127,3.849456962448272,-6.675839973534636,-4.931210412451037e-06
45,5.754395157952217,4.253454516274047,-6.81778040315416,-4.931210412451037e-06
46,5.605052435168943,3.7346102252486446,-6.722283494224641,-4.931210412451037e-06
47,5.814273092784276,4.179497526314947,-7.114364895668672,-4.931210412451037e-06
48,5.695899567207334,3.956494132914713,-6.558933778941508,-4.931210412451037e-06
49,5.669408416302986,3.7971718927047675,-6.467208620983271,-4.931210412451037e-06
50,5.73236156595442,4.259035997275362,-6.523030915898758,-4.931210412451037e-06
51,5.618297895860792,3.767438286062344,-6.6296792110839675,-4.931210412451037e-06
52,5.753357029547601,4.136934469049862,-6.277491220045135,-4.931210412451037e-06
53,5.670868666386241,3.77100044146394,-6.859384010524579,-4.931210412451037e-06
54,5.65845443338776,3.8834745599857854,-6.660684442341278,-4.931210412451037e-06
55,5.765250807465691,4.04420591820201,-6.713884248416647,-4.931210412451037e-06
56,5.843838135140288,4.295465215088257,-7.205567861991781,-4.931210412451037e-06
57,5.890023612138748,3.978725153180676,-7.075715570345196,-4.931210412451037e-06
58,5.92497952860856,4.805610314964184,-6.961342176718617,-4.931210412451037e-06
59,5.772152468030924,4.279581449523306,-7.010655786706494,-4.931210412451037e-06
60,5.833191643862563,4.16116510074545,-7.023063881301269,-4.931210412451037e-06
61,5.9669303830438025,4.605813565079444,-7.036602003844237,-4.931210412451037e-06
62,5.919338952179146,4.388294509613644,-7.544415070270645,-4.931210412451037e-06
63,6.023406101133787,4.687547593673372,-7.4129940863496415,-4.931210412451037e-06
64,6.04617410255662,4.465021247583877,-7.652135319134317,-4.931210412451037e-06
65,6.16925567707267,4.87038619815371,-7.441016559792573,-4.931210412451037e-06
66,6.112193572675608,4.675789965044345,-6.996920069050617,-4.931210412451037e-06
67,5.905475961088996,4.8298946892420815,-7.312190563155994,-4.931210412451037e-06
68,5.953907036351495,4.449522473482716,-7.010692649052785,-4.931210412451037e-06
69,6.054525646794161,4.367410880425098,-7.192947656812706,-4.931210412451037e-06
70,6.103477376949797,4.8094574971069335,-7.277963653061619,-4.931210412451037e-06
71,6.044945872946755,4.854555577197715,-7.265978680950866,-4.931210412451037e-06
72,6.104960787354628,4.739377947948981,-7.445376050666198,-4.931210412451037e-06
73,6.184737279929436,4.952163333192516,-7.668791301609431,-4.931210412451037e-06
74,6.193889744704563,4.764817149657517,-7.294179468338513,-4.931210412451037e-06
75,6.247350704751113,4.994004629286195,-7.407381187412,-4.931210412451037e-06
76,6.151190011855476,4.87308062071142,-7.473605787652048,-4.931210412451037e-06
77,6.230817274203389,4.536026310259757,-7.519354941273733,-4.931210412451037e-06
78,6.281325392266581,5.004711973219571,-7.551845782797372,-4.931210412451037e-06
79,6.24276392160516,4.645173421410647,-7.471842609240554,-4.931210412451037e-06
80,6.333489964901219,5.372020540089068,-7.589120547123116,-4.931210412451037e-06
81,6.337767214072244,5.0218442215324615,-7.663124680962682,-4.931210412451037e-06
82,6.185092229311124,5.065243551063361,-7.291734193685585,-4.931210412451037e-06
83,6.288563802576903,5.008136644498791,-7.908530846364542,-4.931210412451037e-06
84,6.455979512830197,5.4047313948491364,-7.907579695983486,-4.931210412451037e-06
85,6.386590681536859,5.686073350499186,-7.7508386003242435,-4.931210412451037e-06
86,6.401182396196873,5.309650218737147,-7.941558196735556,-4.931210412451037e-06
87,6.441597138987731,5.348842789044625,-7.5800078368399255,-4.931210412451037e-06
88,6.3941877566539915,5.621831481725906,-7.744685406629884,-4.931210412451037e-06
89,6.411703057943612,5.120986502868703,-7.524141144204421,-4.931210412451037e-06
90,6.457394160935166,5.782916969744292,-7.952866067516652,-4.931210412451037e-06
91,6.364954699378018,4.882195054386699,-7.835260006155167,-4.931210412451037e-06
92,6.496217237139433,5.4775261797142605,-7.829758403599172,-4.931210412451037e-06
93,6.480026685962571,5.689792872499538,-7.777306452054617,-4.931210412451037e-06
94,6.556472329246901,5.371770849713556,-8.058720559945414,-4.931210412451037e-06
95,6.575003947759228,5.730071973379353,-8.012199667033187,-4.931210412451037e-06
96,6.5460634410761145,4.996609102680878,-7.935551797533648,-4.931210412451037e-06
97,6.668023137661237,6.036160363629762,-8.346602783815342,-4.931210412451037e-06
98,6.645052161589319,5.357637721966711,-8.058704364389257,-4.931210412451037e-06
99,6.675713229973155,6.324277307755295,-8.117035177426956,-4.931210412451037e-06
100,6.459784673334241,5.142374252723187,-7.691739973549971,-4.931210412451037e-06
101,6.706653811619958,5.83276264940406,-8.402777682447592,-4.931210412451037e-06
102,6.670578784823931,5.53255655256558,-7.858004546493376,-4.931210412451037e-06
103,6.707171260415748,6.06249961971983,-8.196070939251783,-4.931210412451037e-06
104,6.848365602953322,5.869389191150418,-8.167984327758504,-4.931210412451037e-06
105,6.809346375826124,6.118718102570142,-8.04081769558232,-4.931210412451037e-06
106,6.8089369970333,5.796055660416954,-8.428859100925166,-4.931210412451037e-06
107,6.791946270689721,6.04186624237056,-7.935005613123366,-4.931210412451037e-06
108,6.7307556431075,6.112806383027333,-8.178006769712795,-4.931210412451037e-06
109,6.732868335504179,5.719342520769203,-8.40495376066427,-4.931210412451037e-06
110,6.793395367874382,6.129075451811673,-8.216931952056171,-4.931210412451037e-06
111,6.808766535530879,5.7343997721013125,-8.179390819401632,-4.931210412451037e-06
112,6.9677029223820455,6.155638366425279,-8.755958003174243,-4.931210412451037e-06
113,6.882092822979132,6.326265295619351,-8.62389293154618,-4.931210412451037e-06
114,6.906669442923828,6.086638181966322,-8.752218165185866,-4.931210412451037e-06
115,7.018997655916678,6.281074329005463,-8.988941286421934,-4.931210412451037e-06
116,6.969486879121234,5.913216053760266,-8.54120094028336,-4.931210412451037e-06
117,7.177502146077302,7.122008936025338,-8.632201512304349,-4.931210412451037e-06
118,7.028422801557724,6.170763111054981,-8.43517761688058,-4.931210412451037e-06
119,7.096171942634271,6.171117558599633,-8.466300002482669,-4.931210412451037e-06
120,7.113303957315225,6.4249118880117635,-8.717827216402142,-4.931210412451037e-06
121,7.052701076616586,6.539175487113511,-8.35365648968697,-4.931210412451037e-06
122,6.957773890269493,6.467574713083565,-8.594171649174896,-4.931210412451037e-06
123,6.999517556700482,6.624833763861403,-8.507805076346301,-4.931210412451037e-06
124,7.083849276533897,6.454340444699284,-8.920560611427959,-4.931210412451037e-06
125,7.085260613181788,6.738378585303678,-9.277891027837796,-4.931210412451037e-06
126,6.994422117693034,6.454522855042455,-8.675392847457516,-4.931210412451037e-06
127,7.037374042588681,6.3067396657696975,-8.596768267059659,-4.931210412451037e-06
128,7.215802697239212,6.823993268449101,-9.122303940140597,-4.931210412451037e-06
129,7.217242210756126,6.886063321598954,-9.181581663944428,-4.931210412451037e-06
130,7.1439589748431445,6.708901585883154,-8.568317721517957,-4.931210412451037e-06
131,7.295015249791618,6.86390078501276,-9.207058022668178,-4.931210412451037e-06
132,7.252099737564208,6.741399081164786,-8.953805830759975,-4.931210412451037e-06
133,7.241818060618414,6.664323222798714,-9.151236748416466,-4.931210412451037e-06
134,7.47965132412952,7.302178249473059,-9.142613546237243,-4.931210412451037e-06
135,7.374077888405338,7.267044151007866,-9.15037579903779,-4.931210412451037e-06
136,7.269426326357689,7.017680592861296,-9.035924340842442,-4.931210412451037e-06
137,7.27145581701393,6.725149844574759,-9.180548034488723,-4.931210412451037e-06
138,7.430606409883353,7.0652640111770495,-8.98544264091295,-4.931210412451037e-06
139,7.390069110119043,6.764622739445855,-9.00620751342862,-4.931210412451037e-06
140,7.468153943330037,7.576339338372378,-9.15945285269099,-4.931210412451037e-06
141,7.3876576019933395,7.240719052039452,-9.380618890031258,-4.931210412451037e-06
142,7.4607247473337,6.881490263935802,-9.323165137146773,-4.931210412451037e-06
143,7.513164706678992,7.288504797322588,-9.37687804822643,-4.931210412451037e-06
144,7.476898038324293,7.465587245435188,-9.021284469217264,-4.931210469294456e-06
145,7.414015615434323,7.320083302137959,-9.796722422777506,-4.931210469294456e-06
146,7.434518937722373,7.263911866212396,-9.417937090852291,-4.931210469294456e-06
147,7.486215006035479,7.332081491899629,-9.51666182665835,-4.931210469294456e-06
148,7.561062822320025,7.299812251826864,-9.33164197264432,-4.931210469294456e-06
149,7.576948474185485,7.093648548131625,-9.474170444823741,-4.931210469294456e-06
150,7.598902794182948,7.464777825943088,-9.649180248891938,-4.931210469294456e-06
151,7.534868630253868,7.618838308894738,-9.131460640979185,-4.931210469294456e-06
152,7.641139693531443,7.647819024230415,-9.575072479670936,-4.931210469294456e-06
153,7.620029976722776,7.371434240199022,-9.290150148491378,-4.931210469294456e-06
154,7.60131802195076,7.553535507699621,-9.732905224507363,-4.931210469294456e-06
155,7.595443192631365,7.629548269539299,-9.609557224178829,-4.931210469294456e-06
156,7.715774203266676,7.293579616940491,-9.603181203681459,-4.931210469294456e-06
157,7.649141860628447,7.815786638694675,-9.48091984305303,-4.931210469294456e-06
158,7.616680254143262,7.452689551789177,-9.600739251517524,-4.931210469294456e-06
159,7.626050739063089,7.784639331305044,-9.881107357652965,-4.931210469294456e-06
160,7.6024950081408065,7.568572452641462,-10.121219839103247,-4.931210469294456e-06
161,7.594873148929366,7.5122321809753885,-9.645538065887436,-4.931210469294456e-06
162,7.700069904261056,7.543366308590265,-9.953897625911381,-4.931210469294456e-06
163,7.813730834585385,7.470995769508249,-9.550732652923273,-4.931210469294456e-06
164,7.8613329704819535,7.947097011586067,-9.658600513956273,-4.931210469294456e-06
165,7.8351867611263515,7.623473246175877,-9.545402691471665,-4.931210469294456e-06
166,7.833645183613669,7.901347941664568,-9.671715235275158,-4.931210469294456e-06
167,7.805123070392199,7.605148549229398,-9.713905686558448,-4.931210469294456e-06
168,7.903124132854373,8.124831519021512,-9.655853152937837,-4.931210469294456e-06
169,7.802322426267722,7.902547039378447,-10.150486729697192,-4.931210469294456e-06
170,7.878429236363047,7.6203170975675505,-9.65852389475738,-4.931210469294456e-06
171,7.921655638460436,8.160936835337054,-9.79044568413316,-4.931210469294456e-06
172,7.788988784752064,8.128318291870897,-10.102802919561597,-4.931210469294456e-06
173,7.749880724138222,7.916154780697525,-9.747297499391465,-4.931210469294456e-06
174,7.838166076724349,7.957173776081021,-9.7538090644735,-4.931210469294456e-06
175,7.9398300614279265,8.06331640159405,-9.947401087337823,-4.931210469294456e-06
176,7.942903232643403,7.966063195265917,-10.165218917172467,-4.931210469294456e-06
177,7.938151934563734,7.900191943908737,-9.914583991933284,-4.931210469294456e-06
178,7.926579527054571,8.62111901604743,-9.869925142350525,-4.931210469294456e-06
179,7.8395875335857,7.747670261133123,-10.05574044755295,-4.931210469294456e-06
180,7.965633858794888,7.603470247749357,-9.817641626013256,-4.931210469294456e-06
181,7.881285777771723,7.770542437462808,-9.751124421774946,-4.931210469294456e-06
182,8.021852542395152,8.37194951232334,-10.013941918255568,-4.931210469294456e-06
183,7.881278259059627,7.936940717665863,-10.0854233087492,-4.931210469294456e-06
184,7.972651592097691,8.328270573853814,-9.782864587619613,-4.931210469294456e-06
185,7.836614960731765,7.970146073686976,-9.685643436792105,-4.931210469294456e-06
186,7.9928477012229,8.226930739634952,-10.011048539197375,-4.931210469294456e-06
187,7.8870680286269135,8.280702925781554,-9.979322549298658,-4.931210469294456e-06
188,7.824425285487223,7.996539487322053,-10.218368036445526,-4.931210469294456e-06
189,7.92096786687415,8.185942938955066,-10.244204989454488,-4.931210469294456e-06
190,8.052516881466772,8.056989656374412,-10.080187962187495,-4.931210469294456e-06
191,7.978749852150486,8.242940047777097,-10.121147495799462,-4.931210469294456e-06
192,7.93984443554956,8.332991229833254,-10.219788071040696,-4.931210469294456e-06
193,8.018437512576782,8.19632322833948,-9.978966065192324,-4.931210469294456e-06
194,7.998311818424099,7.936952692125487,-9.889592589235221,-4.931210469294456e-06
195,7.951523325615199,8.447991342232655,-10.074858301246337,-4.931210469294456e-06
196,8.10539770317746,8.182287239521514,-10.52029218776947,-4.931210469294456e-06
197,8.125232699493608,8.882096523757326,-10.07078999021634,-4.931210469294456e-06
198,8.044023075009022,8.468606388860621,-10.580642656043423,-4.931210469294456e-06
199,7.997745244341672,8.20966450349195,-10.654895056074452,-4.931210469294456e-06
200,8.036119663781903,8.54293488003455,-10.40994343886699,-4.931210469294456e-06
201,8.002413555861551,8.165454575707173,-10.32484875694476,-4.931210469294456e-06
202,8.127236403579502,8.370808865618756,-10.33121189405992,-4.931210469294456e-06
203,8.161529683804588,8.301265421998636,-10.48456791152482,-4.931210469294456e-06
204,8.242044734660851,8.268843614648063,-10.340873684496671,-4.931210469294456e-06
205,8.20022250594468,8.845546619570143,-10.573122046182846,-4.931210469294456e-06
206,8.166136388405278,8.690263344286365,-10.30823596029748,-4.931210469294456e-06
207,8.147215432302858,8.185315409601913,-10.458719184900119,-4.931210469294456e-06
208,8.236288885308,8.58303524212107,-10.314410897879938,-4.931210469294456e-06
209,8.333939888589839,8.639438764763298,-10.484726121538301,-4.931210469294456e-06
210,8.208788249911663,8.383022063006592,-10.188124782451183,-4.931210469294456e-06
211,8.25876734465038,8.92042540964573,-10.30208242548511,-4.931210469294456e-06
212,8.189644339179608,8.446977867297278,-10.334427900573175,-4.931210469294456e-06
213,8.243710573879014,9.193810954928011,-10.316959349232988,-4.931210469294456e-06
214,8.205646485398006,8.525033033900456,-10.675657832218675,-4.931210469294456e-06
215,8.307374472788297,8.90846039543078,-10.583312932836122,-4.931210469294456e-06
216,8.304040793372963,8.800553499848604,-10.66026411357285,-4.931210469294456e-06
217,8.404112845808925,8.808997016683719,-10.526872815208122,-4.931210469294456e-06
218,8.302553956517613,9.059132940216045,-10.455852083366977,-4.931210469294456e-06
219,8.345051008471614,9.024321153342612,-10.776480026038385,-4.931210469294456e-06
220,8.257863305505452,8.90476535739694,-10.845548617029394,-4.931210469294456e-06
221,8.24811023006555,8.725134069414366,-10.61476630424852,-4.931210469294456e-06
222,8.392936081781784,8.574933437131648,-10.482264518872043,-4.931210469294456e-06
223,8.42643709489056,8.980914860185038,-10.788611833641198,-4.931210469294456e-06
224,8.285221358195145,8.603292737004523,-10.66567164001809,-4.931210469294456e-06
225,8.378715926407494,8.769229688930267,-10.723803979375646,-4.931210469294456e-06
226,8.446981893913176,9.035087558712775,-10.655306293705166,-4.931210469294456e-06
227,8.434282696654464,9.1165450170908,-10.699696068185489,-4.931210469294456e-06
228,8.437975752846171,8.917509281957706,-11.163136245469744,-4.931210469294456e-06
229,8.408377201430312,9.102489309388432,-10.493293932978304,-4.931210469294456e-06
230,8.446614987335693,9.35007119711176,-10.744892785251281,-4.931210469294456e-06
231,8.474515723503202,9.089187534443568,-11.079830816511901,-4.931210469294456e-06
232,8.539993143209017,9.245750009205778,-10.807562649721234,-4.931210469294456e-06
233,8.486579898189802,9.232078591422237,-10.758350788878616,-4.931210469294456e-06
234,8.463620071060006,8.858164133508353,-10.94224509373096,-4.931210469294456e-06
235,8.516480672531259,9.09303865709569,-10.948526143231746,-4.931210469294456e-06
236,8.45776689119566,9.170982248653303,-10.66760721730904,-4.931210469294456e-06
237,8.561290028429823,9.335985814806321,-10.93923259905165,-4.931210469294456e-06
238,8.532409853692002,9.099677834872836,-11.208826840497181,-4.931210469294456e-06
239,8.49530510721047,9.364062872672463,-11.16572103172389,-4.931210469294456e-06
240,8.597009471756564,9.134748120698958,-10.882708806271438,-4.931210469294456e-06
241,8.607542841342308,9.672618022188203,-10.84505598964914,-4.931210469294456e-06
242,8.509523288446076,9.363067355895907,-11.152015768120833,-4.931210469294456e-06
243,8.522902975799923,9.14991013741502,-11.015996125883404,-4.931210469294456e-06
244,8.591713183710056,8.89661042150908,-10.856994412988499,-4.931210469294456e-06
245,8.511734045664468,9.52243135130351,-10.887301294008893,-4.931210469294456e-06
246,8.504855038576636,9.06500415172826,-10.761761526834405,-4.931210469294456e-06
247,8.63682675103206,9.251781343218113,-11.31880570554263,-4.931210469294456e-06
248,8.626001338403228,9.472942223392494,-11.08090376139802,-4.931210469294456e-06
249,8.597224497516322,9.44344307639389,-11.052684422306271,-4.931210469294456e-06
250,8.585484279046,9.291548095243911,-11.070384266666991,-4.931210469294456e-06
251,8.7471348315309,9.394945704789137,-11.30133756191141,-4.931210469294456e-06
252,8.731780461723531,9.611370683436235,-11.407437792337404,-4.931210469294456e-06
253,8.737923577327479,9.523007885235955,-11.23039571467369,-4.931210469294456e-06
254,8.760811818607237,9.77029429470079,-11.160780277331682,-4.931210469294456e-06
255,8.701117330701663,9.611975311294941,-11.134417347335514,-4.931210469294456e-06
256,8.63499232260898,9.567756821852072,-10.739227368550672,-4.931210469294456e-06
257,8.57246475452905,9.430736970136934,-11.342684449151164,-4.931210469294456e-06
258,8.626868304928394,9.377451942906532,-10.975965735408195,-4.931210469294456e-06
259,8.703668555983938,9.685709105349645,-11.30314644643444,-4.931210469294456e-06
260,8.721311926367548,9.68475870940867,-10.822420616019954,-4.931210469294456e-06
261,8.686673547735495,9.420994097445174,-11.61872791937023,-4.931210469294456e-06
262,8.733875982382528,9.674425115514168,-11.27390835466683,-4.931210469294456e-06
263,8.75943787073993,9.468625665194367,-11.004825870669151,-4.931210469294456e-06
264,8.753252562404725,9.707948490674227,-11.47224476724844,-4.931210469294456e-06
265,8.688560120177101,9.300635816762224,-11.069657916861587,-4.931210469294456e-06
266,8.809904550352371,9.987464965176201,-11.306263082580017,-4.931210469294456e-06
267,8.718437581272212,9.546583817369026,-10.83600812320185,-4.931210469294456e-06
268,8.70155181503361,9.294230645642983,-11.041655314589548,-4.931210469294456e-06
269,8.708521656650646,9.673467331962144,-11.210544953165993,-4.931210469294456e-06
270,8.575288259894648,9.341346028789673,-11.380808654567048,-4.931210469294456e-06
271,8.763527514029192,9.186692339148976,-11.17808787698739,-4.931210469294456e-06
272,8.874295853210754,10.072115687905523,-11.203453958268184,-4.931210469294456e-06
273,8.773748414279055,9.476242990729702,-11.167418767688943,-4.931210469294456e-06
274,8.70597184620766,9.610651371840419,-11.090197278357053,-4.931210469294456e-06
275,8.695066193714865,9.545635950032278,-11.277998301430642,-4.931210469294456e-06
276,8.727222138394325,9.625853855548058,-11.298633769358133,-4.931210469294456e-06
277,8.7670691828136,9.806254728756244,-11.497770737604412,-4.931210469294456e-06
278,8.829075632788204,9.794517313061874,-11.300357321996145,-4.931210469294456e-06
279,8.836491625343342,9.778507934652396,-11.295071076676905,-4.931210469294456e-06
280,8.75966243280709,9.749611062263085,-11.111726629382218,-4.931210469294456e-06
281,8.749681534845365,9.444745198360152,-10.910010380576722,-4.931210469294456e-06
282,8.815878673308248,9.671140018872535,-11.254337025325825,-4.931210469294456e-06
283,8.765206897605424,9.657857860309718,-11.793686409584467,-4.931210469294456e-06
284,8.930020203275546,9.853726944884244,-11.543149628962027,-4.931210469294456e-06
285,8.907805458414543,9.848885351219593,-11.273891388471682,-4.931210469294456e-06
286,8.898045193294251,9.86780578262767,-11.408183912411417,-4.931210469294456e-06
287,8.85063444069067,9.986096394369412,-11.755422832440829,-4.931210469294456e-06
288,8.80156249613998,9.482178426612592,-11.10461405898117,-4.931210469294456e-06
289,8.856294763832523,9.939017203179048,-11.532786410708994,-4.931210469294456e-06
290,8.845206763829935,10.278142564227153,-11.33817638213715,-4.931210469294456e-06
291,8.943531648308578,9.931993803119155,-11.607244167892532,-4.931210469294456e-06
292,8.88303262417179,9.945751084666654,-11.51513092964521,-4.931210469294456e-06
293,8.774249625506627,9.707935614841261,-11.435834434609149,-4.931210469294456e-06
294,8.946400298549236,10.198828025978628,-11.44449998706979,-4.931210469294456e-06
295,8.78645915759904,9.548985641557152,-11.525005129892904,-4.931210469294456e-06
296,8.927529178936254,10.144402163735663,-11.706482233164337,-4.931210469294456e-06
297,8.863661148361473,9.853496588354687,-11.536391981965423,-4.931210469294456e-06
298,8.950732587893128,10.094693790096642,-11.543059839446329,-4.931210469294456e-06
299,8.91747277515202,9.774280020157704,-11.730726438680492,-4.931210469294456e-06
300,8.951276150926105,10.097854431133385,-11.265887135616282,-4.931210469294456e-06
301,8.936934355339076,10.227708320156722,-11.583982470863162,-4.931210469294456e-06
302,8.878014628428957,9.849426867353941,-11.371734327177919,-4.931210469294456e-06
303,8.794105937306199,10.067814611510954,-11.217585171263934,-4.931210469294456e-06
304,8.820369360420216,9.727510113542877,-11.174347251359336,-4.931210469294456e-06
305,8.92198130997781,10.215269367114871,-11.393033877897508,-4.931210469294456e-06
306,8.875588672951153,9.902294559456493,-11.223887078713943,-4.931210469294456e-06
307,8.849971979062104,9.968565915973045,-11.479318387005861,-4.931210469294456e-06
308,8.856340196337953,9.820204113533578,-11.518029437137585,-4.931210469294456e-06
309,8.948294054560336,9.825713961287846,-11.521312096498178,-4.931210469294456e-06
310,8.899976761209075,10.268826027521811,-11.575900786165619,-4.931210469294456e-06
311,8.899216564319488,9.840815591531708,-11.594022231936734,-4.931210469294456e-06
312,8.911956719605598,9.920281315320892,-11.155151934018903,-4.931210469294456e-06
313,8.94612359562268,10.044732178719869,-11.557881103782066,-4.931210469294456e-06
314,9.062351833974049,9.9273507404491,-11.790959581249766,-4.931210469294456e-06
315,9.020793650496614,10.206292191616512,-11.565952433441339,-4.931210469294456e-06
316,9.001858537473652,10.108813108326217,-11.885150103007874,-4.931210469294456e-06
317,9.04742135624167,10.130753692744179,-11.597419100038792,-4.931210469294456e-06
318,8.999993898387174,10.178202498153212,-11.878838450315584,-4.931210469294456e-06
319,8.916598099361238,10.12251782219738,-11.487139079988935,-4.931210469294456e-06
320,9.033939013852375,10.00602915284307,-11.655134822043053,-4.931210469294456e-06
321,9.04080355799033,9.82883900495787,-11.828716185727487,-4.931210469294456e-06
322,9.0620018033502,10.215652704040053,-11.602977237874285,-4.931210469294456e-06
323,9.065807012625669,10.631652884969128,-11.80383017375695,-4.931210469294456e-06
324,9.106998292006836,10.384029489673622,-11.749998085099719,-4.931210469294456e-06
325,9.065488081638819,10.041495145691044,-11.62631044696947,-4.931210469294456e-06
326,9.12570244678426,10.061766086613119,-11.815750845754906,-4.931210469294456e-06
327,9.146169155934217,10.367566435600168,-11.849157253368276,-4.931210469294456e-06
328,9.104298526813523,10.285516664015518,-11.833648247176214,-4.931210469294456e-06
329,9.180968271712516,10.525816624059843,-11.865297837538677,-4.931210469294456e-06
330,9.05488764802925,10.52425183472775,-11.54032537601033,-4.931210469294456e-06
331,9.089804381912074,10.135531992142148,-11.667491919379643,-4.931210469294456e-06
332,9.163514197571999,10.291287966049453,-12.02456312423837,-4.931210469294456e-06
333,9.195679135355363,10.203935487648664,-11.987917171453503,-4.931210469294456e-06
334,9.248479433937064,10.349715184706241,-11.641357102449547,-4.931210469294456e-06
335,9.246432517793949,10.795079304155365,-11.627190463090912,-4.931210469294456e-06
336,9.154729573158704,10.315754018360678,-11.904807109111658,-4.931210469294456e-06
337,9.204530378089146,10.350994784901076,-11.792548146831649,-4.931210469294456e-06
338,9.201803135054092,10.579063927720682,-11.668182713132381,-4.931210469294456e-06
339,9.186390556827462,10.031504262587703,-11.784887300220205,-4.931210469294456e-06
340,9.270010579386792,11.006861252254367,-12.340994122357984,-4.931210469294456e-06
341,9.181247965935256,10.232369288756416,-12.140057103013106,-4.931210469294456e-06
342,9.199510852926153,10.59347733460703,-11.86818709224643,-4.931210469294456e-06
343,9.285616279471753,10.51011774967705,-12.098964958885531,-4.931210469294456e-06
344,9.282739774501636,10.637458554463109,-11.74534542708021,-4.931210469294456e-06
345,9.215708560422001,10.40927288113798,-11.850583468514657,-4.931210469294456e-06
346,9.219347352863053,10.375711569109853,-12.149766719526653,-4.931210469294456e-06
347,9.270277530746341,10.197462268495173,-11.679943157775512,-4.931210469294456e-06
348,9.296727177162438,10.65410334273895,-12.014156878128716,-4.931210469294456e-06
349,9.303628860647507,10.666371919831903,-11.76936502577827,-4.931210469294456e-06
350,9.293200884724172,10.41693144096564,-12.26008387188486,-4.931210469294456e-06
351,9.26730528022182,10.780770805950112,-11.967187994153008,-4.931210469294456e-06
352,9.226583900770947,10.33280754820558,-11.762545950672191,-4.931210469294456e-06
353,9.25561622279713,10.51926115597729,-12.03091769368686,-4.931210469294456e-06
354,9.29827454435167,10.664428165174314,-11.65512867722721,-4.931210469294456e-06
355,9.164822509968474,10.478099364549308,-12.017352888875209,-4.931210469294456e-06
356,9.308251260389682,10.734337956655196,-12.480760666949394,-4.931210469294456e-06
357,9.322003897648472,10.658574359679903,-12.306174556824573,-4.931210469294456e-06
358,9.372157535339682,10.70150715452894,-12.002640819892008,-4.931210469294456e-06
359,9.391368896166284,11.016291964030586,-12.026149665333449,-4.931210469294456e-06
360,9.216820847013594,10.631287593411486,-12.085674818842506,-4.931210469294456e-06
361,9.33135875274769,10.762906482698355,-11.95369196028652,-4.931210469294456e-06
362,9.28987218643175,10.796670048845186,-11.97983423282983,-4.931210469294456e-06
363,9.34331026675568,10.582885351794232,-12.17584150454222,-4.931210469294456e-06
364,9.344149128243487,10.854444381211124,-11.977464453100922,-4.931210469294456e-06
365,9.36639174434049,10.397588160708352,-11.977187003854482,-4.931210469294456e-06
366,9.441223661069614,11.010525400112527,-12.104032238318311,-4.931210469294456e-06
367,9.352895885519786,10.748176123205127,-11.978436151189612,-4.931210469294456e-06
368,9.22706855049438,10.528475308160125,-11.795311583913715,-4.931210469294456e-06
369,9.288273368143848,10.695232772328666,-12.227613877597207,-4.931210469294456e-06
370,9.472470103851435,10.828970033956068,-12.716421678469985,-4.931210469294456e-06
371,9.443344913900546,11.15228738816603,-12.12117214346948,-4.931210469294456e-06
372,9.410247573870947,10.406692069267251,-12.329705109806426,-4.931210469294456e-06
373,9.475613097599592,11.026916959254578,-12.396927018547771,-4.931210469294456e-06
374,9.428021605695278,10.665869524642346,-12.06806969213315,-4.931210469294456e-06
375,9.502686760713345,11.016131553305172,-12.206986032311761,-4.931210469294456e-06
376,9.33714346997607,10.761248367193588,-12.318944603592044,-4.931210469294456e-06
377,9.503652427085058,10.82895994543344,-12.366778206511356,-4.931210469294456e-06
378,9.435529907618502,10.686949534245173,-12.278361945594483,-4.931210469294456e-06
379,9.556381623662503,11.223302782611938,-12.401194515754185,-4.931210469294456e-06
380,9.49567619110428,11.181840000131814,-12.219111464543019,-4.931210469294456e-06
381,9.455007569652764,10.910456080994038,-12.532933203200173,-4.931210469294456e-06
382,9.52930698978787,10.721157175994477,-12.388561071511191,-4.931210469294456e-06
383,9.501804334496398,11.14848642303619,-12.10315453474908,-4.931210469294456e-06
384,9.501829334086665,10.95564338477331,-12.412973484251935,-4.931210469294456e-06
385,9.4451714652198,11.132721243430723,-12.024579099365326,-4.931210469294456e-06
386,9.54523133045825,11.105397886605147,-12.42196675883875,-4.931210469294456e-06
387,9.48706406150825,11.089762277018735,-12.383718003118858,-4.931210469294456e-06
388,9.480582936745066,11.193663443678616,-12.467274287622217,-4.931210469294456e-06
389,9.483185576840981,11.219202632294525,-12.494307150543108,-4.931210469294456e-06
390,9.42094897201855,10.816484434674322,-12.550050740637644,-4.931210469294456e-06
391,9.431146573206775,10.87457215660666,-12.17890452795804,-4.931210469294456e-06
392,9.486100714616384,10.913446422860375,-11.988652624994202,-4.931210469294456e-06
393,9.431417196862412,11.007871478480098,-12.213789179157956,-4.931210469294456e-06
394,9.497536614104888,11.265817751488555,-12.412532409015014,-4.931210469294456e-06
395,9.394116619237252,10.916321204937049,-12.400353935029244,-4.931210469294456e-06
396,9.48349913780504,10.40980739648225,-12.166494657207991,-4.931210469294456e-06
397,9.588505724881486,11.11338980963825,-12.34587237639954,-4.931210469294456e-06
398,9.60759462189418,11.083244479423314,-12.556657109192301,-4.931210469294456e-06
399,9.496565177594391,11.47247209180108,-12.235718347097048,-4.931210469294456e-06
400,9.415037116324356,10.81028979750414,-12.17636387011217,-4.931210469294456e-06
401,9.564700768163561,10.801173030634516,-12.20073734949068,-4.931210469294456e-06
402,9.61659206133919,11.321672525949708,-12.524936556143189,-4.931210469294456e-06
403,9.563284369290614,11.03562004988376,-12.38041257355195,-4.931210469294456e-06
404,9.54909628311367,11.089673022141085,-12.4909370475075,-4.931210469294456e-06
405,9.547622420301764,11.251267929556832,-12.429042762563611,-4.931210469294456e-06
406,9.505959149394812,11.101308849408213,-12.189368782329012,-4.931210469294456e-06
407,9.503968444502675,10.771461334203792,-12.202907923183957,-4.931210469294456e-06
408,9.515211132290858,10.876984590138846,-12.092175556201894,-4.931210469294456e-06
409,9.505873542591985,11.010621853443041,-12.000949903507163,-4.931210469294456e-06
410,9.55863601461715,11.757180867794943,-12.423663437845278,-4.931210469294456e-06
411,9.452720024612233,10.986306022949236,-12.53140562056673,-4.931210469294456e-06
412,9.535583948216185,10.744530444281168,-12.48123737055667,-4.931210469294456e-06
413,9.500477556748251,11.215746249227664,-12.302606845836607,-4.931210469294456e-06
414,9.520723470482778,11.062711282141436,-12.30755095274958,-4.931210469294456e-06
415,9.475379224231347,11.193341076157026,-12.41351811351872,-4.931210469294456e-06
416,9.481936677062777,10.653042202084947,-12.3843461118297,-4.931210469294456e-06
417,9.548035741911917,11.161588260980636,-12.573657496920987,-4.931210469294456e-06
418,9.51138171954733,11.105855555009327,-12.300298795559456,-4.931210469294456e-06
419,9.558275698989064,11.312844371740482,-12.580617856878192,-4.931210469294456e-06
420,9.539267265219564,11.192729692091518,-12.699128239137096,-4.931210469294456e-06
421,9.516274510415712,10.869100400621988,-12.634448144774296,-4.931210469294456e-06
422,9.675122090310026,11.244360419863227,-12.855724248505112,-4.931210469294456e-06
423,9.646976788252687,11.417417062074492,-12.83889622505599,-4.931210469294456e-06
424,9.591086071287748,11.374712310375656,-12.318051310801692,-4.931210469294456e-06
425,9.533268369765665,11.220908753240906,-12.379538495910367,-4.931210469294456e-06
426,9.560183154088804,11.258402388336293,-12.391662820585921,-4.931210469294456e-06
427,9.556150686121612,11.087264113894378,-12.530578351151561,-4.931210469294456e-06
428,9.621082426597184,11.043316572241764,-12.849348816600852,-4.931210469294456e-06
429,9.641569140996921,11.393746931598969,-12.384977920850886,-4.931210469294456e-06
430,9.651176910373238,11.434120927925562,-12.643078396229427,-4.931210469294456e-06
431,9.559463085126765,11.626390708465095,-12.474378094992815,-4.931210469294456e-06
432,9.566764662407365,11.073312897183797,-12.887614205879373,-4.931210469294456e-06
433,9.583078141873159,11.225184257463269,-12.473725849038033,-4.931210469294456e-06
434,9.642803609715372,11.2463091247578,-12.652410412126102,-4.931210469294456e-06
435,9.639954648968512,11.2115378182921,-12.665006120321607,-4.931210469294456e-06
436,9.80262670488247,11.68363499081542,-12.84678358777407,-4.931210469294456e-06
437,9.675097733819484,11.360866802185939,-12.401592678546194,-4.931210469294456e-06
438,9.629852678769225,11.060806768314535,-12.3674292826595,-4.931210469294456e-06
439,9.693830643751312,11.111628479343722,-12.384728331697033,-4.931210469294456e-06
440,9.718460661199742,11.076793510496202,-12.749443346877783,-4.931210469294456e-06
441,9.703182474506264,11.19539193086419,-12.371920939957022,-4.931210469294456e-06
442,9.790151471556271,11.619064667917542,-12.625090025226214,-4.931210469294456e-06
443,9.694030844091117,11.250932029111908,-12.397002320541148,-4.931210469294456e-06
444,9.609523657851412,11.53540660101882,-12.85008160179514,-4.931210469294456e-06
445,9.65384207902099,11.35586692010159,-12.526265894552978,-4.931210469294456e-06
446,9.642086465734792,11.780204110870727,-12.79802470760356,-4.931210469294456e-06
447,9.61642491895907,11.287969125527837,-12.48424356304443,-4.931210469294456e-06
448,9.715114954169394,11.261783268295147,-12.68490810402048,-4.931210469294456e-06
449,9.763129622763017,11.397248053764343,-12.731511921760713,-4.931210469294456e-06
450,9.746238593946202,11.510407607644595,-12.784607665350634,-4.931210469294456e-06
451,9.774342208203848,11.465669478362372,-12.769847387698505,-4.931210469294456e-06
452,9.730789242492335,11.356373893679262,-12.993102497410248,-4.931210469294456e-06
453,9.703356054818869,11.422973227787224,-12.690759080335042,-4.931210469294456e-06
454,9.770909653504702,11.284395793691061,-12.641222829371614,-4.931210469294456e-06
455,9.743494102403531,11.51763679154135,-12.756285157508188,-4.931210469294456e-06
456,9.796322920207388,11.933626739454525,-12.840716113772189,-4.931210469294456e-06
457,9.770216860178152,11.694256024437152,-12.999084187173821,-4.931210469294456e-06
458,9.789614824972148,11.477981526297441,-12.955910122635117,-4.931210469294456e-06
459,9.780774381911954,11.42507172749535,-12.78477011331887,-4.931210469294456e-06
460,9.837494769067689,11.8358559095347,-12.728201242179495,-4.931210469294456e-06
461,9.830614595752195,11.385668758740678,-12.835409818574007,-4.931210469294456e-06
462,9.795713309279336,11.388481745546812,-13.045842390998672,-4.931210469294456e-06
463,9.843700192480526,11.958176600586853,-12.766581692710659,-4.931210469294456e-06
464,9.886923945028855,11.797584471542535,-13.063554450191006,-4.931210469294456e-06
465,9.905686783583064,11.716246851516075,-12.663606787915967,-4.931210469294456e-06
466,9.80169378110736,11.51734294815455,-12.929249191395854,-4.931210469294456e-06
467,9.894452093151074,11.863868855301149,-13.326403268137867,-4.931210469294456e-06
468,9.890500017638942,11.906582861791748,-12.80570727021015,-4.931210469294456e-06
469,9.742985605288595,11.61892597950569,-12.73850506822491,-4.931210469294456e-06
470,9.792232639255076,11.364089940444956,-12.431258462798766,-4.931210469294456e-06
471,9.83226962137627,11.399417979083296,-12.661959825245916,-4.931210469294456e-06
472,9.758565575448586,11.634024750818213,-12.651757702618795,-4.931210469294456e-06
473,9.853880525877514,11.610634438365395,-12.605523196188102,-4.931210469294456e-06
474,9.821945947961183,11.70050835397737,-12.981201337679465,-4.931210469294456e-06
475,9.74671523026916,11.332498177580106,-12.558719915962925,-4.931210469294456e-06
476,9.807255194819106,11.660617289423442,-12.62900622349666,-4.931210469294456e-06
477,9.832920424094084,11.575868494130901,-13.154992920514445,-4.931210469294456e-06
478,9.892936023321226,11.682489838040652,-12.86931684382347,-4.931210469294456e-06
479,9.899703507998254,11.50215845950109,-13.039719510797596,-4.931210469294456e-06
480,9.922827707744716,11.532922686177471,-12.907195342331036,-4.931210469294456e-06
481,9.974538769656817,11.619214050556138,-12.949905887897643,-4.931210469294456e-06
482,9.959211866716714,11.918211618379303,-12.743201407309641,-4.931210469294456e-06
483,9.946418525763931,11.73121885510588,-13.007042087777549,-4.931210469294456e-06
484,9.950622763903027,11.864164104258833,-12.990298491669023,-4.931210469294456e-06
485,9.859669606455611,11.948757872136724,-12.892088142583518,-4.931210469294456e-06
486,9.84894531429677,11.660536122691553,-13.032056383135398,-4.931210469294456e-06
487,9.90650874917361,11.46990741786422,-12.973055332124943,-4.931210469294456e-06
488,10.00979353256372,12.248025226869771,-13.036338082354519,-4.931210469294456e-06
489,9.859550862938761,11.819220115104827,-12.90333247647439,-4.931210469294456e-06
490,9.948477890653066,11.877790091033972,-13.258777322095526,-4.931210469294456e-06
491,9.935859332365908,11.8470785609249,-12.725044024870002,-4.931210469294456e-06
492,9.908445843225138,11.986332614908378,-12.840100924109393,-4.931210469294456e-06
493,9.912424848753972,11.834775421218723,-12.870407421837172,-4.931210469294456e-06
494,9.83922081315285,11.826255296521964,-12.887281705189054,-4.931210469294456e-06
495,9.882213060785944,12.02368473254279,-13.081616017881927,-4.931210469294456e-06
496,9.874428404099717,11.471662581327507,-12.95341226341776,-4.931210469294456e-06
497,9.947460406330663,12.04838893053136,-13.200351055037402,-4.931210469294456e-06
498,9.90809020477866,11.707673538831159,-13.151859302023183,-4.931210469294456e-06
499,9.988392766399102,11.817128206865789,-13.139820899852126,-4.931210469294456e-06
500,10.041565751200892,12.188698764079504,-13.155787863401002,-4.931210469294456e-06
501,9.998679101100095,11.907528958241642,-13.059178619599578,-4.931210469294456e-06
502,9.954442637838156,12.081107772743849,-12.993808551949044,-4.931210469294456e-06
503,9.941344394156374,11.836137809856751,-13.232586128354356,-4.931210469294456e-06
504,9.9867817849115,11.955646403797004,-12.858410974168748,-4.931210469294456e-06
505,9.909688788299206,11.702184612563997,-12.89184650007168,-4.931210469294456e-06
506,9.9523294120807,12.163258507794893,-12.93962482077562,-4.931210469294456e-06
507,9.907376037259837,11.252619385818747,-12.933370991835005,-4.931210469294456e-06
508,10.014707861098259,12.165809753500582,-12.90704252516582,-4.931210469294456e-06
509,9.966068246244106,11.88438080183721,-12.932511103858161,-4.931210469294456e-06
510,9.934262137915653,11.624758700340493,-12.88125805094235,-4.931210469294456e-06
511,9.951072119316848,11.53968479159471,-12.827724091602363,-4.931210469294456e-06
512,9.998341560615302,12.059836171271257,-12.92537732144612,-4.931210469294456e-06
513,9.956067160373095,11.818330381091073,-13.294166430765884,-4.931210469294456e-06
514,10.066986194522656,12.13184877443311,-13.251008768281565,-4.931210469294456e-06
515,10.104393333182202,11.889144527764017,-13.194845607008403,-4.931210469294456e-06
516,9.952937846873908,12.05296084320267,-13.247406838729432,-4.931210469294456e-06
517,10.004806685673202,11.578384105936095,-13.04951360085849,-4.931210469294456e-06
518,10.026911962930171,11.792014500149008,-12.657198078790103,-4.931210469294456e-06
519,9.984974409982897,11.825158057849507,-13.105476424199367,-4.931210469294456e-06
520,10.061917243714731,12.234715206982628,-13.264733100511691,-4.931210469294456e-06
521,9.99782633162539,11.967495865609948,-13.428000945459331,-4.931210469294456e-06
522,10.020812093149402,11.927122192751881,-13.347183482242713,-4.931210469294456e-06
523,10.027132135756574,12.151348856683711,-13.281217400519324,-4.931210469294456e-06
524,10.025208668675248,12.226004280415339,-12.891313275149884,-4.931210469294456e-06
525,9.944999814557605,11.931737285709175,-13.305778354841962,-4.931210469294456e-06
526,10.04255117946218,11.710319085175911,-13.084277183454034,-4.931210469294456e-06
527,10.111144641823273,12.165265794692601,-13.228824853494245,-4.931210469294456e-06
528,10.009361607810092,11.944712148226529,-12.974648449342197,-4.931210469294456e-06
529,10.032277168151097,12.127075661759335,-13.089106213170567,-4.931210469294456e-06
530,10.110710154182414,12.129975424028004,-13.33155832404816,-4.931210469294456e-06
531,10.104945895946514,12.131347822033575,-13.335436580709455,-4.931210469294456e-06
532,10.042697816855934,12.006495087074995,-12.962585718115676,-4.931210469294456e-06
533,10.074296219390988,11.897558715090696,-13.126093089804698,-4.931210469294456e-06
534,10.11167419323732,12.095027154378215,-13.212225470132239,-4.931210469294456e-06
535,10.109359084794562,12.405690377394762,-13.571210794576757,-4.931210469294456e-06
536,10.104224576515094,12.18495946626129,-13.547292973729526,-4.931210469294456e-06
537,10.116941009956065,12.234893167983074,-12.944867028109257,-4.931210469294456e-06
538,10.143479717962919,12.182634160007296,-13.329547244357698,-4.931210469294456e-06
539,10.103301398821145,12.293621687878044,-13.317918981505755,-4.931210469294456e-06
540,10.115477598849736,11.768563714480251,-13.44463395406548,-4.931210469294456e-06
541,10.099579479027625,12.05290743689008,-12.973920415222636,-4.931210469294456e-06
542,10.072960087442596,12.212340098463727,-12.976287157757554,-4.931210469294456e-06
543,10.076720666719439,11.9520517413211,-13.303470112525517,-4.931210469294456e-06
544,10.15356883202918,12.160574595746795,-13.367666862780553,-4.931210469294456e-06
545,10.083739030987772,12.266278785953261,-13.308075542965156,-4.931210469294456e-06
546,10.00222821114761,12.578200936434683,-12.960681552443816,-4.931210469294456e-06
547,10.07284778319871,11.843590837672565,-13.474836736258624,-4.931210469294456e-06
548,10.067570428860165,12.040582831716705,-13.34063970901748,-4.931210469294456e-06
549,10.077421944207515,12.229334385756943,-13.286667017579092,-4.931210469294456e-06
550,10.062115449280839,11.669563998911372,-13.191320797014342,-4.931210469294456e-06
551,10.142483531591836,12.596426939551861,-13.207935548999416,-4.931210469294456e-06
552,10.076385288403856,12.05494918645411,-13.370304701511301,-4.931210469294456e-06
553,10.140648840490144,12.295884960796428,-13.691141453635012,-4.931210469294456e-06
554,10.171202385210847,12.092282281838663,-13.424167818944127,-4.931210469294456e-06
555,10.047104279916539,12.027386519735444,-13.259884390094712,-4.931210469294456e-06
556,10.131452489741719,12.385211935198754,-12.974499323830827,-4.931210469294456e-06
557,10.119963938906665,12.167092537569516,-13.34131099726038,-4.931210469294456e-06
558,10.083327963849229,12.523696216513827,-13.133102353127498,-4.931210469294456e-06
559,10.00198077973073,11.913119509001802,-13.250424208426026,-4.931210469294456e-06
560,10.161547183071946,12.312760544068226,-13.026000256888139,-4.931210469294456e-06
561,10.084622277586561,12.008093466994552,-13.242325060050788,-4.931210469294456e-06
562,10.16160021827659,12.41353020331627,-13.852958745869401,-4.931210469294456e-06
563,10.119252952484203,11.8696132578539,-13.209761421459632,-4.931210469294456e-06
564,10.189597420268399,12.631023486463903,-13.27682718234378,-4.931210469294456e-06
565,10.159415377545258,12.18115561336765,-13.504157604837616,-4.931210469294456e-06
566,10.170194627279386,12.234418081241671,-13.448744485352748,-4.931210469294456e-06
567,10.157869803215306,12.130487582702813,-13.403638222559621,-4.931210469294456e-06
568,10.20610952796909,12.333216679125712,-13.142631574191327,-4.931210469294456e-06
569,10.141109237701698,12.254399653004157,-13.403659624176015,-4.931210469294456e-06
570,10.284544497719594,12.186104181345911,-13.188330941334911,-4.931210469294456e-06
571,10.137170920103529,12.226609855491546,-13.414425590112657,-4.931210469294456e-06
572,10.152689109785115,12.008216454682668,-13.569186427590807,-4.931210469294456e-06
573,10.250591017719898,12.286433816214242,-13.464911444632179,-4.931210526137875e-06
574,10.337279851766937,12.558524670735295,-13.564138674206248,-4.931210526137875e-06
575,10.237488623563479,12.24360749194355,-13.272109829981488,-4.931210526137875e-06
576,10.21989700120156,12.156130955497758,-13.51244138687062,-4.931210526137875e-06
577,10.20583873264286,12.29700211296111,-13.409458569532731,-4.931210526137875e-06
578,10.20696266224536,12.3946425197623,-13.101810923253765,-4.931210526137875e-06
579,10.27862645107183,12.362585707857534,-13.64401520486058,-4.931210526137875e-06
580,10.229057958381418,12.002544676511718,-13.323256425418364,-4.931210526137875e-06
581,10.23053791104661,12.540352352812448,-13.374441140197433,-4.931210526137875e-06
582,10.282126867593945,12.477478775938806,-13.52033120613173,-4.931210526137875e-06
583,10.262677489744476,12.610205041327703,-13.524151063735104,-4.931210526137875e-06
584,10.275934926338834,12.65904916855942,-13.853310284872208,-4.931210526137875e-06
585,10.268043138596227,12.486701810431754,-13.513176401414512,-4.931210526137875e-06
586,10.282768600833094,11.937698950050418,-13.165541056912176,-4.931210526137875e-06
587,10.264133109838895,12.395174017593774,-13.497543824479905,-4.931210526137875e-06
588,10.23494915089384,12.91230773958003,-13.61892082172345,-4.931210526137875e-06
589,10.197494259960365,12.393907975518857,-13.373765262610604,-4.931210526137875e-06
590,10.232987009979809,12.211165910357664,-13.822163895545486,-4.931210526137875e-06
591,10.217271213037805,12.904986445120983,-13.51425014178109,-4.931210526137875e-06
592,10.175539003072515,12.487202114115007,-13.323735772657685,-4.931210526137875e-06
593,10.19963087872685,12.562824204543631,-13.642533453394535,-4.931210526137875e-06
594,10.261263776900819,12.409398676189369,-13.699100888310497,-4.931210526137875e-06
595,10.280183425194764,12.143478030384074,-13.449523924996257,-4.931210526137875e-06
596,10.279466937101688,12.307804830937215,-13.337833335215365,-4.931210526137875e-06
597,10.349024821566843,12.914948860178981,-13.66455661569347,-4.931210526137875e-06
598,10.326303313715584,12.311324900158894,-13.649643659811403,-4.931210526137875e-06
599,10.307533006495646,12.397942697671482,-13.717968686786463,-4.931210526137875e-06
600,10.308747370712922,12.496824212110312,-13.298470364070496,-4.931210526137875e-06
601,10.31211699366446,13.068089348040246,-13.4134623828934,-4.931210526137875e-06
602,10.271589564918429,12.448505396056419,-13.520864420926685,-4.931210526137875e-06
603,10.29320029570539,12.480695266422714,-13.487779586002603,-4.931210526137875e-06
604,10.26474511845737,12.761636994603975,-13.703193977599526,-4.931210526137875e-06
605,10.365730562195608,12.691013879129628,-13.760529195257675,-4.931210526137875e-06
606,10.318234060973623,11.971509253790146,-13.558410948095002,-4.931210526137875e-06
607,10.394440510285904,12.462782149991455,-13.57145378930791,-4.931210526137875e-06
608,10.398093627294088,13.112628886553921,-13.795023241685286,-4.931210526137875e-06
609,10.356435783336792,12.62404823217176,-13.765715785403671,-4.931210526137875e-06
610,10.338822288433448,12.315058554315073,-13.650150993542766,-4.931210526137875e-06
611,10.360283500558467,12.66257369103215,-13.257131737444894,-4.931210526137875e-06
612,10.37664948163632,12.963617625301367,-13.619101702957948,-4.931210526137875e-06
613,10.325849169448134,12.22205335073096,-13.5568415508951,-4.931210526137875e-06
614,10.376568242564076,12.580331820383407,-13.883290438242113,-4.931210526137875e-06
615,10.39965308332188,12.60630651709377,-13.429129025917334,-4.931210526137875e-06
616,10.370880668881,12.716644400099426,-13.376484860529843,-4.931210526137875e-06
617,10.473284668356598,12.572007509703411,-13.716452989636068,-4.931210526137875e-06
618,10.454969476667372,12.84533858873894,-13.457660690156644,-4.931210526137875e-06
619,10.424987231012892,12.401876284671147,-13.493995795516668,-4.931210526137875e-06
620,10.39181063832234,13.031266741875186,-13.836750807384036,-4.931210526137875e-06
621,10.404586500172798,12.561939838196878,-13.51864531818417,-4.931210526137875e-06
622,10.384505633940705,12.22694884306651,-13.53786255570617,-4.931210526137875e-06
623,10.44487876268414,12.889387010734225,-13.886802571041088,-4.931210526137875e-06
624,10.44064965865374,12.63280540721047,-13.4451167412426,-4.931210526137875e-06
625,10.47767324516758,12.850633229969588,-13.544459609041013,-4.931210526137875e-06
626,10.46358981807407,12.579606465035113,-13.901461752068357,-4.931210526137875e-06
627,10.432420556804175,12.455098443008978,-13.72340922607998,-4.931210526137875e-06
628,10.400601816619485,12.810817894801005,-13.427270174760068,-4.931210526137875e-06
629,10.422478630930186,12.973825804027541,-13.506026137048266,-4.931210526137875e-06
630,10.380639547582973,12.446788936187232,-13.958288423664612,-4.931210526137875e-06
631,10.40635678918676,12.76620896262844,-13.618012189038737,-4.931210526137875e-06
632,10.388934831876838,12.467290345566738,-13.643666417665841,-4.931210526137875e-06
633,10.503366810792954,12.793948028438137,-13.8505984876237,-4.931210526137875e-06
634,10.48761389127668,12.718401491637081,-13.820530725536983,-4.931210526137875e-06
635,10.352482479250966,12.767826846464487,-13.588163061605826,-4.931210526137875e-06
636,10.370295057406793,12.847953201123005,-14.064453742651594,-4.931210526137875e-06
637,10.451966975182131,12.599515667520649,-14.079976725879803,-4.931210526137875e-06
638,10.475384908719718,12.444146099751947,-13.87575555012863,-4.931210526137875e-06
639,10.46990319033182,12.874458101860569,-13.940045939027243,-4.931210526137875e-06
640,10.386222315230157,12.78398947242502,-13.482609760267351,-4.931210526137875e-06
641,10.432030760336545,12.675526754627242,-13.585960289932032,-4.931210526137875e-06
642,10.424972676843765,12.705100897788896,-13.929487268961978,-4.931210526137875e-06
643,10.466721884870083,12.603757902334792,-14.030736761106482,-4.931210526137875e-06
644,10.56055057207692,13.000557508538463,-14.01198642424552,-4.931210526137875e-06
645,10.524302699515545,12.98708470306022,-13.689881382236834,-4.931210526137875e-06
646,10.39732870926531,12.713312853840335,-13.616022351333072,-4.931210526137875e-06
647,10.471267390659534,13.042602377957166,-13.799505957974958,-4.931210526137875e-06
648,10.359455436006442,12.73415876272449,-13.58354293015475,-4.931210526137875e-06
649,10.435868209607861,12.881948387497431,-13.960999535053958,-4.931210526137875e-06
650,10.44753362345034,12.80366438058337,-13.413541150010133,-4.931210526137875e-06
651,10.429834225608715,12.895254131569402,-13.89353626940111,-4.931210526137875e-06
652,10.395508183965092,12.287825344778554,-13.217357577888862,-4.931210526137875e-06
653,10.498903947264978,13.021612162209749,-14.074250992966896,-4.931210526137875e-06
654,10.45592285432457,12.66931576353511,-13.764003461412187,-4.931210526137875e-06
655,10.371819195364594,12.478577997404386,-13.552045898258541,-4.931210526137875e-06
656,10.439684978518926,13.228924050732331,-13.684720754737725,-4.931210526137875e-06
657,10.409015077529887,13.029645277586411,-13.750045712487534,-4.931210526137875e-06
658,10.368188243692316,12.915468935490395,-13.870646410960347,-4.931210526137875e-06
659,10.351498764848486,12.225418877268652,-13.96216955774672,-4.931210526137875e-06
660,10.526333407277036,12.637895119624687,-13.79137490206594,-4.931210526137875e-06
661,10.433592512739779,12.894878601087129,-13.800484292159354,-4.931210526137875e-06
662,10.485381753632225,12.554250062787162,-14.052781803029973,-4.931210526137875e-06
663,10.422797086494143,12.85330935118489,-13.898507832321982,-4.931210526137875e-06
664,10.534108006642384,12.640832257472027,-13.885992570366852,-4.931210526137875e-06
665,10.559702283355591,12.917995501326573,-13.607835801046932,-4.931210526137875e-06
666,10.529622909066745,12.995120263731536,-13.623198449882494,-4.931210526137875e-06
667,10.426622997263223,13.114147343361765,-13.736867582392748,-4.931210526137875e-06
668,10.370136772932085,12.721392504247746,-14.11605448130311,-4.931210526137875e-06
669,10.492834689718677,12.989364813600673,-13.725580388630902,-4.931210526137875e-06
670,10.417845918188505,12.912290956174331,-14.018536199691312,-4.931210526137875e-06
671,10.426078256154085,12.937291518660004,-13.709297274556917,-4.931210526137875e-06
672,10.375913606086954,12.667209019403941,-13.875141309913786,-4.931210526137875e-06
673,10.386551653647757,12.652685432808795,-13.923080135813464,-4.931210526137875e-06
674,10.522490756425611,13.294896879634507,-14.017972793274751,-4.931210526137875e-06
675,10.348788259697358,12.60119767357125,-13.914155934116494,-4.931210526137875e-06
676,10.503680694603247,13.01865521377448,-14.071165142202645,-4.931210526137875e-06
677,10.4475483145157,12.587192854284751,-13.73471918380055,-4.931210526137875e-06
678,10.41021645170747,13.043728695319402,-13.745623722095914,-4.931210526137875e-06
679,10.419048408144022,12.944239009142905,-13.604337626245538,-4.931210526137875e-06
680,10.408258952587232,12.58474388251156,-13.882028824129819,-4.931210526137875e-06
681,10.370230663475127,12.848137478150676,-13.74526607054456,-4.931210526137875e-06
682,10.320728808767228,12.781248526316602,-13.623611858103942,-4.931210526137875e-06
683,10.44546796349249,12.66792405352004,-13.865589885888113,-4.931210526137875e-06
684,10.437739190772959,12.70240883837107,-13.671925031971398,-4.931210526137875e-06
685,10.548808105386456,12.88668501671927,-13.632345735770855,-4.931210526137875e-06
686,10.483183230494205,12.751636357492288,-13.914893596433274,-4.931210526137875e-06
687,10.533083075958757,13.120809354880691,-13.890607491599468,-4.931210526137875e-06
688,10.464855687978684,12.944568205805837,-13.654431060700574,-4.931210526137875e-06
689,10.443592021551638,12.815513554261628,-13.845112939743359,-4.931210526137875e-06
690,10.416435844898672,12.432131166259978,-13.948908644575354,-4.931210526137875e-06
691,10.566952162907057,13.159065405630855,-13.790038045785522,-4.931210526137875e-06
692,10.596082318513766,12.998891707226221,-14.141242282645763,-4.931210526137875e-06
693,10.483162277217843,13.05754914812647,-14.151881287646418,-4.931210526137875e-06
694,10.505977568680464,12.857120021855508,-14.246941760820405,-4.931210526137875e-06
695,10.620317190234061,13.045318303935346,-14.025522053596276,-4.931210526137875e-06
696,10.608686657928672,12.82800724417811,-13.909655911388725,-4.931210526137875e-06
697,10.609381743163055,13.33827817265606,-14.029046969164654,-4.931210526137875e-06
698,10.51373201170236,12.627560025793457,-14.074288053158199,-4.931210526137875e-06
699,10.606234609022238,12.997631531362174,-14.113077831852664,-4.931210526137875e-06
700,10.722335051654227,13.492989216730535,-14.34619460313938,-4.931210526137875e-06
701,10.60849353143692,12.532639476222755,-14.255510895639944,-4.931210526137875e-06
702,10.683750637952244,13.356106660634879,-14.208400545736083,-4.931210526137875e-06
703,10.58393774100881,13.173976599970246,-14.11039350192108,-4.931210526137875e-06
704,10.644533716879494,13.26852448064679,-13.966272278096653,-4.931210526137875e-06
705,10.583596263843901,13.316856631322537,-14.259040879264859,-4.931210526137875e-06
706,10.588396757881867,13.241561991545325,-14.39138543796986,-4.931210526137875e-06
707,10.560629622788099,12.633346559814271,-14.230907142085343,-4.931210526137875e-06
708,10.667189899958998,13.064401946315144,-13.81555869925883,-4.931210526137875e-06
709,10.559301480666079,13.314017500019645,-14.120875303401036,-4.931210526137875e-06
710,10.626083590941505,13.116287220065288,-14.288408736677894,-4.931210526137875e-06
711,10.616070146296124,13.246023953149148,-14.037589711402319,-4.931210526137875e-06
712,10.594452683418865,13.110252205278584,-14.087432051580663,-4.931210526137875e-06
713,10.610510338643337,12.6468509833324,-14.06786766296213,-4.931210526137875e-06
714,10.647439854327274,13.02701418472381,-14.106321653894625,-4.931210526137875e-06
715,10.621747280111776,13.01210768308971,-13.749642550634775,-4.931210526137875e-06
716,10.5590665823608,13.018161623688286,-13.894870368822637,-4.931210526137875e-06
717,10.636953539460762,13.244302951455978,-13.605761857623307,-4.931210526137875e-06
718,10.621148462833503,13.21798221374624,-14.16850815063816,-4.931210526137875e-06
719,10.542959575724183,13.303626714783064,-14.015883692233075,-4.931210526137875e-06
720,10.602221193967921,13.084535712253938,-14.417088974914066,-4.931210526137875e-06
721,10.668996002069548,13.040912711581086,-14.302082759498205,-4.931210526137875e-06
722,10.780997650783206,13.241653720583145,-14.120891828267744,-4.931210526137875e-06
723,10.647153858745071,13.284178212390003,-13.874652151989096,-4.931210526137875e-06
724,10.664898488732831,13.319495446636694,-14.186463826587328,-4.931210526137875e-06
725,10.626962116366087,12.709148832552245,-14.06420574062571,-4.931210526137875e-06
726,10.752065386758943,13.173087565070432,-13.981470842957307,-4.931210526137875e-06
727,10.654899538272502,13.362899358981423,-13.908694170169952,-4.931210526137875e-06
728,10.473541248732772,13.053740820766308,-13.965588116596678,-4.931210526137875e-06
729,10.621953583578204,13.24810365909417,-14.00293571787958,-4.931210526137875e-06
730,10.629359960042905,13.067939160961203,-14.102076473806306,-4.931210526137875e-06
731,10.686612176432732,13.037081037079446,-14.274578889601926,-4.931210526137875e-06
732,10.677585035401364,13.441667144170566,-13.849778828231706,-4.931210526137875e-06
733,10.686962988942525,13.191845689541168,-14.281209411655738,-4.931210526137875e-06
734,10.664391679923881,13.111485828626996,-14.41149004266903,-4.931210526137875e-06
735,10.639202958943656,13.445311191903897,-14.131751478643835,-4.931210526137875e-06
736,10.656642094229085,12.635745281032342,-14.231844190420802,-4.931210526137875e-06
737,10.723011711733875,13.265773710963344,-14.348133218139708,-4.931210526137875e-06
738,10.763714226429556,13.304900286356286,-14.261752905278357,-4.931210526137875e-06
739,10.678652945337888,13.653972913137011,-14.206119666058754,-4.931210526137875e-06
740,10.708943295052961,13.427941892116422,-14.455315541689103,-4.931210526137875e-06
741,10.733690945844216,13.057162201754977,-14.14492997772507,-4.931210526137875e-06
742,10.864023924520495,13.443553552969945,-14.490124151220769,-4.931210526137875e-06
743,10.841811985237314,13.154497171172096,-13.99256064169596,-4.931210526137875e-06
744,10.718026752911669,13.498992022775212,-14.19637386822393,-4.931210526137875e-06
745,10.751005622940625,13.353683146898675,-14.071361860377465,-4.931210526137875e-06
746,10.699809463290137,13.29517874819038,-14.256466195896692,-4.931210526137875e-06
747,10.603507458780598,13.049823414076684,-13.877547460296029,-4.931210526137875e-06
748,10.710181652254732,13.26793256832795,-14.210586164174899,-4.931210526137875e-06
749,10.771106331992257,13.356342693072833,-14.059855862962067,-4.931210526137875e-06
750,10.701419759843589,13.157640726952565,-13.930228373087601,-4.931210526137875e-06
751,10.70360908690509,13.278455928083531,-14.135876556548595,-4.931210526137875e-06
752,10.682908692020078,13.298642547328512,-13.709018238622022,-4.931210526137875e-06
753,10.640998629049932,12.936029281493461,-13.835502648957586,-4.931210526137875e-06
754,10.699481191135874,13.508928968829196,-13.938126411766874,-4.931210526137875e-06
755,10.666882514905126,12.96596636035278,-13.713679229038988,-4.931210526137875e-06
756,10.668703669162426,12.884353574329083,-13.917266880213575,-4.931210526137875e-06
757,10.688477097543796,13.230192246932631,-14.159706694473343,-4.931210526137875e-06
758,10.66759663031155,13.298586353326101,-13.895266107166506,-4.931210526137875e-06
759,10.731760840888626,13.287586673578716,-14.070868654484912,-4.931210526137875e-06
760,10.69559873878444,13.397227368127801,-14.215017977892785,-4.931210526137875e-06
761,10.758053360504903,13.266413266711623,-14.352849602601765,-4.931210526137875e-06
762,10.757349391996797,13.774024721260275,-14.200688108643178,-4.931210526137875e-06
763,10.764363606745178,12.962382335271599,-14.513783278807637,-4.931210526137875e-06
764,10.862704528544384,13.193753404136345,-14.308452767229056,-4.931210526137875e-06
765,10.901866635560566,13.54883398112554,-14.583204795481308,-4.931210526137875e-06
766,10.811401623558424,13.600925115470119,-14.320563021966024,-4.931210526137875e-06
767,10.813378605943512,13.316712817646078,-14.170501330718665,-4.931210526137875e-06
768,10.73717020362642,13.313591038900626,-13.570508706613154,-4.931210526137875e-06
769,10.738920693054467,13.369467474650776,-14.228622749496154,-4.931210526137875e-06
770,10.757962507608283,12.836563521411279,-13.941434485719554,-4.931210526137875e-06
771,10.792117377868124,13.529926432300556,-14.193128772549116,-4.931210526137875e-06
772,10.779026546577597,12.96533873448368,-14.188265910791415,-4.931210526137875e-06
773,10.795068779157987,13.282976300144497,-14.462199578126345,-4.931210526137875e-06
774,10.881398705486276,13.49535141145492,-14.078270181792377,-4.931210526137875e-06
775,10.83863363799452,13.28803635936356,-14.463426550758882,-4.931210526137875e-06
776,10.827602336670452,13.68614571957994,-14.318153270172502,-4.931210526137875e-06
777,10.751730559364773,13.36262259530693,-14.055712612951467,-4.931210526137875e-06
778,10.77274875865021,13.371007356236106,-14.203760579987758,-4.931210526137875e-06
779,10.754703328828668,13.310728009756104,-14.399198214990903,-4.931210526137875e-06
780,10.780912574405704,13.234710804749596,-14.273491140744042,-4.931210526137875e-06
781,10.79305119711114,13.646813086154651,-14.24831957504334,-4.931210526137875e-06
782,10.757906704843606,13.585861262732323,-14.131932438944915,-4.931210526137875e-06
783,10.742827948527236,13.472061238503954,-14.322889049711677,-4.931210526137875e-06
784,10.760886764103475,13.02807948237458,-14.436178256366517,-4.931210526137875e-06
785,10.798292451898703,13.402016248571016,-14.320690801462348,-4.931210526137875e-06
786,10.816288402219868,13.526019573858292,-14.441909853625077,-4.931210526137875e-06
787,10.839018974325882,13.318229864680404,-14.466547666989968,-4.931210526137875e-06
788,10.851289559488691,13.33297274912394,-14.48157495110432,-4.931210526137875e-06
789,10.796958692672433,13.310633454562037,-14.156092620565474,-4.931210526137875e-06
790,10.841688565057552,13.535364395663152,-14.603375078315764,-4.931210526137875e-06
791,10.826218488369648,13.512941480444937,-14.358469842396033,-4.931210526137875e-06
792,10.857277746489274,13.725923762666241,-14.729721082361678,-4.931210526137875e-06
793,10.797361743908027,13.13720708938564,-14.33247946558781,-4.931210526137875e-06
794,10.837993540148034,13.525259170563288,-14.262714862710425,-4.931210526137875e-06
795,10.902507463953611,13.30937005697902,-14.318089082681325,-4.931210526137875e-06
796,10.87995405660007,13.49894607162787,-14.156190291951745,-4.931210526137875e-06
797,10.841996129950815,13.573331503979176,-14.572785558210214,-4.931210526137875e-06
798,10.836670178563736,13.716306000559598,-14.259901737904698,-4.931210526137875e-06
799,10.92617456198019,13.504096907975622,-14.188230124975973,-4.931210526137875e-06
800,10.892622519482472,13.44658004113964,-14.645029876929826,-4.931210526137875e-06
801,10.961973534422498,13.401523951488599,-14.5645154770733,-4.931210526137875e-06
802,10.849507756931928,13.476056360925753,-14.063324855575019,-4.931210526137875e-06
803,10.932914688891913,13.906761757373829,-14.334607986569111,-4.931210526137875e-06
804,10.83078054271806,13.628659517780761,-14.320118357817535,-4.931210526137875e-06
805,10.856109717737922,13.427208474392756,-14.511933909254964,-4.931210526137875e-06
806,10.818465963378685,13.27435226971383,-14.134899603521404,-4.931210526137875e-06
807,10.92561467468397,13.716024470700404,-14.491603558670818,-4.931210526137875e-06
808,10.844019233403742,13.224235808369883,-13.962857834271333,-4.931210526137875e-06
809,10.850485379977101,13.79960401631024,-14.462423685008616,-4.931210526137875e-06
810,10.842652014612781,12.983962788858975,-14.326887523324828,-4.931210526137875e-06
811,10.825468029641456,13.462669174201892,-14.018247332848702,-4.931210526137875e-06
812,10.886136511484835,13.61809871415744,-14.468884413508519,-4.931210526137875e-06
813,10.86645968955861,13.622591726998536,-14.543226761013685,-4.931210526137875e-06
814,10.765904614101146,13.324819096151742,-13.928277257606837,-4.931210526137875e-06
815,10.778870115294751,13.738445144573461,-14.468244032274598,-4.931210526137875e-06
816,10.833059880999599,13.710072178819559,-14.579424486659093,-4.931210526137875e-06
817,10.852077053325559,13.458897924804006,-14.255830543947113,-4.931210526137875e-06
818,10.817945001412113,13.176139040731357,-14.32738616308518,-4.931210526137875e-06
819,10.810098912548199,13.477717293965952,-14.061377922624374,-4.931210526137875e-06
820,10.818627467646706,13.539012606444913,-14.26421250143109,-4.931210526137875e-06
821,10.841434155074978,13.877687817429177,-14.323528288326543,-4.931210526137875e-06
822,10.849172491725255,13.426387832608071,-14.526384662547287,-4.931210526137875e-06
823,10.846296435549164,13.509108618567666,-14.353624354790924,-4.931210526137875e-06
824,10.90112002086289,13.607789611302849,-14.241956418640427,-4.931210526137875e-06
825,10.810166447835854,13.342206608005881,-14.216066563340974,-4.931210526137875e-06
826,10.795533269602515,13.261585885564841,-14.210146755848598,-4.931210526137875e-06
827,10.895085749855014,13.69652939902224,-14.609785344272709,-4.931210526137875e-06
828,10.863695645460325,13.460997349400657,-14.266914842171346,-4.931210526137875e-06
829,10.90974641531676,13.802778282549525,-14.46213906082997,-4.931210526137875e-06
830,10.846560943256065,13.58320776246046,-14.232882164679197,-4.931210526137875e-06
831,10.762417077189525,13.13380856692251,-14.161860531418952,-4.931210526137875e-06
832,10.847027845977493,13.721785098680186,-14.483546911372855,-4.931210526137875e-06
833,10.855495665035733,13.490848034035565,-14.33600292139127,-4.931210526137875e-06
834,10.915069749506813,13.708280684903144,-14.378118426645486,-4.931210526137875e-06
835,10.789022934141883,13.426602519546407,-14.32686586051986,-4.931210526137875e-06
836,10.899038389276086,13.182435928660652,-14.449275587588318,-4.931210526137875e-06
837,10.901393540314245,13.778780460190688,-14.382309132391768,-4.931210526137875e-06
838,10.878355173043815,13.637192632159127,-14.49577428919477,-4.931210526137875e-06
839,10.928936385166878,13.513378168556102,-14.645703885096523,-4.931210526137875e-06
840,10.875306820556773,13.547946437997638,-14.49895644216464,-4.931210526137875e-06
841,10.896276138126836,13.788684415969726,-14.673834531777388,-4.931210526137875e-06
842,10.980865545583868,13.511001382167564,-14.716033965973736,-4.931210526137875e-06
843,10.979975745572915,13.673699595490348,-14.473080112713319,-4.931210526137875e-06
844,10.943984215733963,13.815221390450176,-14.17752402078969,-4.931210526137875e-06
845,10.964369346839135,13.596539190052624,-14.57932651843933,-4.931210526137875e-06
846,10.888569592328565,13.553401425796096,-14.078135044135934,-4.931210526137875e-06
847,10.833824907291216,13.634922720059677,-14.317145662238119,-4.931210526137875e-06
848,10.92646710718219,13.4293882049366,-14.509288864825209,-4.931210526137875e-06
849,11.001201681479927,13.775533818510354,-14.633004017212585,-4.931210526137875e-06
850,10.828050310665503,13.39267153758172,-14.272620998101047,-4.931210526137875e-06
851,10.92304634127646,13.775689764460793,-14.334003164925434,-4.931210526137875e-06
852,10.868441406810803,13.666075230113591,-14.589534997039081,-4.931210526137875e-06
853,10.888885724427894,13.53502228300718,-14.422506958907093,-4.931210526137875e-06
854,10.902023883141283,13.509217462638304,-14.364357582343203,-4.931210526137875e-06
855,10.96058215140556,13.726251363253283,-14.66608564440159,-4.931210526137875e-06
856,10.901000847321768,13.649303744049945,-14.545350132145657,-4.931210526137875e-06
857,10.973704236281264,13.556439231108271,-14.37835404516808,-4.931210526137875e-06
858,10.934226763770312,13.697100648828155,-14.339213276990435,-4.931210526137875e-06
859,10.947875924125412,13.842687373758366,-14.379598163137643,-4.931210526137875e-06
860,10.856581092084696,13.052807669754372,-14.14653064285487,-4.931210526137875e-06
861,10.882735025973375,13.675116388512237,-14.43047437442604,-4.931210526137875e-06
862,10.953679560143428,13.477533169797766,-14.484697676814477,-4.931210526137875e-06
863,10.94240025285427,13.421267350865293,-14.7819901951936,-4.931210526137875e-06
864,10.97746820146233,13.912147442427425,-14.435134908721551,-4.931210526137875e-06
865,10.922866380115124,13.718416318862552,-14.42588168925812,-4.931210526137875e-06
866,10.955299881481835,13.65902759372176,-14.635563753769176,-4.931210526137875e-06
867,10.996186234279435,13.544258093145004,-14.333294377632086,-4.931210526137875e-06
868,10.928655067480463,13.68332932652902,-14.487136785731963,-4.931210526137875e-06
869,10.893773557557836,13.925650693340856,-14.465680209835654,-4.931210526137875e-06
870,10.931833953617968,13.487559277655293,-14.407560150468584,-4.931210526137875e-06
871,10.981482072341294,14.013803153409413,-14.528430229983044,-4.931210526137875e-06
872,10.92166973640343,13.758698784725794,-14.308649471623212,-4.931210526137875e-06
873,10.80867611579174,13.544002215287321,-14.349942866273523,-4.931210526137875e-06
874,10.866263435957592,13.351476145469576,-14.102680618229002,-4.931210526137875e-06
875,10.925515023796606,13.808930837078094,-14.561585312882471,-4.931210526137875e-06
876,10.864071847405341,13.435740261243552,-14.222158096709677,-4.931210526137875e-06
877,10.928107230528553,13.746367718143716,-14.609717273447018,-4.931210526137875e-06
878,11.018491981703392,13.931356583588581,-14.797199608074834,-4.931210526137875e-06
879,10.999154158202828,13.499522313789328,-14.283217229117156,-4.931210526137875e-06
880,10.994703652121302,13.88508890392572,-14.616295784352687,-4.931210526137875e-06
881,10.956988796125643,13.560898062893926,-14.641290693042862,-4.931210526137875e-06
882,11.005206715297788,13.858403131054445,-14.624954393120618,-4.931210526137875e-06
883,10.91594355978225,13.82548202212405,-14.275184824974914,-4.931210526137875e-06
884,10.894553583670643,13.37921599368039,-14.346088648905607,-4.931210526137875e-06
885,10.958459131355653,13.822124124997913,-14.439733680571663,-4.931210526137875e-06
886,10.984886284727452,13.792107534981739,-14.774219307149679,-4.931210526137875e-06
887,10.88731936390161,13.3501481453076,-14.609062748542215,-4.931210526137875e-06
888,10.998220363384576,13.78991235158378,-14.660987015233829,-4.931210526137875e-06
889,11.010665846957124,13.474885712057727,-14.439540562170933,-4.931210526137875e-06
890,11.130514060466794,13.855531005847496,-14.690970071245303,-4.931210526137875e-06
891,11.069889307762935,13.803368203385645,-14.691728820805707,-4.931210526137875e-06
892,11.019364129155349,14.080466443851407,-14.583101189944244,-4.931210526137875e-06
893,11.025021459345623,13.650967756870585,-14.506313940031532,-4.931210526137875e-06
894,11.019803475591686,13.73120634781418,-14.47368571041072,-4.931210526137875e-06
895,11.018489068363579,13.798723883618777,-14.29356222529411,-4.931210526137875e-06
896,10.986153581832241,13.716684355200385,-14.455465774780222,-4.931210526137875e-06
897,10.993596230544483,13.702905168580656,-14.25977414245753,-4.931210526137875e-06
898,10.914855735950312,13.514665038765827,-14.449747443875381,-4.931210526137875e-06
899,11.063553211884482,13.964230884915281,-14.604325591212671,-4.931210526137875e-06
900,10.98607449389732,13.39451686348383,-14.485174368838386,-4.931210526137875e-06
901,11.08456866120332,13.945730341224788,-14.79266563478916,-4.931210526137875e-06
902,11.007246858183066,13.621666955622516,-14.698414945010882,-4.931210526137875e-06
903,11.090148614439727,13.578355568492384,-14.921033329080657,-4.931210526137875e-06
904,11.124470292793262,13.95885386050358,-14.456569216722372,-4.931210526137875e-06
905,11.088588267141006,14.091004681660706,-14.821936022950027,-4.931210526137875e-06
906,11.05949598673891,13.741019486093933,-14.528073435701444,-4.931210526137875e-06
907,11.041550237839658,13.81832047762282,-14.778303796516994,-4.931210526137875e-06
908,11.051498845869673,13.927374775407316,-14.644382569218024,-4.931210526137875e-06
909,11.08312822642813,13.914370843631872,-14.712241951480095,-4.931210526137875e-06
910,11.071460019786969,13.882594898264074,-14.805885807340871,-4.931210526137875e-06
911,11.086832744688309,13.51734724841154,-14.373070414575508,-4.931210526137875e-06
912,11.100658651875278,13.973176889841142,-14.780557899398957,-4.931210526137875e-06
913,11.090026493749349,13.987680262307265,-14.881235186954456,-4.931210526137875e-06
914,11.030673158386094,13.619561634342148,-14.55976614043864,-4.931210526137875e-06
915,11.168457387557794,13.58362069401366,-14.817068771426491,-4.931210526137875e-06
916,11.099183772296328,14.0202720391338,-14.721932160244748,-4.931210526137875e-06
917,11.086498514804077,13.890604504486532,-14.595118207426623,-4.931210526137875e-06
918,11.090310203618799,14.31792301789713,-14.840531549431432,-4.931210526137875e-06
919,11.038670722364031,13.744618167688003,-14.438297665547452,-4.931210526137875e-06
920,11.003140122468267,13.515875443048316,-14.570728907013702,-4.931210526137875e-06
921,10.975269472690456,14.00837362956841,-14.820637327417288,-4.931210526137875e-06
922,11.06788040184864,13.94559783922594,-14.818810970243291,-4.931210526137875e-06
923,11.124784597074267,14.140484812014108,-14.761468121208594,-4.931210526137875e-06
924,11.043034816539716,13.400305447504508,-14.346069556636124,-4.931210526137875e-06
925,11.101969153665493,14.30383135824593,-14.772167046781206,-4.931210526137875e-06
926,11.034471327984704,14.101466617646423,-14.913533813608865,-4.931210526137875e-06
927,11.044978116042444,13.694438255014063,-14.766511776166624,-4.931210526137875e-06
928,11.164111871405453,13.875805931178036,-14.52735594412762,-4.931210526137875e-06
929,11.09694271510864,14.208914030263713,-14.601692753179776,-4.931210526137875e-06
930,11.033542505490857,13.7223272778391,-14.576253062725243,-4.931210526137875e-06
931,11.0300578478778,13.91693877611138,-14.260373725531764,-4.931210526137875e-06
932,11.082557770146707,13.544158416689214,-14.398392816711066,-4.931210526137875e-06
933,10.9908476949214,13.997476117074285,-14.35751109267332,-4.931210526137875e-06
934,11.027252812186134,13.7251432665538,-14.396637428874556,-4.931210526137875e-06
935,11.059162781797681,14.155586577701058,-14.591909434826732,-4.931210526137875e-06
936,11.02724612709983,13.57427896835938,-14.768695890092218,-4.931210526137875e-06
937,11.097750556334063,13.919460413365186,-14.870211055295457,-4.931210526137875e-06
938,11.116502163341693,13.840948791137976,-14.821492851024018,-4.931210526137875e-06
939,11.114278561755668,13.846523796351448,-14.991010916219551,-4.931210526137875e-06
940,11.14703872669213,13.909302538146278,-15.006965852342518,-4.931210526137875e-06
941,11.139099452485993,13.734887574597707,-14.634951017492057,-4.931210526137875e-06
942,11.232198878171175,14.092731889303025,-14.374873253554142,-4.931210526137875e-06
943,11.08990067970467,13.814002482191995,-14.661678542747524,-4.931210526137875e-06
944,11.110475432055239,13.708231577020683,-14.951567337505665,-4.931210526137875e-06
945,11.208254220860738,13.667867184679267,-14.805513774030516,-4.931210526137875e-06
946,11.217352677339761,14.77554315137806,-14.930266826300993,-4.931210526137875e-06
947,11.098508096967123,13.490074169703348,-14.593165550839714,-4.931210526137875e-06
948,11.110143802216783,14.099031529245167,-14.800009383481807,-4.931210526137875e-06
949,11.116211266129312,14.059118115605145,-14.767450793857364,-4.931210526137875e-06
950,11.185501425842006,14.113226351892138,-14.872122558581538,-4.931210526137875e-06
951,11.20232682993452,13.958215341101436,-14.847775058796586,-4.931210526137875e-06
952,11.161637182411482,14.13498504884683,-14.869157859231876,-4.931210526137875e-06
953,11.072810820102063,14.030388457697,-14.345626870726122,-4.931210526137875e-06
954,11.006067069402775,14.274257202741069,-14.637146900794434,-4.931210526137875e-06
955,11.08483845294478,13.815342932852218,-14.830999105312372,-4.931210526137875e-06
956,11.063204064516242,14.00909500559112,-14.312724851822779,-4.931210526137875e-06
957,11.0871993269688,13.984688380270569,-14.970118183906024,-4.931210526137875e-06
958,11.008392696394367,14.071441828425094,-14.811441927536606,-4.931210526137875e-06
959,11.112688564284895,13.599385018641868,-14.806691876362606,-4.931210526137875e-06
960,11.142289305577833,14.418693519762854,-14.7742871928574,-4.931210526137875e-06
961,10.95846565270574,14.084687740230748,-14.701351253371229,-4.931210526137875e-06
962,11.025563496531106,13.890621099368758,-14.732926889959046,-4.931210526137875e-06
963,11.080113375788414,13.742235709214413,-14.842529060244928,-4.931210526137875e-06
964,11.130512228680175,14.019814724777632,-14.77387312820791,-4.931210526137875e-06
965,11.063144235383902,13.781774767358797,-14.734228625839151,-4.931210526137875e-06
966,11.17278854600761,14.39723594356721,-15.044054040756706,-4.931210526137875e-06
967,11.110781471695418,13.592141850881546,-14.780669301705458,-4.931210526137875e-06
968,11.154850655075506,14.118690904620024,-14.860966004332141,-4.931210526137875e-06
969,11.15091000877976,14.243538001123255,-15.185774991260743,-4.931210526137875e-06
970,11.104861649754127,13.698992758740928,-14.630965021366151,-4.931210526137875e-06
971,11.14908000105703,14.138505111858478,-14.701212394233067,-4.931210526137875e-06
972,11.053164139157616,13.991046154604533,-14.86866807317206,-4.931210526137875e-06
973,11.047583984977223,13.805488880030595,-14.693021990906928,-4.931210526137875e-06
974,11.080351272174255,13.689245126641993,-14.876998841704747,-4.931210526137875e-06
975,11.164337232236846,13.848066978130504,-14.580228361006334,-4.931210526137875e-06
976,11.079630957270126,13.966100991650535,-14.616082696284735,-4.931210526137875e-06
977,11.135800304488043,14.218607049024826,-15.025374462655918,-4.931210526137875e-06
978,11.045334202800348,14.038396215572163,-14.721490013913126,-4.931210526137875e-06
979,11.137254696111768,13.69156587820558,-14.58287465901951,-4.931210526137875e-06
980,11.098439154855498,14.010002572859293,-14.778355329025757,-4.931210526137875e-06
981,11.150586916575548,13.860553469024921,-14.964164237176732,-4.931210526137875e-06
982,11.158316026003376,14.17860304556774,-14.67916430637429,-4.931210526137875e-06
983,11.164586452178582,14.202909069058393,-14.99753591524238,-4.931210526137875e-06
984,11.11139513645935,13.984079377871836,-14.78153882859182,-4.931210526137875e-06
985,11.134643362997963,14.129834644553029,-14.629499218142428,-4.931210526137875e-06
986,11.138683871502451,14.312911529070647,-14.585204985996796,-4.931210526137875e-06
987,11.099313500306266,13.879756624574156,-15.034216101784764,-4.931210526137875e-06
988,11.179873752311664,13.821183623094583,-14.911099142484588,-4.931210526137875e-06
989,11.17573034757612,13.820459873584866,-14.469713021462184,-4.931210526137875e-06
990,11.189193481972552,13.85216303040309,-14.379174527834024,-4.931210526137875e-06
991,11.108068708258429,14.031708651193952,-14.61655130938064,-4.931210526137875e-06
992,11.081431123461243,13.731876243091648,-14.601926948069064,-4.931210526137875e-06
993,11.10313203070018,14.063685563364317,-14.978166700653631,-4.931210526137875e-06
994,11.134741287931206,13.92412702362148,-15.258935006537541,-4.931210526137875e-06
995,11.102610458451977,13.935788152008968,-14.863127002623472,-4.931210526137875e-06
996,11.157487376560198,14.177271622828528,-14.970066877612666,-4.931210526137875e-06
997,11.06835702190807,13.96585019976959,-14.671260189660913,-4.931210526137875e-06
998,11.081297057931351,13.778504381801127,-14.678279869630998,-4.931210526137875e-06
