,tas,rlut,rsut,rsdt
0,1.9000047599604954,0.5659219542710332,-1.8813236440506955,0.08231592738212612
1,1.9372474563430728,0.4437166873773606,-1.2370930494221568,0.005592296339443692
2,1.8564862895731835,0.2571238615102516,-1.6781883044780557,-0.014745003462621753
3,2.062019379851108,0.6773886287712969,-1.876291466837472,-0.02737408825817056
4,1.8279273245761942,0.25296513036627744,-1.1331841790048145,-0.026858151055648705
5,1.8968173004279265,0.09244319099849463,-1.6472910681953152,-0.018238601522398312
6,2.25388023560447,0.935921130695192,-2.289977464753676,0.04387045298767589
7,2.1845993778047728,0.5688444291637609,-1.8717423303689458,0.12076849782215504
8,2.2158738161928113,0.7452658576673343,-2.15639593449238,0.17452930352527574
9,2.4330212374238727,0.9649543634830025,-1.9980191198085606,0.18658612293813803
10,2.3722252683814986,0.791511435399201,-1.9209951943454513,0.14713539627376804
11,2.2797443489246234,0.5238656779799555,-2.0065365232941303,0.10386052401526058
12,2.5368103225513323,0.7223563556663635,-2.576341323071617,0.05814448144212747
13,2.62025795180233,1.1869493189972218,-2.2572575433494535,0.027076172641443463
14,2.4634878130150923,0.9168056695833116,-2.2947950158238655,0.003746066085966504
15,2.491718911338353,0.6635424314632985,-2.2270743449047217,-0.0159995916961293
16,2.565471327065268,0.8016910213389394,-2.8148255346158066,-0.034748448395873766
17,2.7159827093537388,0.9675954907915525,-2.2549457286150982,-0.032423192386090705
18,2.507402538373526,0.7000427034893733,-2.1266818736228714,0.002020052283910445
19,2.646244815734576,0.9352518672174028,-2.717245837716689,0.0785023757689487
20,2.943035625897437,1.1611770350318125,-2.69281464708763,0.08701292105286029
21,2.9609785677108675,1.1280539603974944,-2.572929644504896,0.13191416697043223
22,2.8155127697091302,1.0131828192775174,-2.5969587690126446,0.08882230078779685
23,2.7482085307979105,0.995521090850076,-2.802063883377187,0.08734865587842933
24,3.0125187314925483,1.042869042562529,-3.222602706369031,0.0485339916312455
25,3.274882058091748,1.3012119942954712,-3.295532335096169,0.0033971186330745695
26,3.443806049054274,1.4841090603005398,-3.18022197621346,-0.03626882746459614
27,3.350979303414249,1.5611176227722865,-3.2782972296976993,-0.049354514432991436
28,3.1857684564935767,1.0939760523488928,-3.0500468538468937,-0.04545683914801657
29,3.1930732282557983,1.0118779188395308,-3.1066385678973347,-0.02504498463639493
30,3.4358247836819373,1.4839323456157558,-3.5404871071714155,0.04084971675985116
31,3.4389665545463686,1.4406930334554033,-3.0589733914590624,0.09119104367539421
32,3.4871103239111676,1.5603982161945567,-3.4376803456293032,0.14640062700590306
33,3.6558202256421737,1.4604259753941733,-3.885124803848427,0.15289202320661843
34,3.9756391001048996,2.00586654340421,-3.9936039827587564,0.10876194649733861
35,3.897361943098076,1.8701569885249683,-3.7655892185678965,0.049258547420606646
36,3.8507830067014766,1.5934176828309887,-3.9887989385897384,0.017187023821009006
37,4.145590408814201,2.023807413755975,-4.24489027397135,-0.015966737710186862
38,4.082970817790795,1.8422525456936114,-4.011341326246836,-0.04107220733931172
39,4.057236346502009,1.7487188237818145,-4.224394305298318,-0.03498341491774681
40,4.195956833836647,1.7325550833342618,-4.058386906288149,0.006014195819830093
41,4.269773929357996,1.864975731783062,-4.320397150096042,0.05384904840292393
42,4.422251485820254,1.8666812131275776,-4.614194673010928,0.057636606854146066
43,4.5937492506955095,2.316099480802933,-4.398175246961472,0.06487182834365512
44,4.513922137757277,2.219277991372138,-4.318141074442011,0.07625128439474338
45,4.464340861056087,1.851921981328303,-4.6025608209469056,0.03939629551962298
46,4.684360242629907,2.143635195501588,-5.071200272671135,-0.003762826550769205
47,4.985609631190641,2.3111084159825737,-4.862204815546747,-0.0298359413268372
48,4.839967848360686,2.5085525107976707,-4.683988811826836,-0.040924479680541026
49,4.78869760346214,2.0828761120594663,-5.080930451982752,-0.04414507194394446
50,4.979486703080738,2.3119193589141673,-5.099639857377127,-0.03570625990903409
51,5.120472115534028,2.582498167696258,-5.021787388888029,0.014776000061090144
52,5.092615171487694,2.4251908858918796,-5.188815469161753,0.06654026144502723
53,5.257018737560259,2.3776409636620315,-5.429696779909804,0.0957651275761009
54,5.356457575097352,2.6015462815141746,-5.275727735670728,0.08951232712018964
55,5.375479554557501,2.6113954630113483,-5.361015984876602,0.05732351609287889
56,5.32347372355008,2.4588892731889587,-5.3523474063989624,0.014025626847399053
57,5.754005571296545,2.7763169558101595,-5.7907398107676755,-0.0011619417290944511
58,5.730302679082456,2.7606226246375627,-5.721309696254465,-0.0215741325680483
59,5.73712284111059,2.9840209837180396,-5.730138241405285,-0.0448627477275636
60,5.794112533777991,2.637883979501197,-5.92855908697031,-0.05399984371149458
61,5.873291644282062,2.7341946664399757,-5.902031408803822,-0.06318653138265518
62,5.9724298400978455,2.64214113319062,-6.130058216652955,-0.05413987861049918
63,6.257043478240007,2.9837503387219897,-6.205168728221125,-0.022083497846324462
64,6.413612148667198,3.100170365527731,-6.168045533905499,0.01874125750953226
65,6.434989688938401,3.155904907023171,-6.577318999814878,0.04464560398929507
66,6.2627690515250265,3.0135478801028057,-6.221996697831841,0.04290861051339334
67,6.360958167589104,2.892213251006382,-6.182022586340665,0.047117298442401534
68,6.57833680706284,3.2318104881973113,-6.5268393728979675,0.02480050551878321
69,6.751407627274887,3.4992831891699154,-6.4801275264937175,0.006739390369489229
70,6.756169905775437,3.0544741276787875,-6.454501236198709,-0.031175441757682165
71,6.864899226572959,3.527751381367864,-6.789345426169305,-0.055675199412007714
72,6.722227011410951,3.224526789651094,-6.807021625750593,-0.059816256935960155
73,6.788340650273597,3.348040429937953,-6.879278224375568,-0.056667603911705555
74,6.818624764316098,2.9883674997705896,-6.527392736908439,-0.028880874890035102
75,7.14094464731636,3.5733066068712276,-7.072370757485231,0.026266511738299414
76,7.172651871310961,3.691353183616144,-7.1661145631567535,0.060189758009698835
77,7.145495624246223,3.617101784993224,-7.24896658966172,0.1144846450799264
78,7.272544520658926,3.6281442091945735,-7.646762132585309,0.10168521701638156
79,7.594553377449415,3.766909539818755,-7.647078043673432,0.06149897603881982
80,7.567501438739953,3.8527982686713926,-7.424738603286627,0.017986102137115267
81,7.589783593408129,3.7327323601958824,-7.743673686139587,-0.015737849158085737
82,7.68826785764054,3.6919137061443905,-7.396501860598136,-0.03094526759105065
83,7.794186419151572,4.066470660741487,-7.688366142709029,-0.04420356325783814
84,7.879071371674115,4.0333048326737355,-7.997571676952333,-0.028977702972667885
85,8.014362208923387,4.023953710646282,-8.294186337963254,0.004072106271678422
