,tas,rlut,rsut,rsdt
0,1.3604906239936554,-5.074700618155902,-0.8336747400252733,5.684341886080802e-14
1,1.8351257900030191,-4.038387935950766,-0.7681974427149498,5.684341886080802e-14
2,1.9512634797749797,-3.8287579491216377,-1.1245849917722808,5.684341886080802e-14
3,2.1679908585936687,-3.608366792687576,-1.165423167314671,5.684341886080802e-14
4,2.70805348302639,-3.5928140443660084,-0.23289001891521366,5.684341886080802e-14
5,3.0328856999353775,-2.8536823757892193,-0.4996599018376173,5.684341886080802e-14
6,2.8713246655644866,-2.705297586788845,-0.9574232248148178,5.684341886080802e-14
7,2.987388272380315,-2.712234035923217,-0.8884374644826067,5.684341886080802e-14
8,3.296849174214742,-2.9272908640141964,-0.5002590708917154,5.684341886080802e-14
9,3.468928531860854,-2.2179349816591696,-0.4071191499848794,5.684341886080802e-14
10,3.0461060680905234,-2.2291151682680095,-0.6837220932493295,5.684341886080802e-14
11,3.108397179123415,-2.7710094820975826,-0.5640191053222736,5.684341886080802e-14
12,3.3541160243296417,-2.305906880977119,-0.4606840894127515,5.684341886080802e-14
13,3.2425380691714167,-2.295843214499655,-0.6059394732373988,5.684341886080802e-14
14,3.48864493650575,-2.448555834408353,-0.3139709957377761,5.684341886080802e-14
15,3.5411685863955995,-1.7894162630166193,-0.5152962916819632,5.684341886080802e-14
16,3.234371086600504,-2.2233582812115458,-0.6258318337675917,5.684341886080802e-14
17,3.176267996850072,-2.4232715309233015,-0.9579353831727104,5.684341886080802e-14
18,3.5188099136949518,-2.4621210732870225,-0.12722526967287706,5.684341886080802e-14
19,3.5926130114531816,-2.1195751610508466,-0.17750504436767756,5.684341886080802e-14
20,3.3550155188518147,-1.909981960212093,-0.6021721710442307,5.684341886080802e-14
21,3.394415362659686,-2.223975013633975,-0.498258802426534,5.684341886080802e-14
22,3.451324321360005,-1.9339409281577389,-0.37162195906597617,5.684341886080802e-14
23,3.4206329618750715,-1.9476822302798666,-0.4396877049509129,5.684341886080802e-14
24,3.6177590342483654,-2.0378627181348463,-0.15088742421187362,5.684341886080802e-14
25,3.591644323179821,-2.154516489098995,-0.24338877408554538,5.684341886080802e-14
26,3.509388277344101,-2.135020486390829,0.05057131620715438,5.684341886080802e-14
27,3.309585319956682,-2.126079696987375,-0.5727109009086888,5.684341886080802e-14
28,3.152930797038948,-2.176659547357559,-0.8165725798876622,5.684341886080802e-14
29,3.406069980834559,-2.4314531682384484,-0.018726255927774105,5.684341886080802e-14
30,3.6540872644839055,-2.106529016677257,-0.24779714820513732,5.684341886080802e-14
31,3.418345450217714,-2.370825997885305,-0.13712263369325228,5.684341886080802e-14
32,3.4379406220912188,-2.1884720445102914,-0.3081236574884798,5.684341886080802e-14
33,3.6271101940782273,-2.304602703501331,-0.06436811385044905,5.684341886080802e-14
34,3.6790694454222717,-1.8039621157748797,-0.20056518334563123,5.684341886080802e-14
35,3.4041770881595994,-2.03538008539104,-0.6433414438941014,5.684341886080802e-14
36,3.470406948416496,-2.2089293926337916,-0.5076853841952129,5.684341886080802e-14
37,3.7263473033503374,-2.0670384172219656,0.08369911519075401,5.684341886080802e-14
38,3.7526187167066496,-1.7347609597067901,-0.25006412396025723,5.684341886080802e-14
39,3.489122420954459,-1.7034895766641682,-0.6662287311205972,5.684341886080802e-14
40,3.6291273376587583,-2.1488927136661857,0.0893268029661698,5.684341886080802e-14
41,3.7211535568388854,-2.2002351998386303,-0.06902256587105171,5.684341886080802e-14
42,3.52279312614138,-2.010035457300546,-0.3401080374561616,5.684341886080802e-14
43,3.441661954199958,-2.110490898287196,-0.30548328775417133,5.684341886080802e-14
44,3.7562867408950638,-2.012786845136759,-0.08710432402347124,5.684341886080802e-14
45,3.6904962723907033,-1.875965259177633,-0.3961646358979891,5.684341886080802e-14
46,3.3717529597462317,-1.628903566260874,-0.7439922950229771,5.684341886080802e-14
47,3.3386233566452006,-2.376763536133211,-0.41408477023087187,5.684341886080802e-14
48,3.6844809295342884,-1.8803650696731324,-0.05536443908972899,5.684341886080802e-14
49,3.7780973328659115,-1.7265834244100233,-0.26466171122389426,5.684341886080802e-14
50,3.726225004131493,-1.7309441677957693,-0.4408819762106049,5.684341886080802e-14
51,3.5969321156753153,-1.8453643086937745,-0.278269506527252,5.684341886080802e-14
52,3.7207038143652085,-1.9925328451466555,-0.1181934621777998,5.684341886080802e-14
53,3.566199359614359,-1.962890164063566,-0.5419535510949061,5.684341886080802e-14
54,3.72629652388315,-2.058529024579286,0.03182610742067027,5.684341886080802e-14
55,3.724200796472644,-2.0450822717260735,-0.004987679515195964,5.684341886080802e-14
56,3.6996012469625725,-1.8212393210972664,-0.4441302791846198,5.684341886080802e-14
57,3.7602235012664664,-2.0909830593892593,-0.1453718492145839,5.684341886080802e-14
58,3.6919111873547195,-1.9037149467886252,-0.29222112913969056,5.684341886080802e-14
59,3.4621854068614084,-1.8430030987607608,-0.4490771576578396,5.684341886080802e-14
60,3.595697162947488,-2.1024596039944186,0.0008934254779262574,5.684341886080802e-14
61,3.6939894699550564,-1.89886967435109,-0.44270922577453575,5.684341886080802e-14
62,3.5908566883795743,-2.284168869796275,0.14596079591051137,5.684341886080802e-14
63,3.6036534463380008,-1.7977265592411982,-0.3504432265529971,5.684341886080802e-14
64,3.3003603698663824,-1.8979000362826923,-0.6153906015426571,5.684341886080802e-14
65,3.309425709661923,-2.3634698986464286,-0.6712989371689844,5.684341886080802e-14
66,3.735908211303638,-2.0889330616774373,-0.1407649867253582,5.684341886080802e-14
67,3.8486119610292917,-1.766007051179571,-0.1869778310153265,5.684341886080802e-14
68,3.696999002786754,-1.7722860316521007,-0.13830709681262476,5.684341886080802e-14
69,3.3981218770030637,-2.052271363992901,-0.5919456954853928,5.684341886080802e-14
70,3.326302291919717,-2.3931857401669845,-0.4663177069443236,5.684341886080802e-14
71,3.6636537220020955,-1.9749789226633538,-0.0003124196624213482,5.684341886080802e-14
72,3.7493654746343736,-1.8812858873195921,-0.10708298106477798,5.684341886080802e-14
73,3.404942423004627,-1.8320916497008568,-0.43868607589739383,5.684341886080802e-14
74,3.5410614666483298,-2.096546062795113,-0.47404457435260383,5.684341886080802e-14
75,3.809978494844927,-1.5460221123986457,-0.3748335669012306,1.1368683772161603e-13
76,3.6131416590253025,-1.8179480675911748,-0.3969631016089039,5.684341886080802e-14
77,3.5004881646798935,-1.995017879559498,-0.423959058721735,5.684341886080802e-14
78,3.6791083734219683,-1.6714773254083468,-0.048708091026441025,5.684341886080802e-14
79,3.693713304401115,-1.9793471300100123,-0.05705087897966621,5.684341886080802e-14
80,3.5233159342098475,-1.9466388622053898,-0.44294931127321036,5.684341886080802e-14
81,3.68391893108128,-2.0032693604107408,-0.013972033324989752,5.684341886080802e-14
82,3.577412745353456,-1.7659196521632623,-0.41685797614916,5.684341886080802e-14
83,3.470092384243685,-2.2429148558328507,-0.2033016962728169,5.684341886080802e-14
84,3.769121015579344,-2.048113665349831,-0.09573525179817466,5.684341886080802e-14
85,3.774927510796374,-1.73430801162732,-0.2828429782809536,5.684341886080802e-14
86,3.6975493139885316,-1.8709882952929888,-0.3114512558627922,5.684341886080802e-14
87,3.710306943639523,-1.9621565414557267,-0.1246602488177615,5.684341886080802e-14
88,3.6954362353541796,-1.5828477674029102,-0.5077383427100557,5.684341886080802e-14
89,3.5460175559751974,-2.030815274948168,-0.5453213069318252,5.684341886080802e-14
90,3.8180561100053296,-1.6801672580764944,-0.18327775376170052,5.684341886080802e-14
91,3.782031239152957,-2.104945887969734,0.017385773680132388,5.684341886080802e-14
92,3.472838515581202,-1.4204791753404038,-0.4964673128527437,5.684341886080802e-14
93,3.307967229441033,-2.294629332702044,-0.6932699352425544,5.684341886080802e-14
94,3.6076172808508886,-2.2745246126935967,-0.2650315059638899,5.684341886080802e-14
95,3.8247832776095265,-1.8604769240971564,-0.1330939711679946,5.684341886080802e-14
96,3.8890719126786735,-1.9441545434741272,-0.026426970068371247,5.684341886080802e-14
97,3.7616990330370754,-1.444199474671393,-0.38823967824225747,5.684341886080802e-14
98,3.4798114430132046,-1.8683997020800405,-0.6789798886800043,5.684341886080802e-14
99,3.737414422928566,-1.7444840242857538,-0.42174869002136006,5.684341886080802e-14
100,3.8202807095911453,-1.6417011612098804,-0.25682916996346705,5.684341886080802e-14
101,3.791423991793124,-1.8576411238764479,-0.08815739142183077,5.684341886080802e-14
102,3.8716988371827483,-1.5672002847671251,-0.3256327549814131,5.684341886080802e-14
103,3.759692733797749,-1.3640032026891902,-0.8020429210030073,1.1368683772161603e-13
104,3.715499434742071,-1.8751459246120135,-0.4105482076290343,1.1368683772161603e-13
105,3.9337005163053504,-1.7005611272013539,-0.24518669750518995,1.1368683772161603e-13
106,3.9684305722337854,-1.8707791353882612,-0.17198036407040718,1.1368683772161603e-13
107,3.9346461817538056,-1.8104265014120529,-0.011176996146360807,1.1368683772161603e-13
108,3.95256049263935,-1.5609073055745455,-0.09909069004858395,1.1368683772161603e-13
109,3.7852980142820343,-1.8637650026413723,-0.3843868085954796,1.1368683772161603e-13
110,4.037114952014804,-1.8828171615656402,0.08371778249482986,1.1368683772161603e-13
111,4.1061106857770255,-1.502720213514749,-0.16984351632585515,1.1368683772161603e-13
112,3.8686217779843446,-1.4930791905853482,-0.3463405471689356,1.1368683772161603e-13
113,3.7251327263532517,-1.9738032806988315,-0.30889045347763044,1.1368683772161603e-13
114,3.9113548599611363,-2.0525634241413684,0.1762930747100171,1.1368683772161603e-13
115,3.9179562902638736,-1.4280673000050683,-0.2821088919306618,1.1368683772161603e-13
116,3.685150442615736,-1.8630768486351315,-0.6103238596403457,1.1368683772161603e-13
117,3.836239787254385,-1.7287226737017818,-0.3301061201610338,1.1368683772161603e-13
118,3.972130819200231,-1.715251941045011,-0.11370674261750935,1.1368683772161603e-13
119,4.022870755652434,-1.309417035642639,-0.4082767680620947,1.1368683772161603e-13
120,3.713432266853772,-1.4970538370749864,-0.7702774074086136,1.1368683772161603e-13
121,3.702559696768901,-2.3146357101782087,-0.22794401048744817,1.1368683772161603e-13
122,4.011081841220232,-1.1374763544509392,-0.4282847531954417,1.1368683772161603e-13
123,3.8045085678612054,-1.654927261758104,-0.654538657746798,1.1368683772161603e-13
124,3.978182809327677,-1.737960008426768,-0.26765901607654996,1.1368683772161603e-13
125,4.11395051065,-1.5162033538655635,-0.42388301976546927,1.1368683772161603e-13
126,3.881083618564901,-1.3548622837581945,-0.5509008709788503,1.1368683772161603e-13
127,3.849435890598727,-1.4585966958384802,-0.7196922886588908,1.1368683772161603e-13
128,4.105222294109751,-1.5754976283519966,-0.10887625087198671,1.1368683772161603e-13
129,4.129475897976931,-1.5250620467978422,0.02567291938922267,1.1368683772161603e-13
130,3.8999723398605397,-1.1970986361450286,-0.6693801811937306,1.1368683772161603e-13
131,3.8322544203921893,-1.6197791824432386,-0.5475260300526799,1.1368683772161603e-13
132,4.076939731931077,-1.5642930950909602,-0.2851471261686527,1.1368683772161603e-13
133,4.1219752175964,-1.321321927305064,-0.32974936819258005,1.1368683772161603e-13
134,3.9050362009191986,-1.3802217436875708,-0.27063001425429434,1.1368683772161603e-13
135,4.0339444049238296,-1.8422116737763758,-0.11340957284420483,1.1368683772161603e-13
136,4.0717133379000074,-1.4294071212041786,-0.20447876903892848,1.1368683772161603e-13
137,4.084663846020021,-1.6515128358964262,-0.3412747517571404,1.1368683772161603e-13
138,3.9813934032026737,-1.2660259474181714,-0.33007268315643046,1.1368683772161603e-13
139,3.594642210902066,-1.505208040615969,-0.8783502224934097,1.1368683772161603e-13
140,3.734750107964544,-2.024898620001551,-0.46873410438006147,1.1368683772161603e-13
141,4.170449240826656,-1.233283164217454,-0.12094023913820706,1.1368683772161603e-13
142,4.152778139834425,-1.3464321784015567,-0.23343206815083306,1.1368683772161603e-13
143,4.061544742630133,-1.4338230780868457,-0.5702994518548365,1.1368683772161603e-13
144,4.029071514744658,-1.1868928450398641,-0.5820184293740169,1.1368683772161603e-13
145,4.17157114171431,-1.1154108576472197,-0.20083835304676256,1.1368683772161603e-13
146,4.268074411950465,-1.4115124183466037,-0.31770468877121516,1.1368683772161603e-13
147,4.1120451900319495,-0.9061706663917732,-0.3980415160610278,1.1368683772161603e-13
148,3.8270825586301953,-1.525697963411659,-0.5103961849508067,1.1368683772161603e-13
149,4.087925458530492,-1.8670768442137842,-0.14835437848375932,1.1368683772161603e-13
150,4.140797400911197,-1.3027225389740522,-0.47774581692314655,1.1368683772161603e-13
151,,,,
152,,,,
153,,,,
154,,,,
155,,,,
156,,,,
157,,,,
158,,,,
159,,,,
160,,,,
161,,,,
162,,,,
163,,,,
164,,,,
165,,,,
166,,,,
167,,,,
168,,,,
169,,,,
170,,,,
171,,,,
172,,,,
173,,,,
174,,,,
175,,,,
176,,,,
177,,,,
178,,,,
179,,,,
180,,,,
181,,,,
182,,,,
183,,,,
184,,,,
185,,,,
186,,,,
187,,,,
188,,,,
189,,,,
190,,,,
191,,,,
192,,,,
193,,,,
194,,,,
195,,,,
196,,,,
197,,,,
198,,,,
199,,,,
200,,,,
201,,,,
202,,,,
203,,,,
204,,,,
205,,,,
206,,,,
207,,,,
208,,,,
209,,,,
210,,,,
211,,,,
212,,,,
213,,,,
214,,,,
215,,,,
216,,,,
217,,,,
218,,,,
219,,,,
220,,,,
221,,,,
222,,,,
223,,,,
224,,,,
225,,,,
226,,,,
227,,,,
228,,,,
229,,,,
230,,,,
231,,,,
232,,,,
233,,,,
234,,,,
235,,,,
236,,,,
237,,,,
238,,,,
239,,,,
240,,,,
241,,,,
242,,,,
243,,,,
244,,,,
245,,,,
246,,,,
247,,,,
248,,,,
249,,,,
250,,,,
