,tas,rlut,rsut,rsdt
0,1.1393874006654414,-5.867854602807228,-0.7862877201122274,5.684341886080802e-14
1,2.2125368951265614,-4.125163745072712,-0.618427871099172,5.684341886080802e-14
2,2.391442834888039,-3.4077981358736054,-0.8567171075521713,5.684341886080802e-14
3,2.389651293829388,-3.467619677687992,-1.1313922235853084,5.684341886080802e-14
4,2.8365780216138887,-3.249297031721113,-0.7744016878015572,5.684341886080802e-14
5,3.1993125144135774,-2.633690654891865,-0.7241715375807729,5.684341886080802e-14
6,3.023041398107182,-2.1344140264485816,-1.162988057105082,5.684341886080802e-14
7,2.9565965088709163,-2.5550301914749696,-1.4586566369329432,5.684341886080802e-14
8,3.193858933834349,-2.3875462884650176,-1.0036082049267776,5.684341886080802e-14
9,3.528011061546465,-1.9217590856199251,-0.7044967674812881,5.684341886080802e-14
10,3.425143687309344,-2.1956626819072653,-0.6947431760710003,5.684341886080802e-14
11,3.2288889803687653,-2.283131226843267,-0.6872572588685841,5.684341886080802e-14
12,3.2149500755680833,-2.3577929466938485,-0.7482112472647486,5.684341886080802e-14
13,3.659059909571681,-2.132622600597273,-0.6115100552009807,5.684341886080802e-14
14,3.647461718493105,-1.7611068136141057,-0.7140291216067283,5.684341886080802e-14
15,3.4385693565931206,-1.8517223545956938,-1.2391858432092562,5.684341886080802e-14
16,3.5342547349455913,-1.9275862572088727,-0.8553069927474866,5.684341886080802e-14
17,3.800584835180416,-1.8910508311075205,-0.6213805179219491,5.684341886080802e-14
18,3.662704746057102,-1.8329859338191739,-0.7090514097810967,5.684341886080802e-14
19,3.4970714530998634,-1.9415464534701812,-0.9847003014995579,5.684341886080802e-14
20,3.5917199471443837,-2.1056252960491406,-0.6983598131748181,5.684341886080802e-14
21,3.776189677307798,-2.091361704768758,-0.20423415232180275,5.684341886080802e-14
22,3.5895175872300342,-1.7912653743944134,-0.8148312947624419,5.684341886080802e-14
23,3.5582645656545537,-1.6366583661260563,-1.239278578357954,5.684341886080802e-14
24,3.7773581077374274,-1.766885326380958,-0.7864518890389718,5.684341886080802e-14
25,3.877685871970641,-1.849028530683114,-0.261712707427705,5.684341886080802e-14
26,3.647641159407385,-1.9070579426834229,-0.533292349895433,5.684341886080802e-14
27,3.461535671479112,-1.999052388777784,-0.6846918859819056,5.684341886080802e-14
28,3.5158484796800167,-1.962437979021388,-0.8753738442360515,5.684341886080802e-14
29,3.7841663060613087,-2.0370003653244737,-0.39919351448116913,5.684341886080802e-14
30,3.877083894095165,-1.8637787690200867,-0.13477919256142457,5.684341886080802e-14
31,3.7844801649989677,-1.7656493210191684,-0.37911250817019493,5.684341886080802e-14
32,3.5079657880280024,-1.2071487050801295,-1.1053569000124668,5.684341886080802e-14
33,3.4590236236028318,-2.2330628144732145,-0.9187525926892874,5.684341886080802e-14
34,3.728956172797666,-1.890797265918792,-0.4258663672690659,5.684341886080802e-14
35,3.763429767786363,-1.4689758939069577,-0.6077954322985306,5.684341886080802e-14
36,3.519976121275988,-1.5951453011989827,-0.8146804119713096,5.684341886080802e-14
37,3.317843006070518,-1.980276491405391,-1.358816576346598,5.684341886080802e-14
38,3.6357939288498073,-2.1513957471007075,-0.5825055331278293,5.684341886080802e-14
39,4.031201318430988,-1.824620491770645,-0.3567337301342519,5.684341886080802e-14
40,3.95127268870408,-1.601552276340442,-0.26806737402093006,5.684341886080802e-14
41,4.019558840550303,-1.4885598518355607,-0.3659101433526786,5.684341886080802e-14
42,3.888320779198864,-1.7156937058225026,-0.5047541360242747,5.684341886080802e-14
43,3.713262738080971,-1.8635166734302118,-0.4748501182716325,5.684341886080802e-14
44,3.9787179816010507,-1.800717384046294,-0.3351955485551201,5.684341886080802e-14
45,4.056043245201693,-1.535704103482857,-0.24353345449722497,5.684341886080802e-14
46,3.807501288565959,-1.346396768517792,-0.7754859720136835,5.684341886080802e-14
47,3.61104779357089,-1.6956681411758723,-0.6895083848327488,5.684341886080802e-14
48,3.917957086580202,-1.810405235368819,-0.5026166986428819,5.684341886080802e-14
49,3.904781128833463,-1.6407853395298275,-0.4115000577930914,5.684341886080802e-14
50,3.818421491483207,-1.5399831524101728,-0.7151001224221147,5.684341886080802e-14
51,3.7889469780678837,-2.061823298374293,-0.3904259662298557,5.684341886080802e-14
52,3.90831958507988,-1.5852683450247014,-0.536286030335404,5.684341886080802e-14
53,3.5762201387801156,-1.8664824623315326,-0.7978580130843511,5.684341886080802e-14
54,3.8918232863635467,-2.090312902092222,-0.23569295695332926,5.684341886080802e-14
55,4.016505650440081,-1.2067620059476667,-0.7496279098619851,5.684341886080802e-14
56,3.7864975848576705,-1.6698848932922488,-0.36850368716639537,5.684341886080802e-14
57,3.6705897297924253,-1.588581713699142,-0.8013392266308585,5.684341886080802e-14
58,3.8424718188403517,-2.147088718388261,-0.17088858681491104,5.684341886080802e-14
59,3.9652329765129934,-1.3953888708844886,-0.4804311649713924,5.684341886080802e-14
60,3.7457290070618683,-1.7361618644165162,-0.5944891263125243,5.684341886080802e-14
61,3.7765042056516904,-1.6926516468545856,-0.5802796801864503,5.684341886080802e-14
62,3.86116365438221,-1.6593497526035037,-0.20336200527941628,5.684341886080802e-14
63,3.9759723665601996,-1.6524413087944367,-0.35178080182582505,5.684341886080802e-14
64,3.5416468000262284,-1.5252511125709418,-0.8351789900839748,5.684341886080802e-14
65,3.435951574852538,-2.055161969130836,-1.0648610732121426,5.684341886080802e-14
66,3.778308917553545,-1.9701632466596095,-0.3251165455558436,5.684341886080802e-14
67,4.0282407231368325,-1.5867357472219226,-0.46014447458613006,5.684341886080802e-14
68,3.8451682162382212,-1.3182970809901633,-0.5149836108444958,5.684341886080802e-14
69,4.010369643084914,-1.6417809143003694,-0.2622704021065232,5.684341886080802e-14
70,4.077619720944881,-1.599853442641546,-0.08628521738283723,5.684341886080802e-14
71,3.966279314505755,-1.8312653188708907,-0.119799893574978,5.684341886080802e-14
72,3.72085181017394,-1.2786295245008432,-0.6128752737520387,5.684341886080802e-14
73,3.6526522490414663,-1.8495629506618627,-0.7436723766106041,5.684341886080802e-14
74,4.038095560904992,-1.1541282415506657,-0.878394276500444,5.684341886080802e-14
75,3.8928566566369227,-1.5897668665876097,-0.456064167514441,1.1368683772161603e-13
76,3.642568524180149,-1.5266662229370809,-0.8616875003944671,5.684341886080802e-14
77,3.5798539067311026,-1.8013767082819925,-0.700579056819933,5.684341886080802e-14
78,3.7418950038640446,-1.827591505752281,-0.1406726045708382,5.684341886080802e-14
79,3.8716517635896253,-1.630855291381181,-0.36385041940886254,5.684341886080802e-14
80,3.66717912015946,-1.590053746484159,-0.5711529607245893,5.684341886080802e-14
81,3.9077087063146223,-1.8073689449791743,-0.5676211002484166,5.684341886080802e-14
82,4.025095554537245,-1.5889597838541931,-0.29150463318755726,5.684341886080802e-14
83,3.6904457220433073,-1.626389689370427,-0.38087469009388997,5.684341886080802e-14
84,3.5666800015425224,-2.0104661476293018,-0.4680478923181397,5.684341886080802e-14
85,3.691013536887283,-1.6140033329418202,-0.6489232157008757,5.684341886080802e-14
86,3.849897228282373,-1.4830867029551484,-0.641803702225161,5.684341886080802e-14
87,3.6784540343862773,-1.7580160347776825,-0.4724122936987385,5.684341886080802e-14
88,3.6788015301755195,-2.0133144976100255,-0.3100611214496496,5.684341886080802e-14
89,3.973370118062917,-1.7719838322936994,-0.12137760885971716,5.684341886080802e-14
90,3.685186905147418,-1.563070216884654,-0.4902192014577622,5.684341886080802e-14
91,3.5639661431054037,-1.7902686791933036,-0.6985281627913054,5.684341886080802e-14
92,4.066835266469866,-1.594889524430556,-0.3418870494283368,5.684341886080802e-14
93,3.8923063798939097,-1.3157498819813043,-0.5881348713015484,5.684341886080802e-14
94,3.6725359607821133,-1.5480400596438244,-0.8019228767676339,5.684341886080802e-14
95,3.9079260196228347,-1.5619122720726182,-0.45732258366352596,5.684341886080802e-14
96,3.5532157665525688,-1.5960024277229365,-0.7893528679695407,5.684341886080802e-14
97,3.7798635933427818,-1.6443127220916551,-0.593608312911158,5.684341886080802e-14
98,3.9765023560973987,-1.4086461357455846,-0.35480357250176553,5.684341886080802e-14
99,3.751568628928055,-1.622625341574036,-0.4390876161529036,5.684341886080802e-14
100,3.8198821004678507,-1.4721484705226544,-1.129025939402652,5.684341886080802e-14
101,4.024456895892058,-1.894366091779574,-0.39015265248235664,5.684341886080802e-14
102,4.040612912107463,-1.1010858353353683,-0.761863926881901,5.684341886080802e-14
103,3.5760905643022625,-1.6759347345254412,-0.5728002901647358,5.684341886080802e-14
104,3.58423254835742,-1.4197181627131954,-1.1352524597432705,5.684341886080802e-14
105,4.084856375454024,-1.56825043387272,-0.5952610414422566,5.684341886080802e-14
106,4.066563624040668,-1.2587965652946593,-0.5514181391615978,5.684341886080802e-14
107,3.910103065292901,-0.9412767511500135,-1.0163886876753025,5.684341886080802e-14
108,3.572773982140461,-1.2495769783184016,-1.194956521407505,5.684341886080802e-14
109,3.6931468484750667,-1.9912959535577102,-0.8421752651029237,5.684341886080802e-14
110,4.056326179712869,-1.3836455640473844,-0.11508251319474994,5.684341886080802e-14
111,4.049262375147634,-1.9816529364383655,0.1906212939013301,5.684341886080802e-14
112,4.0914003982742315,-1.1225059945015232,-0.41832798472370314,5.684341886080802e-14
113,3.857041783494992,-0.9336129847333439,-0.9638499581031681,5.684341886080802e-14
114,3.7088372456455545,-1.6614622342044356,-1.0609895346771765,5.684341886080802e-14
115,4.021577119810161,-1.7373024877721832,-0.6783994329278897,5.684341886080802e-14
116,4.004728596621646,-1.105997391095059,-0.5421898277081851,5.684341886080802e-14
117,3.850668140494861,-1.4163526383154021,-0.8031139890199057,5.684341886080802e-14
118,4.04011068910404,-1.3502516473714081,-0.3697730316189336,5.684341886080802e-14
119,3.9055296757121596,-1.4141072787972746,-0.6517320598643295,5.684341886080802e-14
120,3.726397806335001,-1.3927826245171957,-1.0408118827013197,5.684341886080802e-14
121,4.107772363316144,-1.349668393230246,-0.4259531887371111,5.684341886080802e-14
122,4.024116368213129,-1.2321185490598339,-0.5090147471679245,5.684341886080802e-14
123,3.655618618979986,-1.351427093712772,-0.9724597600893787,5.684341886080802e-14
124,3.8251625257120736,-1.555785432291458,-0.7352651958195082,5.684341886080802e-14
125,4.249178856300432,-1.2515925812556077,-0.18640859473116222,5.684341886080802e-14
126,4.026216202741182,-1.0429668998638135,-0.6739540507249444,5.684341886080802e-14
127,3.7398220710593364,-1.2651962549130076,-1.079256665238134,5.684341886080802e-14
128,3.9858473508151633,-1.4731169810180802,-0.8029588195787625,5.684341886080802e-14
129,4.254028600246102,-1.4774258901223902,-0.06062207524239227,5.684341886080802e-14
130,4.240690329088238,-1.3648973107626432,-0.16057472260672512,5.684341886080802e-14
131,3.996972843273113,-1.2435863569851051,-0.5457184053303621,5.684341886080802e-14
132,3.82653075913845,-1.289891106528927,-0.8356201474548755,5.684341886080802e-14
133,4.12275310151125,-1.3348020745871167,-0.6044088894115305,5.684341886080802e-14
134,4.284178046861712,-1.0942077726824095,-0.5949509766089847,5.684341886080802e-14
135,3.948684262183747,-1.1177794241640129,-0.5345371549892945,5.684341886080802e-14
136,3.9602597185105424,-1.470136549186094,-0.6669918734443883,5.684341886080802e-14
137,4.0770734314684205,-0.9378422393208155,-0.7416559597644721,5.684341886080802e-14
138,4.30162654017505,-1.4725524976453244,-0.2734336636601,5.684341886080802e-14
139,4.241922227784983,-0.9067872168568272,-0.6171188479493566,5.684341886080802e-14
140,3.780557622102549,-1.2440007590806204,-0.8569674077202478,5.684341886080802e-14
141,3.850707818223327,-1.4134684531873916,-1.070606216856234,5.684341886080802e-14
142,4.269898022840607,-1.1030318549385925,-0.45623769420451765,5.684341886080802e-14
143,4.3358164320079595,-0.7976359302828939,-0.7298858823384933,5.684341886080802e-14
144,4.176927444607884,-1.2943681725400324,-0.4306404772136432,5.684341886080802e-14
145,4.288807099689393,-0.9463545252612278,-0.8244469969757517,5.684341886080802e-14
146,4.057090934359962,-1.1119079545972,-1.000138607908582,5.684341886080802e-14
147,4.084859816108349,-1.343418742110373,-0.7043767190086072,5.684341886080802e-14
148,4.2672197429146195,-1.3622818637532248,-0.5184947285170693,5.684341886080802e-14
149,4.31315699615169,-0.7855420797929753,-0.8033154236867119,0.0
150,4.030990798498863,-1.0708536624511567,-0.6898503717057167,0.0
151,,,,
152,,,,
153,,,,
154,,,,
155,,,,
156,,,,
157,,,,
158,,,,
159,,,,
160,,,,
161,,,,
162,,,,
163,,,,
164,,,,
165,,,,
166,,,,
167,,,,
168,,,,
169,,,,
170,,,,
171,,,,
172,,,,
173,,,,
174,,,,
175,,,,
176,,,,
177,,,,
178,,,,
179,,,,
180,,,,
181,,,,
182,,,,
183,,,,
184,,,,
185,,,,
186,,,,
187,,,,
188,,,,
189,,,,
190,,,,
191,,,,
192,,,,
193,,,,
194,,,,
195,,,,
196,,,,
197,,,,
198,,,,
199,,,,
200,,,,
201,,,,
202,,,,
203,,,,
204,,,,
205,,,,
206,,,,
207,,,,
208,,,,
209,,,,
210,,,,
211,,,,
212,,,,
213,,,,
214,,,,
215,,,,
216,,,,
217,,,,
218,,,,
219,,,,
220,,,,
221,,,,
222,,,,
223,,,,
224,,,,
225,,,,
226,,,,
227,,,,
228,,,,
229,,,,
230,,,,
231,,,,
232,,,,
233,,,,
234,,,,
235,,,,
236,,,,
237,,,,
238,,,,
239,,,,
240,,,,
241,,,,
242,,,,
243,,,,
244,,,,
245,,,,
246,,,,
247,,,,
248,,,,
249,,,,
250,,,,
