,tas,rlut,rsut,rsdt
0,1.124754375085388,-5.264640405558339,-2.3216222867933993,-1.4035606454854133e-08
1,1.7713184463570997,-3.892270526767902,-1.9067546691487678,4.206412995699793e-12
2,2.181274391541365,-2.9776906088335124,-1.6774666816510688,3.865352482534945e-12
3,2.5958619470027884,-2.5258804391952765,-2.538143320149956,3.524291969370097e-12
4,2.8822346028488255,-1.4698024346942589,-2.0549571973365914,3.183231456205249e-12
5,3.020660982384527,-1.361352830831322,-3.4024109047210374,2.8421709430404007e-12
6,3.274734914406565,-0.7587069269057167,-2.8424589302612446,2.5579538487363607e-12
7,3.4487451136758978,-0.2463902157784048,-3.4930037867942474,2.2168933355715126e-12
8,3.735920382556799,-0.08010532640801671,-3.4698710365467065,1.8758328224066645e-12
9,3.793570213945884,0.5558587679871891,-3.128060191247954,1.5347723092418164e-12
10,3.413278138848341,-0.4869128035466872,-2.7988215153509515,1.1937117960769683e-12
11,3.332925246569971,-0.18975407829822188,-3.522870250068351,8.526512829121202e-13
12,3.5830398068537193,0.05348354779823694,-3.7645540845628744,5.115907697472721e-13
13,4.070040139219316,0.9872493298246354,-4.4622337088266875,1.7053025658242404e-13
14,3.980544225572487,0.8777121215700561,-3.911779577115354,-1.7053025658242404e-13
15,4.054582775404697,0.791071703803766,-4.669164578939302,-5.115907697472721e-13
16,4.2895577251994155,1.322060185147592,-4.645725808293136,-7.958078640513122e-13
17,4.49909227887764,1.8357057944760697,-4.501073163679266,-1.1368683772161603e-12
18,4.413004651236633,1.4711667802382067,-4.48231501060819,-1.4779288903810084e-12
19,4.590707826094615,1.6891863704391028,-4.656692259176481,-1.8189894035458565e-12
20,4.517208621012912,1.8771989574314318,-4.633903251558735,-2.1600499167107046e-12
21,4.3526563480467075,1.4134414164701354,-5.0115610585158805,-2.5011104298755527e-12
22,4.5526903401317895,1.7036927082036755,-4.5385940660026165,-2.8421709430404007e-12
23,4.55855986164147,1.944866826829724,-4.5921230431197415,-3.183231456205249e-12
24,4.429203794007265,1.6291644109536776,-4.796773444732565,-3.524291969370097e-12
25,4.764184681010647,1.986854411327414,-5.332405477311255,-3.865352482534945e-12
26,4.816029987297611,2.5327144775365014,-5.267308622694358,-4.149569576838985e-12
27,4.679629833550337,1.6502601978417317,-5.2308541287345065,-4.490630090003833e-12
28,4.727871985504294,2.2482417678981506,-4.531184031318688,-4.831690603168681e-12
29,4.6482837180786305,2.0369515297664407,-4.99270142256529,-5.172751116333529e-12
30,4.863392165081564,2.3999203500926,-5.210210153671454,-5.5138116294983774e-12
31,4.761910554434451,2.1245777753926234,-5.178082844094519,-5.8548721426632255e-12
32,4.786395489407539,2.0225490163701068,-4.844640876189715,-6.195932655828074e-12
33,4.9216844403568984,2.7040352018650538,-5.386690320611876,-6.536993168992922e-12
34,4.792636688997561,2.2168006345432048,-5.390003077118877,-6.87805368215777e-12
35,4.863583402304755,2.6205748904636152,-4.909839537194003,-7.219114195322618e-12
36,4.695086584459034,2.2945699864443156,-4.654412268894319,-7.503331289626658e-12
37,4.706627786234947,2.2149572222911615,-4.4182780159722626,-7.844391802791506e-12
38,4.620549458339099,2.1058019902964986,-5.471757684871392,-8.185452315956354e-12
39,4.837979973264396,2.1426113641819313,-5.504868567334711,-8.526512829121202e-12
40,4.952487494554987,2.40551588715428,-5.548822100670975,-8.86757334228605e-12
41,4.860555612685744,2.639624304788896,-4.3875701016076505,-9.208633855450898e-12
42,4.570520633310025,2.0732391284074367,-4.758800437748363,-9.549694368615746e-12
43,4.809686726936093,2.422995168161151,-5.433081479675721,-9.890754881780595e-12
44,4.85280664266844,2.534979464758038,-5.36481772797714,-1.0231815394945443e-11
45,4.988011405121767,2.6014885280999067,-5.708118493599571,-1.057287590811029e-11
46,5.029503459989712,2.967802720175854,-5.205341583097166,-1.0857093002414331e-11
47,5.015492507723081,2.6589249499414223,-5.686672446552308,-1.1198153515579179e-11
48,5.097698763501626,2.7160420928306337,-5.547461233324228,-1.1539214028744027e-11
49,5.092099160028852,3.2792435474594583,-5.6307490014619646,-1.1880274541908875e-11
50,5.069645975696346,2.70579191125114,-5.4765320169153,-1.2221335055073723e-11
51,5.113602736063058,2.8626826039861157,-5.3880079810831205,-1.2562395568238571e-11
52,5.110845120775707,2.856538456057905,-5.618796428482497,-1.290345608140342e-11
53,5.078539630777016,2.994705554918312,-5.479637074506314,-1.3244516594568267e-11
54,5.094274689494739,3.0387522516037393,-5.567900741618516,-1.3585577107733116e-11
55,4.918865525161436,2.797338489501527,-6.026423672843876,-1.3926637620897964e-11
56,5.265317051351303,3.1375598928489694,-5.753913399721327,-1.4210854715202004e-11
57,5.2534718479507205,3.178054682744744,-5.635509573200949,-1.4551915228366852e-11
58,5.15643092406242,3.3537348023607763,-5.573305489594503,-1.48929757415317e-11
59,5.087078057451265,2.725635152882006,-5.9242605761709655,-1.5234036254696548e-11
60,5.199036948116486,3.4267041111201593,-5.599726894009223,-1.5575096767861396e-11
61,4.992311220902934,2.507481902089438,-5.480561025343263,-1.5916157281026244e-11
62,5.2160678830872484,3.0273532132766547,-5.622415361753099,-1.6257217794191092e-11
63,5.2328576624993275,3.3283146928220617,-5.4998295845116445,-1.659827830735594e-11
64,5.389394597374974,3.426670685086293,-5.850100652995181,-1.693933882052079e-11
65,5.401081582758991,3.495976521034379,-5.769762767722938,-1.7280399333685637e-11
66,5.185949606179918,3.437902884608434,-6.530005733301991,-1.7564616427989677e-11
67,5.282824433950566,2.9770228147092155,-6.2549540995490105,-1.7905676941154525e-11
68,5.521793665201756,3.7324446643988267,-6.572754995137515,-1.8246737454319373e-11
69,5.405177445327752,3.4807792708761838,-6.591050802343133,-1.858779796748422e-11
70,5.581323339102028,3.550086293240497,-6.496201921508657,-1.892885848064907e-11
71,5.592022300429505,4.231826655778718,-6.703054170634545,-1.9269918993813917e-11
72,5.47845512737166,3.7405252402391795,-6.484119516214619,-1.9610979506978765e-11
73,5.6101015810817785,3.5817213075894756,-6.348574512882948,-1.9952040020143613e-11
74,5.604299227491424,4.036278934814675,-6.516818346270185,-2.029310053330846e-11
75,5.599301826804719,3.503531921878846,-6.390980466397437,-2.063416104647331e-11
76,5.58965719936225,4.128234318376997,-6.328681845668214,-2.091837814077735e-11
77,5.506950204414466,3.2891291856764724,-6.489381565939425,-2.1259438653942198e-11
78,5.642284581352726,4.2308655621005755,-6.512768748701106,-2.1600499167107046e-11
79,5.633389316777198,3.8255004844477583,-6.563675615222039,-2.1941559680271894e-11
80,5.667273760803425,3.982048047419113,-6.618277977669592,-2.2282620193436742e-11
81,5.6939540065141045,4.215074212336333,-6.605084906063254,-2.262368070660159e-11
82,5.708985349377826,4.09860203077227,-6.480475535139746,-2.2964741219766438e-11
83,5.833793669493161,4.356976112887423,-7.275259679660536,-2.3305801732931286e-11
84,5.646616106690203,4.063053173855764,-6.591459026703944,-2.3646862246096134e-11
85,5.8283104389189475,4.211309087332069,-6.805360066040478,-2.3987922759260982e-11
86,5.730597341964597,4.464426348536165,-6.435512066801024,-2.4272139853565022e-11
87,5.786559626791984,3.7806318745826673,-7.230585958981706,-2.461320036672987e-11
88,5.938272802182439,4.679930038998208,-6.891987324782676,-2.495426087989472e-11
89,5.861435512653031,4.269342010676468,-6.838249623247435,-2.5295321393059567e-11
90,5.9560121310712475,4.557585178900268,-7.332918778514738,-2.5636381906224415e-11
91,5.929101934784001,4.660960676799448,-7.194439681801029,-2.5977442419389263e-11
92,6.019612243459051,4.1146670580644695,-7.394601285999073,-2.631850293255411e-11
93,6.008876563216063,4.576202438801175,-6.858299287415676,-2.665956344571896e-11
94,5.988365572688451,4.562567856661275,-7.144778242979257,-2.7000623958883807e-11
95,5.921239167486135,4.69057566547508,-6.577267221636006,-2.7341684472048655e-11
96,5.941445448194941,4.288027899255383,-7.012888243929353,-2.7625901566352695e-11
97,5.918028227591719,5.017034500676829,-7.431135982487945,-2.7966962079517543e-11
98,5.707022939362162,4.232231144356547,-7.369511082185085,-2.830802259268239e-11
99,6.097058085663377,4.981473442369605,-7.334989445681018,-2.864908310584724e-11
100,6.035816929497571,4.988434759615814,-7.56636877782968,-2.8990143619012088e-11
101,6.123040316481877,4.864480880042521,-7.789422460919383,-2.9331204132176936e-11
102,6.206700185851332,5.071890299977014,-7.424033192512752,-2.9672264645341784e-11
103,6.077951730962923,5.26903193140808,-7.6287580910329496,-3.001332515850663e-11
104,6.007078764485641,4.804996612655913,-7.22006915486449,-3.035438567167148e-11
105,6.220493108547998,4.901979871169743,-7.700996869099868,-3.069544618483633e-11
106,6.243019826341424,5.398325763491158,-7.332284439747809,-3.097966327914037e-11
107,6.168090229503093,4.755082465201724,-7.247590115789421,-3.1320723792305216e-11
108,6.2421176763849076,5.19195482030068,-7.659912696645449,-3.1661784305470064e-11
109,6.112809249700376,4.9930730276836925,-7.14554596180237,-3.200284481863491e-11
110,6.247692057855943,5.200662289089138,-7.706986898027964,-3.234390533179976e-11
111,6.198231370360361,5.1481504007569185,-7.744736791420948,-3.268496584496461e-11
112,6.245224620072634,5.26471903157713,-7.2082000198766565,-3.3026026358129457e-11
113,6.2378694197047935,5.353819396778164,-7.336692713960005,-3.3367086871294305e-11
114,6.116350658820352,4.751528522915123,-7.106352349884091,-3.370814738445915e-11
115,6.323732506823035,5.588656665414902,-7.850213371053272,-3.4049207897624e-11
116,6.216265558898101,4.940316273689774,-7.624923818838582,-3.433342499192804e-11
117,6.205772541116232,5.557868614146685,-7.6300933731776155,-3.467448550509289e-11
118,6.184343321875701,5.137052728474941,-7.894799706598988,-3.501554601825774e-11
119,6.424111779510895,5.658777654164339,-8.059958768486212,-3.5356606531422585e-11
120,6.365173872091191,5.701699495458712,-7.952698278723176,-3.5697667044587433e-11
121,6.324923188199762,5.388765327744238,-7.544738600200361,-3.603872755775228e-11
122,6.430715512459983,5.701495039270355,-8.112936311664882,-3.637978807091713e-11
123,6.350262708732828,5.425672612508123,-7.308495699308168,-3.672084858408198e-11
124,6.329955572534914,5.42181909020556,-7.742961143157785,-3.7061909097246826e-11
125,6.447459107063594,5.281349292330447,-7.490655623499379,-3.7402969610411674e-11
126,6.5500845516106665,5.743496290740978,-8.254475247518556,-3.7687186704715714e-11
127,6.397351514641002,5.666542289837054,-8.467447021452756,-3.802824721788056e-11
128,6.549158237260542,5.891765739929809,-7.814832800786718,-3.836930773104541e-11
129,6.423275605437425,5.589326135999443,-8.111718835297836,-3.871036824421026e-11
130,6.597593096165383,5.319759484680617,-8.25314543669549,-3.9051428757375106e-11
131,6.644408497225811,6.131437250014784,-7.6170465298795875,-3.9392489270539954e-11
132,6.537589046824621,5.613218960182024,-7.938380784519069,-3.97335497837048e-11
133,6.622673549899446,5.941084980712645,-8.539441437209234,-4.007461029686965e-11
134,6.646355768880653,5.954294383635045,-8.800006947488058,-4.04156708100345e-11
135,6.635646007602361,6.047686961628102,-8.046815319971302,-4.0756731323199347e-11
136,6.6995776653118355,5.984913235830135,-8.214332949553679,-4.1040948417503387e-11
137,6.756171489490953,5.977712219002086,-7.950294379882564,-4.1382008930668235e-11
138,6.6639472144808565,6.101092897770457,-7.781886117043328,-4.172306944383308e-11
139,6.5676118502211125,5.866923185622966,-8.126560946062497,-4.206412995699793e-11
140,6.664060660759787,5.890669541303339,-8.049760575917674,-4.240519047016278e-11
141,6.647153677622214,5.828266846227677,-8.137963858594588,-4.274625098332763e-11
142,6.68661046691318,5.886695759850369,-8.36416386007275,-4.3087311496492475e-11
143,6.839808000260973,6.472966381106033,-8.79272193941469,-4.3428372009657323e-11
144,6.812504846814534,6.105331856719573,-8.285932820575212,-4.376943252282217e-11
145,6.740688476164166,6.1088361770546555,-8.409537818917556,-4.411049303598702e-11
146,6.808124771902612,6.113205613213637,-8.280481593877525,-4.439471013029106e-11
147,6.793483781153213,6.669609258419058,-8.68601272424759,-4.473577064345591e-11
148,6.5710746601690175,5.785764256797904,-8.247096038984964,-4.5076831156620756e-11
149,6.849896152150279,6.343949961797193,-8.015919166964707,-4.5417891669785604e-11
