,tas,rlut,rsut,rsdt
0,-0.2550034636269629,-0.545264693563297,0.6736546348468266,0.030192010222606314
1,-0.2470875364144831,-0.5115248681375988,0.2544753050849806,0.019721819440633226
2,-0.12394376860243028,-0.2999376674540315,0.4692035289938019,0.017934427084071558
3,-0.11295625049604041,0.04582541485035563,0.5277993139105774,-0.0018175481502566981
4,-0.28967446670935715,-0.6741857532712743,0.26774295028609174,-0.028733451557229728
5,-0.25465020488360324,-0.5986160534138207,0.36234378971259673,-0.045603130383199186
6,-0.1530986420363547,-0.4102458606964774,0.15099975635313,-0.0503336692963785
7,-0.06089306222082769,-0.2034260986059735,0.3806872649881399,-0.0384164395507014
8,0.009435042324525966,0.048031128661875755,0.30929132992864083,-0.005141456923013266
9,-0.19010659765336868,-0.45554606292830613,0.09894690928732075,0.022439403250700707
10,-0.25236861296605184,-0.4106744354431555,0.242519944445462,0.0433553662714985
11,-0.17625666636342885,-0.36440507446508263,0.43983029883892755,0.03901372533812264
12,-0.12382807228215142,-0.44294016186992735,1.0632486305934918,0.015085868057553853
13,-0.1762128897055959,-0.3612432214851822,0.5520415663602876,0.0008177901946169186
14,-0.23548983979281957,-0.5846287343454719,0.6266786095653885,-0.012716836535389575
15,-0.2342418938316655,-0.6677045454601966,0.2798956825365764,-0.02407144310473086
16,-0.13089160799273714,-0.48230200125672695,0.48973896184324417,-0.02963845156523348
17,-0.05869366427589284,-0.3835421102885732,0.4521791092460319,-0.03821755469220989
18,-0.0691877475907745,-0.1427595081133859,0.3740147006472654,-0.01910426545583732
19,-0.07957019213273497,-0.3477396859741475,0.3554005463094825,0.015826083767422006
20,-0.114397128852886,-0.384708886021059,0.5136512640528963,0.018828353482604143
21,-0.18186508569203852,-0.4136022843036642,0.32167420878198527,0.03918940015762473
22,-0.07725729814802662,-0.2952659517898155,0.4338990008594834,0.02849556224890648
23,-0.07303732935810103,-0.08499550147416812,0.6395777024036704,0.009756265798898767
24,-0.17182161691403053,-0.5803377631532953,0.2833975472369019,-0.006861173752099603
25,-0.20208557842369146,-0.5763944597845239,0.2977132305332333,-0.03744014583315902
26,-0.1655048771324914,-0.5746170929637628,0.3365985931159514,-0.05142987669756849
27,0.03416952972793297,-0.009426154360426153,0.012902417342559147,-0.06031252554475941
28,0.08776078382896912,0.007190595887038853,-0.012763394324764477,-0.07168849194221139
29,-0.07892492276289431,-0.3196068582675764,0.2500919017097374,-0.0691227031433641
30,-0.08573434226923382,-0.3492423744593225,0.12590370650849536,-0.04171921309642812
31,-0.1262690367195205,-0.5649151681875537,0.3424955472051465,-0.00380194942624712
32,0.07486052564729562,-0.20144241336947744,0.09511581719375783,-0.012053594858684846
33,-0.08715276202400446,-0.5041794580712065,1.71867814570885,-0.017128913986198313
34,-0.4215215243161765,-1.7484654127686952,3.476577922550419,0.0271736251225434
35,-0.40985058002053165,-1.2154559838169234,1.2568049426300831,-0.0005731720520429917
36,-0.23145615701616862,-0.6834634201262304,0.360209890725244,-0.0331762764639052
37,-0.13823601315482392,-0.6273845383144305,0.44542420537187866,-0.052916676038876176
38,-0.14659519074155014,-0.7111496622607945,0.17546999165942623,-0.060630941493059254
39,-0.15990589455060444,-0.6535195858319014,0.28511320276200536,-0.06323228036620776
40,0.020531422835347257,-0.5344664499681073,0.25306213056546767,-0.0564220081108715
41,-0.03878060559759433,-0.6316351719492275,0.7409272131145173,-0.0066261335793456055
42,-0.2086371555247979,-0.6187268403500354,0.9910064642145358,0.03428871947710377
43,-0.10548254860361794,-0.5472991586929936,0.06720323458401367,0.06637668933018404
44,0.010989335534418387,-0.3188360789800413,0.2818428165056872,0.1052495036397545
45,0.022253023699306596,-0.16602306356293184,-0.07075161510830696,0.06836195800809719
46,-0.055736021592792895,-0.5204956820925872,0.5947521522824815,0.018644438996489043
47,0.02567751076702507,-0.1564540860855459,0.3229487604009904,-0.014348192484021638
48,0.0951638150946792,-0.002466288942656547,0.24324949402448226,-0.02874840207738316
49,0.06598444900527056,-0.23482616636468379,0.11182861947570188,-0.046943737736228286
50,-0.2329198417697853,-0.8486558382400062,0.42099667711632094,-0.057509138141767835
51,-0.19101765739929988,-0.5745205461720957,0.5033255891959385,-0.0751146850219584
52,-0.20127860681895982,-0.933779721800164,0.8779616149616203,-0.07093722664109237
53,-0.3738791183737362,-1.1590344373557855,1.7368189324026844,-0.03476223329698769
54,-0.4001932370259169,-0.9625467902248488,0.8412359469944448,0.02999302469805798
55,-0.22298656441711273,-0.7905400773653639,0.31889900926567805,0.0010485577547569847
56,-0.0225211237560643,-0.6132025555398286,0.36866621627834206,0.048234335255699534
57,0.009363366105503701,-0.24524695797069285,0.989177814788107,0.02297203040120621
58,-0.26318138392906576,-0.9344742144872669,0.652298861211662,0.03898054996125211
59,-0.2800037574880889,-1.0625255343375102,0.3730180489028925,0.0058444887320092676
60,-0.08880327860850912,-0.7033415494610722,0.1690632208499494,-0.018125975696761998
61,-0.06482639405049895,-0.5441279670331767,0.6813962318693854,-0.05364217956838502
62,-0.21135559574304352,-1.3683200262255752,1.534065976400072,-0.06714711528275075
63,-0.09860416951323714,-0.8666936982131688,0.9523897687674747,-0.06406244977102915
64,-0.03341885792337962,-0.4475915636282082,0.7249582526213345,-0.03690667582878859
65,-0.0756470462555967,-0.846011640310536,0.3266611755262261,0.04077683864994697
66,0.031803803728848834,-0.5521604583904036,0.09204409694147841,0.10292151943758654
67,0.06618093902227429,-0.24326722994004513,0.05691337676933017,0.14458616065246588
68,0.07571011426279028,-0.14216491068896175,0.2554693977439797,0.1518648389329087
69,-0.07737625501596312,-0.4791011573259425,0.055290388499741994,0.08774057797188561
70,0.017184901222265125,-0.4281897979147118,0.32478288864481897,0.027089138111080047
71,0.12980239058941834,-0.3961252990266644,0.25319473882630916,-0.010304341328833289
72,0.16672201771905293,-0.16438839762673751,0.35339319506363154,-0.044715254346783695
73,0.09129432293428863,-0.43007449825890376,-0.02442183260127706,-0.052123885782464185
74,0.16260661970204637,-0.09817609984685305,-0.13736231545541955,-0.03698118610356005
75,0.21210677315576731,0.10289307395504466,0.14156311049718795,0.0031396034709132437
76,0.1293187082740701,-0.22189507576354117,0.12996520475213913,0.05947589013965171
77,0.10781789107170425,-0.3371231598380007,-0.075912116539115,0.10603450433603712
78,0.1152467922971141,-0.3792090501896439,0.35502653221836056,0.07576317179643866
79,0.20834013058356504,-0.001997938793749654,0.566585198108541,0.059262232565288286
80,0.021283110676165506,-0.6319928866776081,0.3603261782623548,0.06050270702104399
81,0.017805973853739943,-0.5194896015566428,-0.04284847452315432,0.016748359349151087
82,0.03183454174796907,-0.36251944064787267,0.4070370514406818,-0.015107922254856021
83,0.13547209892851697,-0.3282089999480604,0.127737457715682,-0.02897644781097597
84,0.056542740312920614,-0.48913119897329693,0.122524165421936,-0.013615614714524327
85,0.12999459818706782,-0.34965808790749975,0.2905410760199487,0.038017281656721025
86,0.18558801820381632,-0.24100593311794682,0.4017036094843718,0.1509502855457754
87,0.21608407423912013,-0.13811713791659486,-0.1408811288749945,0.15808879305592427
88,0.11674121654857572,-0.3721239934743039,0.2652787267549428,0.1368641648072071
89,0.13329911724804333,-0.1458671791340862,0.25587532805180047,0.1322233995029478
90,0.09711929375436057,-0.38057911246468734,0.3190132090547735,0.0937793813228609
91,0.11482933927106842,-0.38303750371517253,0.009360854858755374,0.06297324580850727
92,0.14303099667864672,-0.501577502047553,0.3803190764121922,0.026204605032546624
93,0.08664289925764024,-0.3460030442003301,0.2008818291746053,-0.010266680111669757
94,0.16638374986257531,-0.34702068599000313,0.43341741321712846,0.0004447435246106579
95,0.16011103840406804,-0.4686939438919353,0.4551009826061687,0.06951205157253071
96,0.16429743235300975,-0.07081370123486863,0.16967649154057085,0.10253145463764213
97,0.11347862692190347,-0.24409514403879484,-0.18778387994879608,0.19121296924390663
98,0.052067660147997685,-0.6061640554281951,0.36377037742740015,0.2225331091764815
99,0.12848693122509758,-0.6137586259634702,0.11241989399638896,0.19218012053164557
100,0.26338744858901464,-0.35097476828903496,-0.08261639192967607,0.12695096044745924
101,0.2632798881001577,-0.11078278505502226,0.0899062471107186,0.04034544340908042
102,0.11665091895190471,-0.5025523717023646,0.2803652297733805,0.0360654509885876
103,0.12946476330904488,-0.6232095638191879,0.21441717797173965,0.010689206416770958
104,0.23029205960358468,-0.4378637072404672,0.09137670157181788,0.010832012769412813
105,0.29636666836410086,-0.1665873493601282,0.16585436384040975,0.0645841154814093
106,0.18305703025754383,-0.5701175728518706,0.3917322402227228,0.18172678392107855
107,0.44433589716152255,0.16346572482797228,0.09664023311721337,0.29221664400711234
108,0.32163285170804556,0.12700035296037981,0.19663573230347708,0.30509764635826286
109,0.09338978562408329,-0.5174442370761199,0.4452963475327891,0.24312808298668642
110,0.13287619259529038,-0.6032553317688212,0.2643139935465797,0.20046332854946058
111,0.12407651011773169,-0.6885006835405534,0.41915518079947844,0.10787726873479642
112,0.2715659234661416,-0.24897298354733266,0.7021079272169004,0.041681958579886214
113,0.04893918326609992,-1.2448009578205017,1.8394187590140234,0.019427819785164502
114,0.023932480337634843,-1.3754259300097829,1.4552356395854673,0.008828587833477286
115,0.10089999507346192,-0.7123765982067596,0.8304034086536092,0.014653877114881197
116,0.11451055344855376,-0.7330118050805368,0.4969393403974749,0.06462672102230727
117,0.11710271990421006,-1.059879345180235,0.5471360121564146,0.12661294753752372
118,0.2505139796842286,-0.7187176540492146,0.16722577630741853,0.15978084389519154
119,0.3112171456189685,-0.2354297690550311,0.3859631421324252,0.16496326364523384
120,0.3455259616428634,-0.5570635528728474,0.4169374197019664,0.1689804859869355
121,0.42213220501179194,-0.4292505309517196,0.2171123305324727,0.11318023415969947
122,0.36029314203938156,-0.556978741295552,0.4051364399449824,0.10913937264604101
123,0.48465417879771167,-0.34068974211365344,0.07456884552507859,0.053307707485430456
124,0.5318884425512351,-0.18175268846439963,0.4307112313213963,0.025809292905421444
125,0.3413234794937807,-0.6342783349759031,0.4882449670993054,0.026405775320995417
126,0.4116458170778401,-0.8596405866744021,0.2570932435317559,0.01717996391818133
127,0.3374571220132907,-0.8300808726797584,0.46888349549189456,0.07666408293295035
128,0.4648282539989168,-0.6828205150380597,-0.07323807764224455,0.16542999916686085
129,0.53426239267759,-0.3296308384330189,0.006618511547770822,0.24281858777743537
130,0.584115091942806,-0.29004003434954484,-0.014410816239475821,0.2267429553138527
131,0.5411225961681225,-0.6135145107155608,0.20296633745256543,0.23301149212926475
132,0.5400223917666835,-0.8553709926317197,0.7070992953713215,0.14764261842555015
133,0.48313524785157824,-0.8089458456647094,1.3030384530276677,0.14368108111358424
134,0.446693893598308,-0.87446030237939,0.6230729923079252,0.04300599809033656
135,0.4543708757806826,-0.8529154253554907,0.3431090440704594,0.010469302455305751
136,0.36921849242742155,-1.1651798952588308,0.554037632172296,0.014731187748964203
137,0.5822816337350218,-0.6634495809786358,-0.04104050891059785,0.03602314386017724
138,0.626214892103178,-0.4421633359086172,0.20432692055291568,0.12447824414613251
139,0.6464789178540968,-0.6198114719298644,0.12382668889732429,0.24505975235956612
140,0.778031576728722,-0.4750733195289456,-0.2874952348687998,0.22246708297643636
141,0.9084826740653398,-0.5691412763738128,1.229610113426773,0.2177728192331756
142,0.5914055212883227,-1.5780359399683164,3.324361343550393,0.17831513290326484
143,0.3758572146328447,-1.63312292697276,1.2775287214209357,0.08250849530730875
144,0.6189110724868101,-1.1488186942692664,0.425364707226791,0.025448539577098472
145,0.7503380455862612,-0.8865612313603322,-0.20488461719996565,0.01430829600855077
146,0.8713815880581706,-0.46442330573512436,-0.22937054621642972,-0.009591845963541346
147,0.918161777885814,-0.19084780200293494,-0.31144961972348995,0.02274222945970905
148,0.9230030846750878,-0.2798396230771516,-0.07389077580734238,0.11443908312912754
149,0.9771173913260327,-0.45113529908999794,-0.3232506304002669,0.18145274011459378
150,1.0149904125427724,-0.09818961044365437,-0.361019223901323,0.23238238854611382
151,1.0506505984235446,-0.15911861361024648,-0.10687641786741153,0.21135598886809248
152,1.1012834843928658,-0.10494560170292289,-0.6001500794164656,0.2216290283385547
153,1.0822789594256506,-0.2397086059559399,-0.276531031724744,0.10056554731266942
154,1.0993062314156532,-0.07168213993551831,-0.4455117769858532,0.048471705086171823
155,1.2136252487069328,0.11545235605709081,-0.4996108384665803,-0.0038107944388912074
156,1.0532794114606077,-0.4512145902307907,-0.23008079475100374,-0.015581291302453337
157,0.9960076896539931,-0.6490465452023955,-0.4544687165152652,-0.038066535102188936
158,1.1345391606752742,-0.5381436088999578,-0.5721555756318821,-0.04283647741823415
159,1.1615572496271511,-0.19100446657904513,-0.5399141943200334,-0.04288215126854311
160,1.230965924570853,-0.21254216131902126,-0.7286715479190491,0.0004427132495834485
161,1.255985990934846,-0.17405604102478378,-0.6716735548942836,0.06784254401276257
162,1.2393093324705546,-0.13959584807702186,-0.4366464819722893,0.0956638027158192
163,1.3336937349494065,-0.0727746347710081,-0.9020874477659362,0.111727891090311
164,1.3668991331460916,0.07446225247798566,-0.6677426296831328,0.13107781113734518
