,tas,rlut,rsut,rsdt
0,0.11229024159700884,-0.03509587453703489,-0.13202545669655308,1.1368683772161603e-13
1,0.191479518051608,0.5466694770879883,0.2585303552531286,1.1368683772161603e-13
2,-0.24385729584167848,-0.4299602697574585,0.030449487317795843,1.1368683772161603e-13
3,-0.11711259851648492,-0.4234432129103709,-0.1602744337531874,1.1368683772161603e-13
4,0.040954974010730893,0.09925058595652558,-0.12747801296657713,1.1368683772161603e-13
5,-0.026501150078445335,0.05895317517104104,0.07959065880262983,1.1368683772161603e-13
6,-0.1874726436532228,-0.14063572953477887,-0.22042089336697757,1.1368683772161603e-13
7,-0.040341332196760504,-0.007834875387487727,-0.1259389378539879,1.1368683772161603e-13
8,-0.09116857627219588,-0.06555933980200734,0.3044262285785351,1.1368683772161603e-13
9,-0.1592780554451565,-0.19465885036134978,-0.5500639654060961,1.1368683772161603e-13
10,0.02499797681008431,0.03995709718506646,0.05605446397119351,1.1368683772161603e-13
11,-0.1258867434364106,-0.07508105814591204,-0.07936440170813341,1.1368683772161603e-13
12,-0.031231931873492158,-0.06324283417089305,-0.2664847504588863,1.1368683772161603e-13
13,0.1249081971542978,0.1305335916865431,-0.10609323030259077,1.1368683772161603e-13
14,0.017306707787042797,0.029926138409621217,0.5810426227798899,1.1368683772161603e-13
15,-0.09796052955778123,-0.2616551590053291,0.029075170124130523,1.1368683772161603e-13
16,0.0012838292243486649,-0.020661931462740313,-0.27804727371392346,1.1368683772161603e-13
17,0.07033854330427403,0.4656612657469452,0.041758002552327866,1.1368683772161603e-13
18,-0.15990172443798656,-0.186217760078506,-0.1764020805127018,1.1368683772161603e-13
19,0.11567372722811342,-0.03319089435757405,-0.022759518359762865,1.1368683772161603e-13
20,0.08902887290355466,0.5170326658572435,0.4898869453736836,1.1368683772161603e-13
21,-0.2917053755257939,-0.4924998234824045,0.05449421664593501,1.1368683772161603e-13
22,-0.20330691685416014,-0.5721547674525311,-0.37452563719834586,1.1368683772161603e-13
23,-0.02258211476686256,0.18145828481672766,0.3281536121145052,1.1368683772161603e-13
24,-0.09478838468311324,-0.17876866892441967,-0.05242261024383765,1.1368683772161603e-13
25,0.02915436555241513,-0.11088911376771193,-0.14035151687532732,1.1368683772161603e-13
26,0.06793525232802722,0.2318525712703945,-0.06961452672878465,1.1368683772161603e-13
27,-0.002017025320014909,-0.16759677630705028,-0.36058836452804144,1.1368683772161603e-13
28,0.11390342773000839,0.30528694959679115,0.0665844567627687,1.1368683772161603e-13
29,0.06537841569212333,0.1898236280405854,0.22033764111625942,1.1368683772161603e-13
30,-0.18681364599052586,-0.1994312348568883,0.3468533559637308,1.1368683772161603e-13
31,-0.0979951270758761,-0.17309741441647475,0.01181774651105627,1.1368683772161603e-13
32,0.042676980187764,0.21697252636093367,0.2093709406353952,1.1368683772161603e-13
33,-0.10962294618656188,-0.30144716215647804,0.034590614378615214,1.1368683772161603e-13
34,0.08194403273597572,0.005915874308243474,-0.13736276307815842,1.1368683772161603e-13
35,0.11179233950446132,0.2992143375580838,0.06597323241848585,1.1368683772161603e-13
36,0.012933860797375019,0.11153831764841016,-0.18325604651683136,1.1368683772161603e-13
37,-0.12371250459119665,-0.4013092671771119,-0.26770034802387954,1.1368683772161603e-13
38,0.021934696375012663,0.13535311096893565,0.14379073948234122,1.1368683772161603e-13
39,-0.18819593027950532,-0.3512091962623174,-0.27301715387477543,1.1368683772161603e-13
40,-0.11046159206927086,-0.32722181042254306,-0.06096254590922001,1.1368683772161603e-13
41,0.03059586449546714,-0.05838148574650859,0.05613841789465823,1.1368683772161603e-13
42,0.08889839531275356,0.4676049673019804,0.1371963098561224,1.1368683772161603e-13
43,0.06885478421878588,0.08451143481465806,-0.1116130034092464,1.1368683772161603e-13
44,0.1502761776100101,0.560879718380022,0.015161908175457484,1.1368683772161603e-13
45,-0.04952267993445503,-0.12202311407133948,-0.22076087736760996,1.1368683772161603e-13
46,0.06900103457542173,0.20885244128655245,-0.08653231991605992,1.1368683772161603e-13
47,-0.0370079069843996,0.1895899525838729,-0.23732710084311748,1.1368683772161603e-13
48,0.04753723814286559,-0.1034388927649843,0.08349412801737799,1.1368683772161603e-13
49,0.0237234687263026,0.005223345787271683,0.4084415160630499,1.1368683772161603e-13
50,-0.011345288930215247,0.10526032166609411,0.28550778211504735,1.1368683772161603e-13
51,-0.09310962766750208,-0.4408873402494464,-0.04913635062933963,1.1368683772161603e-13
52,-0.008263072335012112,0.023095969383689408,0.07237107381024543,1.1368683772161603e-13
53,-0.06481622697680223,-0.21978449252978294,0.3111335555291106,1.1368683772161603e-13
54,-0.023755053037291418,0.13360233948984046,-0.22891536449276373,1.1368683772161603e-13
55,0.04325196979550583,0.06090656193975974,0.3929304208252802,1.1368683772161603e-13
56,-0.11674200757710196,-0.403607572847136,0.03645414241557887,1.1368683772161603e-13
57,-0.11858812888419834,-0.4294526646520467,0.26257244736963514,1.1368683772161603e-13
58,-0.05397037841458996,0.1102423403418129,-0.21373848837201592,1.1368683772161603e-13
59,-0.040487569735489615,-0.0071224812806747195,0.11659194726176736,1.1368683772161603e-13
60,-0.03824226054729252,-0.1366324680008404,-0.4917761068905264,1.1368683772161603e-13
61,0.08381398004780749,0.2221125798059802,0.13710511770783285,1.1368683772161603e-13
62,-0.05589129685830585,0.05970133432225566,0.04036396219443361,1.1368683772161603e-13
63,-0.114219514353465,-0.013321161589317398,-0.22427759594884833,1.1368683772161603e-13
64,0.05233633085163092,-0.015402545531685519,-0.10070313496464678,1.1368683772161603e-13
65,0.01901631164344053,0.3342714097167061,0.5034586428111396,1.1368683772161603e-13
66,-0.1605641539986209,-0.25570844477329047,-0.12190331775119034,1.1368683772161603e-13
67,0.05813184541239025,-0.15069043473579313,0.23586047786704967,1.1368683772161603e-13
68,0.07483122525292174,0.197526183817331,0.0061514462646528045,1.1368683772161603e-13
69,0.026947023941715997,0.06982797036900479,0.05423173775668033,1.1368683772161603e-13
70,0.04723209645140969,-0.10226116668158625,-0.26854086595797355,1.1368683772161603e-13
71,0.08576944703492018,0.2547780604410548,0.12513785343467987,1.1368683772161603e-13
72,-0.07789270352600397,0.09230121225061794,0.1954684753268765,1.1368683772161603e-13
73,-0.10391376142780473,-0.22481236879914945,-0.6177251254264604,1.1368683772161603e-13
74,-0.018123096335614264,0.25227124091611586,0.33858627739448366,1.1368683772161603e-13
75,-0.1458963770922992,-0.05873929615026441,-0.3564118990448151,1.1368683772161603e-13
76,-0.10713906787532324,-0.24014000213958298,-0.25897847556528575,1.1368683772161603e-13
77,-0.05616755881038671,-0.019167933939627346,0.8183263568941328,1.1368683772161603e-13
78,-0.0809848618375213,-0.10535054539818134,0.02235212210726445,1.1368683772161603e-13
79,-0.13150809978310463,-0.017624354320389557,0.08715462288400033,1.1368683772161603e-13
80,-0.13841773092156018,-0.15329375280450108,0.34056951437264615,1.1368683772161603e-13
81,-0.13233322364476408,-0.17448497693692389,-0.38850149737548634,1.1368683772161603e-13
82,0.05579401709422882,0.2133478151469319,-0.12241540395261552,1.1368683772161603e-13
83,0.07293112093373111,0.19000008860714956,0.06900547765403076,1.1368683772161603e-13
84,0.053712642139203126,-0.2158845665528304,0.12461955610572772,1.1368683772161603e-13
85,0.13414537648230862,0.13648200899831409,0.32906701407721073,1.1368683772161603e-13
86,-0.14332534286734244,-0.02333163298413865,0.076038843301518,1.1368683772161603e-13
87,-0.00967070599017461,-0.35314137344280994,-0.4440395479889503,1.1368683772161603e-13
88,0.13456909050267996,0.3224780443104578,0.27826073267172546,1.1368683772161603e-13
89,-0.0745514918352228,-0.16352948533776157,-0.48825778607475456,1.1368683772161603e-13
90,0.10992222700980392,0.21821646214030466,0.021564477058021225,1.1368683772161603e-13
91,0.03120200080002178,-0.01599408430942617,-0.2523321414436879,1.1368683772161603e-13
92,0.15180949866942228,0.3114496467849506,0.12882503707233184,1.1368683772161603e-13
93,0.08755274396003188,0.18670167098844104,-0.35182291939744914,1.1368683772161603e-13
94,0.1190685702424048,0.2683628040598478,-0.03331629973087047,1.1368683772161603e-13
95,0.09330842660881444,0.21363195583015226,-0.13355602496922359,1.1368683772161603e-13
96,0.06929890078839662,0.13525993327513675,-0.09162656348851783,1.1368683772161603e-13
97,0.04651051475445911,0.16534237106429828,-0.15372060994575065,1.1368683772161603e-13
98,0.0812609205569288,0.19118543843424618,-0.1067554630304528,1.1368683772161603e-13
99,0.017887372509392208,-0.023353870015824896,-0.3785557068020182,1.1368683772161603e-13
100,-0.0011108408384643553,0.23857310169074708,-0.3642838486839821,1.1368683772161603e-13
101,-0.02836603089286882,0.20159597226594883,-0.31458762878338575,1.1368683772161603e-13
102,0.0015210452277756303,-0.09611140758872239,0.01952085395940628,1.1368683772161603e-13
103,-0.050885330990695365,-0.20633684326651291,-0.09839949114950741,1.1368683772161603e-13
104,0.07639100255715903,0.10574783895944506,0.30366481498138853,1.1368683772161603e-13
105,0.151101745440144,0.20074263740826837,-0.12094324683883428,1.1368683772161603e-13
106,-0.023145161129718872,0.03578436864682999,-0.07263094626462419,1.1368683772161603e-13
107,-0.0012655179963871888,-0.20424457031600696,0.38053075316352647,1.1368683772161603e-13
108,0.005713866182077254,-0.2178924590930933,-0.3211691007984854,1.1368683772161603e-13
109,0.16487800342196124,0.48030874060467,-0.16414085057232342,1.1368683772161603e-13
110,0.07244998904764088,0.22899602760480775,0.03988971796755436,1.1368683772161603e-13
111,-0.013404173459548474,-0.12245074220103902,-0.1356777700589049,1.1368683772161603e-13
112,-0.004322723650602711,0.008722878846413096,-0.11605801853654896,1.1368683772161603e-13
113,0.06771655391031572,0.14999618104772594,-0.11887108814678982,1.1368683772161603e-13
114,0.05101835595490911,0.1350874494024481,-0.07929298414697428,1.1368683772161603e-13
115,-0.027806401284351523,-0.0011627548862520598,-0.17117020572760566,1.1368683772161603e-13
116,0.11417905498279879,0.24239133986753814,0.023132230146359234,1.1368683772161603e-13
117,-0.1097030686229914,-0.39563833618331046,0.12189913696484211,1.1368683772161603e-13
118,0.0065135931228041954,-0.08265428400900987,0.564094426071847,1.1368683772161603e-13
119,-0.045255112526547236,-0.01315124638469456,-0.004356496846170899,1.1368683772161603e-13
120,-0.033179858567905285,-0.23174291419792326,-0.13902364315364935,1.1368683772161603e-13
121,0.18710653859869808,0.02722233344866254,-0.009876962854178828,1.1368683772161603e-13
122,0.012433439564915716,0.1897769289761868,0.476110695661049,1.1368683772161603e-13
123,-0.0388177340307152,-0.1485177860076874,-0.38613886590771074,1.1368683772161603e-13
124,-0.027141224295974098,0.0539057183095224,0.09596190044108255,1.1368683772161603e-13
125,-0.0352667964833131,-0.2905653392010379,-0.06674498162574594,1.1368683772161603e-13
126,0.07327018529554152,-0.16294084513100415,0.14702975720172162,1.1368683772161603e-13
127,0.1459796199630432,0.3854367557846672,0.4598174350698514,1.1368683772161603e-13
128,-0.12991267720428823,-0.21006902436769792,0.011069690994730763,1.1368683772161603e-13
129,0.06740824362640296,-4.620371123564837e-05,-0.3241698690679584,1.1368683772161603e-13
130,0.09059290205055959,0.07910235038644942,-0.15986184931273328,1.1368683772161603e-13
131,0.19986002336850106,0.08525722297329708,-0.28901860917973465,1.1368683772161603e-13
132,0.11924513181878638,0.22631199367722843,0.5065388604324284,1.1368683772161603e-13
133,0.08297120554959747,-0.09677789387518487,0.16529292011757946,1.1368683772161603e-13
134,0.13060873909859083,0.5475781210207913,0.010149609928774339,1.1368683772161603e-13
135,-0.03543875206281655,-0.030302167121448065,-0.0590399743945369,1.1368683772161603e-13
136,-0.1504715469532698,-0.337830473550639,-0.07702324346138312,1.1368683772161603e-13
137,0.04592631101513689,0.13895749355972953,0.104952674659188,1.1368683772161603e-13
138,0.07205063183909033,0.1680681044695973,0.6554102218570534,1.1368683772161603e-13
139,-0.1074007391359828,-0.2109255635451177,-0.37906387755593585,1.1368683772161603e-13
140,-0.05896329362792585,-0.3272179572543621,0.4512099093750521,1.1368683772161603e-13
141,-0.026327209005501118,0.052025859308685085,0.00715711757857207,1.1368683772161603e-13
142,-0.041804608155075584,-0.1780930908728351,-0.210281684746235,1.1368683772161603e-13
143,0.0559974546659987,0.1437597697505737,0.04702263699138598,1.1368683772161603e-13
144,0.07577496561964381,-0.020080744764584324,0.07525356451171206,1.1368683772161603e-13
145,0.030594755332060686,0.181648903149636,0.029089793290495436,1.1368683772161603e-13
146,0.019447265747146503,0.14503282992225763,-0.12369778973391021,1.1368683772161603e-13
147,0.07321890282599952,0.13165148751252786,-0.3649874706349294,1.1368683772161603e-13
148,0.11595546845842364,0.2948911867105153,-0.05646755300463724,1.1368683772161603e-13
149,-0.017924663977169075,0.01973858723857802,0.32073748763360754,1.1368683772161603e-13
150,-0.0779242471546695,-0.2692201262868821,-0.06366199247595716,1.1368683772161603e-13
151,0.020427232479732993,0.17551338055650945,0.05615725825029472,1.1368683772161603e-13
152,0.04138702848825915,0.09798559203346713,-0.13577969593806927,1.1368683772161603e-13
153,-0.0063111382190186305,-0.06075623426195875,-0.005693547658736975,1.1368683772161603e-13
154,0.09814214756295314,-0.06649118808010712,0.06878284082445418,1.1368683772161603e-13
155,0.06994322586939461,0.2430435969297946,0.2670790651505399,1.1368683772161603e-13
156,-0.014824938047922842,0.012178208715596384,-0.3708337883046795,1.1368683772161603e-13
157,0.020363206411161627,0.16775407398722564,0.002694776820220568,1.1368683772161603e-13
158,0.02415715650107586,-0.40785916781814535,0.00014892657469545156,1.1368683772161603e-13
159,0.1341971091914047,0.5572130269174806,0.3073796117064944,1.1368683772161603e-13
160,-0.13209843923004883,-0.43498757043394676,-0.4328026117181736,1.1368683772161603e-13
161,-0.031108837457168192,-0.08287061949053509,-0.3995273660720926,1.1368683772161603e-13
162,0.08858938747243883,-0.10986714835442513,-0.1326886803516487,1.1368683772161603e-13
163,0.21639718971033517,0.4656473798175398,0.5292541472800991,1.1368683772161603e-13
164,-0.13537224789592983,-0.25464611610237853,0.44735467631241477,1.1368683772161603e-13
165,-0.2127760267709391,-0.46909454240844184,0.32165677643979507,1.1368683772161603e-13
166,-0.014383312202198795,-0.10820813883958635,-0.3349091570372167,1.1368683772161603e-13
167,0.10773047336238051,0.4069180704518658,0.40072502642516383,1.1368683772161603e-13
168,-0.018045667482965655,-0.15903476533773642,-0.4196574709137906,1.1368683772161603e-13
169,0.03949284172966827,0.11510832737349119,0.36404620959810075,1.1368683772161603e-13
170,-0.09647118231544027,-0.08172275888321678,-0.058114598422747576,1.1368683772161603e-13
171,-0.1749280564717992,-0.3805084118588127,-0.2704991413484237,1.1368683772161603e-13
172,0.03686522355383204,0.12226165790625032,0.07407088266279516,1.1368683772161603e-13
173,-0.062032506392881714,0.13948511723313572,0.3679823160054667,1.1368683772161603e-13
174,-0.18279694821234216,-0.4326157906446326,0.26416366632717825,1.1368683772161603e-13
175,-0.10497619749429532,-0.28146556247796184,-0.25374766518622494,1.1368683772161603e-13
176,-0.029542933806339988,0.05933271263629081,0.49955311497369337,1.1368683772161603e-13
177,-0.18632190949949745,-0.263965221793768,0.09253391613091821,1.1368683772161603e-13
178,-0.13604120374407103,-0.205102871612155,-0.2104904720930989,1.1368683772161603e-13
179,-0.0644401656496143,-0.16493883905494044,-0.24448427041387788,1.1368683772161603e-13
180,0.07830241849609365,0.25479202145450586,-0.23037865288829096,1.1368683772161603e-13
181,0.10744985956176833,0.11603883034348428,-0.20080030061579635,1.1368683772161603e-13
182,0.10861211708407836,0.1989172859151438,0.16277935480017902,1.1368683772161603e-13
183,0.05248271340252586,0.40561846827952763,0.14035697454279727,1.1368683772161603e-13
184,-0.2109086212644229,-0.5127811040785559,-0.27149691448258295,1.1368683772161603e-13
185,0.1528088126725038,0.16975069636396256,-0.39370905608907947,1.1368683772161603e-13
186,0.0424939574317591,0.23927492714554432,0.45545459611031447,1.1368683772161603e-13
187,-0.22192984623427492,-0.4220938975851709,0.04435074590514887,1.1368683772161603e-13
188,0.05814891074652451,-0.011843660278174184,0.3147187365531181,1.1368683772161603e-13
189,-0.08162741917124094,0.007435791467571562,0.6189036978062319,1.1368683772161603e-13
190,-0.2623965960341934,-0.40293205775964225,-0.03796389992560023,1.1368683772161603e-13
191,-0.1086914708859581,-0.2599968495873952,-0.3759290267261832,1.1368683772161603e-13
192,-0.1554648011608606,-0.29589590881130334,0.5061673646536065,1.1368683772161603e-13
193,-0.18666720761751776,-0.614051010372691,-0.14882932910325053,1.1368683772161603e-13
194,0.05236040823456278,-0.1781047953408006,-0.031383836748517524,1.1368683772161603e-13
195,0.0864934897415992,0.04449614570668814,0.15997801051334193,1.1368683772161603e-13
196,0.12604554495430875,0.1727581983294897,0.09803876683031376,1.1368683772161603e-13
197,0.1704575604206866,0.24954882894994057,-0.4623951820481409,1.1368683772161603e-13
198,-0.022443794853018062,-0.08232816176092683,0.2112346494996018,1.1368683772161603e-13
199,0.05180761274192491,-0.27051035954926306,-0.1568151128155364,1.1368683772161603e-13
200,0.09254408435697314,0.23783095517885045,0.6699107340588313,1.1368683772161603e-13
201,-0.042094797987317634,-0.15811628080197693,0.18358195103878927,1.1368683772161603e-13
202,-0.002240040981916991,-0.1553999994900721,-0.30942854099063766,1.1368683772161603e-13
203,-0.0012646632303585648,0.04337013013901014,0.03505437956371793,1.1368683772161603e-13
204,-0.10327174952988116,-0.21289691936578947,-0.12032339407174675,1.1368683772161603e-13
205,0.020871744458588637,-0.07097831741336336,0.1742065217835318,1.1368683772161603e-13
206,0.051706451239112994,0.05466575241618443,0.32376301589208367,1.1368683772161603e-13
207,-0.005838803184531116,0.07841713272151196,-0.24112623349562057,1.1368683772161603e-13
208,0.06993478573423317,0.005666868233959121,-0.134950396741516,1.1368683772161603e-13
209,0.10230073311419119,0.2791541996045339,0.37225676530779594,1.1368683772161603e-13
210,-0.15760195666268828,-0.20354761108103503,-0.12547352915534304,1.1368683772161603e-13
211,-0.06064714899957835,-0.054486079396241394,-0.07104262920741178,1.1368683772161603e-13
212,-0.007050754784017954,-0.03618435571320333,-0.0675618087494314,1.1368683772161603e-13
213,0.13776273491032498,0.07118324385285746,0.1498139360342634,1.1368683772161603e-13
214,0.19647209382731035,0.6654306744603389,0.49379871559426647,1.1368683772161603e-13
215,-0.19977937381690936,-0.34763970241982634,0.12211667269104964,1.1368683772161603e-13
216,-0.10674231860264172,-0.40079572136639285,-0.5346822832467382,1.1368683772161603e-13
217,0.06606858710296137,0.11320701552941159,-0.05522660849894123,1.1368683772161603e-13
218,0.109426031110047,0.30072518529951253,0.16410311550089318,1.1368683772161603e-13
219,-0.02592751323123821,-0.04936638291744089,-0.3023776041000872,1.1368683772161603e-13
220,0.12205580962171325,0.18938909593103403,-0.0619480644985515,1.1368683772161603e-13
221,0.10418213007642407,0.13420317493469724,0.34873902474906515,1.1368683772161603e-13
222,0.023388932614523128,0.1554435251786117,0.17149429114405734,1.1368683772161603e-13
223,-0.12493633690036177,-0.3550354171308072,-0.1762842708057093,1.1368683772161603e-13
224,0.0009561301158669266,-0.14323523890971046,0.08655985594900528,1.1368683772161603e-13
225,0.017837918676150366,0.10649038290648605,0.006363952584806043,1.1368683772161603e-13
226,-0.00011286863957593596,-0.014709722504221645,0.0730313668036473,1.1368683772161603e-13
227,0.03494604432927417,0.0501224073381934,-0.07644156895509013,1.1368683772161603e-13
228,-0.12158424674305479,-0.0049601796737590576,0.049212206312063245,1.1368683772161603e-13
229,-0.04411012257571656,-0.2486348154191944,-0.014110677615107647,1.1368683772161603e-13
230,0.02586426612754167,0.1854601317580773,0.32131992362947415,1.1368683772161603e-13
231,-0.17657867795298898,-0.24244348981434882,-0.4607565254156185,1.1368683772161603e-13
232,0.004679418693285697,0.07994514363542748,0.14122012324247635,1.1368683772161603e-13
233,-0.12517667879046712,-0.020775298337014192,0.3600607057632743,1.1368683772161603e-13
234,-0.12157531455761728,-0.5216943220901271,-0.280817937477039,1.1368683772161603e-13
235,-0.03747899616337236,-0.0289725282388531,0.09642840495351379,1.1368683772161603e-13
236,-0.0680976206999162,-0.020508726992488846,-0.17930673047918333,1.1368683772161603e-13
237,0.13452897517947804,0.16034347599909893,-0.020161369026325815,1.1368683772161603e-13
238,0.0064694700636209745,-0.026582977131170082,0.24619676881742691,1.1368683772161603e-13
239,0.01040398730032166,-0.005480105817866843,-0.3371790026197914,1.1368683772161603e-13
240,0.09254027099547102,0.023318919685948458,-0.07825014789378315,1.1368683772161603e-13
241,0.20490506770443062,0.3957561177743685,0.41342221343911945,1.1368683772161603e-13
242,0.09995636318564038,0.027755657495106334,-0.41186150698855784,1.1368683772161603e-13
243,0.10460867689522502,-0.004954910199131746,0.04015509181110133,1.1368683772161603e-13
244,0.17899375640291737,0.2515022806757088,-0.0514277562638199,1.1368683772161603e-13
245,0.25385740703143256,0.34168764215863234,-0.06619831287881084,1.1368683772161603e-13
246,0.09939696079743499,0.237039262937202,-0.06627767440241428,1.1368683772161603e-13
247,-0.00010741894845978095,0.21365709815120226,-0.34791298148427074,1.1368683772161603e-13
248,0.16212493378702675,0.18307253833046389,0.13394393881009137,1.1368683772161603e-13
249,0.05349328576613743,0.15436730566483448,-0.052611954440209274,1.1368683772161603e-13
250,0.07138450192900336,0.1493654537075031,-0.13757628405890898,1.1368683772161603e-13
251,0.029498504018874883,0.03912224383839202,-0.05506214702450052,1.1368683772161603e-13
252,-0.01449800950416602,-0.04475330067569416,-0.17111275239936674,1.1368683772161603e-13
253,0.02883383340565615,0.05766827765785365,-0.217055666883752,1.1368683772161603e-13
254,0.04301403622861244,0.07199010028830344,0.07548820252586097,1.1368683772161603e-13
255,0.0625193780557538,0.13964755642638238,-0.13445244566163694,1.1368683772161603e-13
256,-0.10326497208751562,0.1551604912297364,0.329514848217471,1.1368683772161603e-13
257,-0.1718886835448643,-0.28995024855689167,-0.34532464362455073,1.1368683772161603e-13
258,0.038701124327701564,0.11155344250940402,-0.16000061588223957,1.1368683772161603e-13
259,0.006556588377804928,-0.12123078717098679,0.06001406663767739,1.1368683772161603e-13
260,-0.007392314918149623,-0.03861982601429759,0.3287970174503272,1.1368683772161603e-13
261,-0.03688640624079653,-0.16728816269142044,-0.004133107150451565,1.1368683772161603e-13
262,0.04027875035495754,-0.13271704269081397,0.19509912140880203,1.1368683772161603e-13
263,-0.07784008426523314,-0.24037085305670303,0.15886035105705787,1.1368683772161603e-13
264,0.10033233545811981,-0.0020602597495269492,-0.45961268393635635,1.1368683772161603e-13
265,0.21624450648482707,0.35258536832836285,0.1357458442156485,1.1368683772161603e-13
266,0.04534107971244339,-0.007735149549205289,-0.17608147178277989,1.1368683772161603e-13
267,0.08645218714354996,-0.05469134579340107,-0.019867099773378527,1.1368683772161603e-13
268,0.11762061928118328,0.02837802168639314,-0.10630921579178221,1.1368683772161603e-13
269,0.24229928069007656,0.5272414516131789,0.03934291240517496,1.1368683772161603e-13
270,0.06636764240670345,0.24670138853392132,-0.09435384741621533,1.1368683772161603e-13
271,0.03269904142644009,0.07995330074265894,-0.05381017240104313,1.1368683772161603e-13
272,-0.09298873259791662,-0.24662204960216627,0.12212509656077941,1.1368683772161603e-13
273,0.06208997513817849,0.07720776496702797,-0.11714581295832716,1.1368683772161603e-13
274,0.07209116649784164,0.5813117585412044,0.6984141615749309,1.1368683772161603e-13
275,-0.20998768820385294,-0.22612997805686064,-0.3532688088949527,1.1368683772161603e-13
276,-0.0314799289838561,-0.26274366416674866,0.019372545511387784,1.1368683772161603e-13
277,-0.07018898901742432,0.02423243465588598,0.2572380594873209,1.1368683772161603e-13
278,-0.2737749166965955,-0.6777030858564785,-0.24043483834952895,1.1368683772161603e-13
279,0.017932834910880047,-0.17081820728219554,-0.15387047206149873,1.1368683772161603e-13
280,0.09180423227917345,0.348574574878711,0.16156617977354415,1.1368683772161603e-13
281,0.054573353576927275,0.12749895046110282,-0.19173234687943363,1.1368683772161603e-13
282,-0.0821590676747519,-0.002881960468585021,0.7325352222642749,1.1368683772161603e-13
283,-0.12729808102255902,-0.17127827626083558,-0.1048425251800893,1.1368683772161603e-13
284,-0.015351018852072684,-0.11864497927390971,-0.21097989316344012,1.1368683772161603e-13
285,0.011508915515321405,0.11000596901604354,-0.11180993951774099,1.1368683772161603e-13
286,-0.04042307948765256,0.14773223436725402,0.2616963802386323,1.1368683772161603e-13
287,-0.039515506743384776,-0.13649449877098618,-0.5369711041238503,1.1368683772161603e-13
288,0.0471723280174956,-0.019608590587097297,0.285858641592327,1.1368683772161603e-13
289,-0.0032038398266536205,0.05635216769005069,0.4220407255656937,1.1368683772161603e-13
290,-0.13519328726010826,-0.24529892699322886,-0.08671075571426456,1.1368683772161603e-13
291,0.045898561831961615,-0.052043679382734354,-0.41267228831451064,1.1368683772161603e-13
292,0.06982302812843955,0.07248664758986934,0.211061361084262,1.1368683772161603e-13
293,0.15580266921097063,0.13209702254411582,-0.20577606268119553,1.1368683772161603e-13
294,0.01397583049407558,-0.09652576507474464,-0.13522378021903592,1.1368683772161603e-13
295,0.11053563208810147,0.34232995001264044,-0.04430103694366494,1.1368683772161603e-13
296,0.09903656277771233,0.3005205303541345,-0.2796397964619928,1.1368683772161603e-13
297,0.08395398054796033,-0.12746035726388527,-0.23006667934760117,1.1368683772161603e-13
298,0.19515145461957673,0.26884117423091425,-0.0035625246803761,1.1368683772161603e-13
299,0.17170390686538894,0.3665481241001771,0.1608669638927438,1.1368683772161603e-13
300,0.1317869602578412,0.1464510200639495,0.1620311750744321,1.1368683772161603e-13
301,0.1113559744894701,0.20255645429443803,0.056579157367522726,1.1368683772161603e-13
302,-0.07355444318460513,-0.32396762460331274,-0.10051549816940053,1.1368683772161603e-13
303,0.04277498762326104,-0.11276870621264834,-0.1932007837728804,1.1368683772161603e-13
304,0.02456271448915004,0.33127011430295283,0.06154611976847946,1.1368683772161603e-13
305,-0.0017611182750556509,-0.19989932563427715,0.42574336832508664,1.1368683772161603e-13
306,-0.06110425751046478,-0.02607806290743042,-0.020244798552440102,1.1368683772161603e-13
307,0.01908801835355689,-0.12504524754362478,-0.4592322957546884,1.1368683772161603e-13
308,0.13239829885139898,0.31658056442924476,0.11731070566007418,1.1368683772161603e-13
309,-0.08084774674534856,-0.1215884472401001,0.1420068638766594,1.1368683772161603e-13
310,0.026281402716222146,-0.050210234658237596,-0.2598355227594027,1.1368683772161603e-13
311,0.056966414185751546,0.008117044137776475,0.2590633428425093,1.1368683772161603e-13
312,0.032466383035057333,0.10750881989704908,-0.07087685642460428,1.1368683772161603e-13
313,-0.18567589957632435,-0.4308001949639788,0.048612426150072,1.1368683772161603e-13
314,-0.09859726397723989,-0.2059653157341188,0.12733272325365874,1.1368683772161603e-13
315,0.00403108328032431,0.045490633135528924,0.07363101987296261,1.1368683772161603e-13
316,-0.05813737507151018,0.003930867970410645,0.24017085064905075,1.1368683772161603e-13
317,-0.026222718508051912,0.04144757108912245,0.028817396410460105,1.1368683772161603e-13
318,-0.13396480003342504,-0.1269306464064357,-0.3336419802127324,1.1368683772161603e-13
319,-0.05988895388554738,-0.09307352287879667,-0.4629935833843035,1.1368683772161603e-13
320,0.08825872155665593,0.2119430596228824,0.7549092299443458,1.1368683772161603e-13
321,-0.28428656047424283,-0.38719313566664937,-0.16933382346581993,1.1368683772161603e-13
322,-0.06859003664504826,-0.4955767228049126,0.10793659402580147,1.1368683772161603e-13
323,0.016178323434985487,0.02982866186408728,0.28717559511922275,1.1368683772161603e-13
324,-0.09134974653602512,-0.09730138608773586,-0.22614034649295434,1.1368683772161603e-13
325,0.03030791592635751,0.008340890516620902,0.10721164287100748,1.1368683772161603e-13
326,0.003269437838525846,-0.023051420693462887,-0.12811867114793074,1.1368683772161603e-13
327,0.04559134473493032,0.0810065060605325,0.10587582031375575,1.1368683772161603e-13
328,0.11526186472985955,-0.061366549757821076,-0.18478995596964864,1.1368683772161603e-13
329,0.013352895724040081,0.2289601528499361,-0.0524752936270545,1.1368683772161603e-13
330,-0.043502891324465054,-0.1924005749761477,0.0494969587648626,1.1368683772161603e-13
331,0.10759183814377593,0.10160515254676739,-0.37702413656097633,1.1368683772161603e-13
332,0.14928303455275227,0.44753209616095546,0.08164792610882898,1.1368683772161603e-13
333,-0.03715972631761133,-0.0882241795844152,-0.32425281613639356,1.1368683772161603e-13
334,0.08202449455882288,0.13734114278128118,-0.20040923098306962,1.1368683772161603e-13
335,0.08149418732398317,-0.07011479791086117,0.3574984916370454,1.1368683772161603e-13
336,-0.031220274419354155,-0.11073195397318614,-0.1930631438548005,1.1368683772161603e-13
337,0.2353827444165404,0.34056058740944195,0.3529201429363411,1.1368683772161603e-13
338,-0.12308945875201971,-0.11757703606821224,0.10132043167280358,1.1368683772161603e-13
339,-0.010730556427802185,0.09094597938280913,-0.24334225025982903,1.1368683772161603e-13
340,0.07396687799473511,0.20992266626390688,0.16745688645518442,1.1368683772161603e-13
341,-0.11204467319527112,-0.27979557496328766,0.1443394680700436,1.1368683772161603e-13
342,-0.0449626621839343,-0.12359489043976168,0.08360982066483302,1.1368683772161603e-13
343,-0.03168743574445898,0.05915041219563477,0.11987002627950005,1.1368683772161603e-13
344,-0.10554756581080937,-0.28878286786715535,-0.02852905464601463,1.1368683772161603e-13
345,0.0038909241468445543,0.13565884416934182,0.08736920731290354,1.1368683772161603e-13
346,-0.11868534507499362,-0.1499669009289164,-0.46288595310146263,1.1368683772161603e-13
347,0.06610150546180193,0.10720488612466283,-0.04171810934015241,1.1368683772161603e-13
348,0.06098039875496397,0.42837176489163653,0.5859295232945385,1.1368683772161603e-13
349,-0.25687081013904844,-0.5068893182944976,-0.02340590711656887,1.1368683772161603e-13
350,-0.003149733537497923,-0.4072885397359869,-0.303182624782977,1.1368683772161603e-13
351,0.09331557177523564,0.17832904787678672,0.5732620073540744,1.1368683772161603e-13
352,-0.19457693099303697,-0.5798690024080031,0.19142153889848146,1.1368683772161603e-13
353,-0.014337562813238947,-0.0299965358397003,-0.29503597204249843,1.1368683772161603e-13
354,0.029713779086250725,0.28763431898909175,0.30040427203853426,1.1368683772161603e-13
355,-0.06811909223773682,-0.28356637996125755,-0.00199761463666448,1.1368683772161603e-13
356,0.06467732370140311,0.05165086854097467,0.17545370969601493,1.1368683772161603e-13
357,-0.061578826374329765,0.1153205572636864,-0.06120999982994135,1.1368683772161603e-13
358,-0.03818815167807088,0.01983516396842333,0.2593808227100425,1.1368683772161603e-13
359,-0.05647890427735547,-0.1679051542749619,-0.3166490987869395,1.1368683772161603e-13
360,-0.0150000876006402,-0.05840572516382281,-0.10173281564337344,1.1368683772161603e-13
361,0.1632574104867217,0.18426486871419456,-0.07713753226866515,1.1368683772161603e-13
362,-0.027282451631776894,0.057278621182945244,0.4908221920356084,1.1368683772161603e-13
363,0.058218899992880324,-0.013857212331771507,-0.01140161914608484,1.1368683772161603e-13
364,0.01383011940686174,0.05849626551790266,0.13926619177497912,1.1368683772161603e-13
365,-0.04501025400031722,-0.06475881333247457,0.08845773409355218,1.1368683772161603e-13
366,0.051272938891770536,0.03586409301351523,0.19372088976862756,1.1368683772161603e-13
367,-0.00998235687285387,-0.0005696846377247766,0.4233574882745188,1.1368683772161603e-13
368,-0.17221259082464258,-0.399742554459948,-0.366698443925344,1.1368683772161603e-13
369,-0.05724265232151993,-0.02458168407471817,-0.2935809966673446,1.1368683772161603e-13
370,0.023035697095849628,0.1331533747894582,0.14329876318579693,1.1368683772161603e-13
371,-0.04183703909603764,-0.03689321233403575,0.145895587539826,1.1368683772161603e-13
372,0.05194752603023289,0.12663283592402763,-0.1596371932129017,1.1368683772161603e-13
373,0.05937946302270802,0.11953198019921274,-0.23050162331114166,1.1368683772161603e-13
374,0.034536796281315674,0.2329156244161652,-0.4139248491192262,1.1368683772161603e-13
375,-0.01890851698408369,0.0977835779968359,-0.05666211003503463,1.1368683772161603e-13
376,0.10429557834288516,0.09721936388109498,-0.2219451354945221,1.1368683772161603e-13
377,0.09957561673240889,0.20010955167083466,0.4458965589965942,1.1368683772161603e-13
378,-0.10763537211363428,-0.2552345340495208,-0.24866886734467641,1.1368683772161603e-13
379,0.06849077452602614,-0.09526428486918803,0.156781643796279,1.1368683772161603e-13
380,0.05197649854346764,-0.029363251089080222,-0.09161009931909803,1.1368683772161603e-13
381,0.1705024467327121,0.450761637318152,-0.02529573297832144,1.1368683772161603e-13
382,0.05389325388915722,0.360930113020288,0.573914871720973,1.1368683772161603e-13
383,-0.06826321710985894,-0.18174758573789518,-0.5280492313563769,1.1368683772161603e-13
384,-0.004068161335112563,0.001393966332244645,-0.012271691756367886,1.1368683772161603e-13
385,0.10225901304175977,0.07909215159170913,-0.01364505408777461,1.1368683772161603e-13
386,0.15160680402885873,0.3011120645876417,-0.2603250022335999,1.1368683772161603e-13
387,0.008855480425324913,-0.13835521707096632,-0.17114082626248717,1.1368683772161603e-13
388,0.002934426824026559,0.037163434482067714,-0.06462786569591117,1.1368683772161603e-13
389,0.06527769284093665,0.22480136750857582,0.012940737361930132,1.1368683772161603e-13
390,0.008435534408420153,0.08474874344722139,0.07465408137500162,1.1368683772161603e-13
391,-0.008759279283935939,-0.29110474384265217,-0.2884640004595411,1.1368683772161603e-13
392,0.007223649881041183,-0.00485593379215743,0.4528366891346991,1.1368683772161603e-13
393,-0.03149375800711596,-0.20978675334930585,-0.36097764891725603,1.1368683772161603e-13
394,0.07358568107957808,0.05800216797692315,-0.03463340289920325,1.1368683772161603e-13
395,0.19178567066717278,0.1844108297371747,0.08484919400223134,1.1368683772161603e-13
396,0.07170068617983816,0.33911699847371324,0.1531705647409609,1.1368683772161603e-13
397,0.06050576443635691,0.0288639334605989,-0.378993531524344,1.1368683772161603e-13
398,0.0372394709178252,0.24531071371387725,0.052570946762301674,1.1368683772161603e-13
399,-0.17099733593704514,-0.2973259358067821,0.03392180633872499,1.1368683772161603e-13
400,-0.1490929545865356,-0.34607529078621724,-0.4812655333874858,1.1368683772161603e-13
401,-0.010049684480406995,0.13018358215518333,0.020753965265384977,1.1368683772161603e-13
402,-0.0255385792860352,-0.3680365643079142,-0.018961320210038934,1.1368683772161603e-13
403,0.15838459559074636,0.34244881729657095,-0.11440490156269334,1.1368683772161603e-13
404,0.027848141768743062,-0.07131251504628722,-0.08317590987702772,1.1368683772161603e-13
405,0.0883855235637725,-0.04482313182290909,-0.3582133332686084,1.1368683772161603e-13
406,0.12760436286623644,0.11402990739375696,0.009725933444741486,1.1368683772161603e-13
407,0.1445554749028588,0.3143297366613069,0.06443024116533991,1.1368683772161603e-13
408,0.12672000273454387,0.40738464498855365,0.12318699531164157,1.1368683772161603e-13
409,0.048437685290195986,0.19291184226491964,-0.29537898712048616,1.1368683772161603e-13
410,0.08321403721004117,0.07318265547402802,0.1280478355960213,1.1368683772161603e-13
411,-0.020581339805971766,-0.09167359486423265,0.22601136110557718,1.1368683772161603e-13
412,0.008002924151412572,0.10761940257060587,0.07731511132165281,1.1368683772161603e-13
413,-0.07391008070470662,-0.5767014173720213,0.30339908123376347,1.1368683772161603e-13
414,0.04147526345178676,0.14624576960483182,0.09906605280743008,1.1368683772161603e-13
415,-0.018813230187788577,-0.12927286657077275,-0.2883298371783667,1.1368683772161603e-13
416,0.04250577620689455,0.11535897715955912,0.28211991633210687,1.1368683772161603e-13
417,-0.03707474568221869,-0.20561464657205875,0.20237176715946248,1.1368683772161603e-13
418,0.17428502803437596,0.39667011040955913,0.21964303569021126,1.1368683772161603e-13
419,-0.26141141305089377,-0.4553559980061266,0.38209774510032446,1.1368683772161603e-13
420,-0.21958086327862247,-0.3548516320997521,0.061901450290804405,1.1368683772161603e-13
421,-0.12117024921889197,-0.3942782687213935,-0.2943914286114193,5.684341886080802e-14
422,-0.03991123913431238,-0.06225650978265662,0.3164978910043317,5.684341886080802e-14
423,-0.15562379021554307,-0.1964955745843895,-0.015538134800578973,5.684341886080802e-14
424,-0.05399698785839746,-0.0363102930630248,-0.02395255367460436,5.684341886080802e-14
425,-0.1180738242891266,-0.01716842561583576,-0.015550402533179408,5.684341886080802e-14
426,-0.1953319029166778,-0.10412648795747259,-0.5211100753151641,5.684341886080802e-14
427,-0.03633910512610328,-0.03168394234225502,-0.1765180108754123,5.684341886080802e-14
428,-0.012030116717085093,0.09801936604551997,0.1278203576658541,5.684341886080802e-14
429,0.06879507449048106,0.0634084888025086,0.4186932221617212,5.684341886080802e-14
430,-0.02022855425201442,0.06895548081786274,-0.20438071408233327,5.684341886080802e-14
431,0.05003306948009367,-0.04795975416871556,-0.16534866417586613,5.684341886080802e-14
432,0.041761742197309104,0.1227401529545773,-0.08053791494559448,5.684341886080802e-14
433,0.11168096325178567,0.2731434179321752,0.09665878775241765,5.684341886080802e-14
434,-0.010055958247164654,0.016964792234205106,0.03804319881152196,5.684341886080802e-14
435,0.034643459027904555,-0.17614050480898413,-0.2654603352544598,5.684341886080802e-14
436,0.08902796628029819,0.19208200691821276,0.14256448288236356,5.684341886080802e-14
437,0.04192049660406383,0.0014730902489361597,-0.05847431174863971,5.684341886080802e-14
438,-0.009352877320907282,0.09286475715668985,0.14665939360980929,5.684341886080802e-14
439,-0.058117652618079774,-0.03469031763370367,-0.5699289969269472,5.684341886080802e-14
440,0.08805947717013396,-0.038841656912183,-0.23602852882208936,5.684341886080802e-14
441,-0.005604749839790202,0.2951578067296339,0.5073570342594138,5.684341886080802e-14
442,-0.207753406960137,-0.2900525268495926,-0.1323935608162401,5.684341886080802e-14
443,-0.12670439608638162,-0.07274570193624186,-0.04529934944466163,5.684341886080802e-14
444,-0.17999858318677298,-0.33983533217087825,0.250784065145794,5.684341886080802e-14
445,-0.06678590942374285,-0.14587880877434145,0.075596889454701,5.684341886080802e-14
446,0.04037313784920116,0.16332817113246278,0.04713946671003555,5.684341886080802e-14
447,-0.09885672137806978,-0.143448054527056,0.05416327174857827,5.684341886080802e-14
448,-0.004662671015637443,0.01813279743049634,-0.32383588412504594,5.684341886080802e-14
449,0.024406765201320013,-0.011495904482245578,0.16667647143725617,5.684341886080802e-14
450,0.08430884376400627,0.008275964934142621,0.1742172390075183,5.684341886080802e-14
451,0.16390694198395295,0.3499888737456729,0.04577892431824182,5.684341886080802e-14
452,-0.03770506185503564,-0.0631125208084029,-0.07141605796836359,5.684341886080802e-14
453,0.01385270480585632,0.012154590872285098,0.18844769984607979,5.684341886080802e-14
454,-0.11738648375626326,-0.16744677589557,-0.2053990743627594,5.684341886080802e-14
455,-0.08049662395126234,-0.033593560498133,0.13603372298204874,5.684341886080802e-14
456,-0.01793880117639901,-0.2958491229469473,-0.2868104685357622,5.684341886080802e-14
457,0.09064353446461837,-0.053139007023219165,-0.03199415455161159,5.684341886080802e-14
458,0.09019553603593522,0.33413862315836695,-0.09745604925151952,5.684341886080802e-14
459,-0.052459195235087464,-0.07587378967670588,0.49508289005356687,5.684341886080802e-14
460,0.04061598501135677,-0.13824368389305164,-0.13351289101694874,5.684341886080802e-14
461,0.12513920172546023,0.43265150724022305,0.45196650490495927,5.684341886080802e-14
462,-0.09645407520434901,-0.24949245288146926,0.13922337019576503,5.684341886080802e-14
463,-0.009334354283396351,-0.23547350950468626,-0.6581007859328167,5.684341886080802e-14
464,0.027286563559698607,0.5393290449223116,-0.0786889177864083,5.684341886080802e-14
465,-0.02357618118242044,-0.10934340135000298,-0.473144409900101,5.684341886080802e-14
466,0.04316593325467011,0.1187726096170536,-0.01678876411131114,5.684341886080802e-14
467,-0.02306129593358719,-0.15279778995252968,0.028254300043855096,5.684341886080802e-14
468,0.059360153169620844,0.16957729554525258,0.09115513277919263,5.684341886080802e-14
469,0.07259655272798682,0.29081790332210744,0.004503333712122526,5.684341886080802e-14
470,-0.10817548219472428,-0.23241956254673823,-0.10394962646115857,5.684341886080802e-14
471,0.04461156845439973,0.21107586535384826,0.34828793292767557,5.684341886080802e-14
472,-0.030819856708887983,-0.1956290897526003,-0.028665201637736004,5.684341886080802e-14
473,0.06389336395898226,0.01891273201789545,-0.5299846327946938,5.684341886080802e-14
474,0.03676147967820498,0.23212281451361605,0.4956413325478053,5.684341886080802e-14
475,0.041390160674041,-0.25979546867640124,-0.18980285351844373,5.684341886080802e-14
476,0.03661346409359112,0.12426862926068338,0.44141283364641026,5.684341886080802e-14
477,0.01583364772943696,0.20999469574874752,-0.39117960142475283,5.684341886080802e-14
478,0.08710170517059623,-0.033853065016984374,-0.16676532836318358,5.684341886080802e-14
479,0.12128002541987826,0.4434073719392302,0.3002428775072161,5.684341886080802e-14
480,-0.10874067388374442,-0.07974336287483652,0.1404882594294321,5.684341886080802e-14
481,-0.2050751030021729,-0.2615283120387346,-0.09508280013646697,5.684341886080802e-14
482,0.003272103547089955,-0.02114134252562394,0.11808240083152555,5.684341886080802e-14
483,-0.08000636792581872,0.01144013266579691,-0.029771418843083097,5.684341886080802e-14
484,-0.058060466639233255,0.06972471089417809,0.33174159868754316,5.684341886080802e-14
485,-0.05067526985516224,-0.1833624612083895,-0.18119833412224295,5.684341886080802e-14
486,-0.09937784455041765,-0.04693187098121143,0.26563799654775266,5.684341886080802e-14
487,-0.1398251797243688,-0.21465018563520744,0.06260510606961134,5.684341886080802e-14
488,-0.11754899454626866,-0.09609078015057548,-0.17414631729582197,5.684341886080802e-14
489,-0.08105503661846569,-0.39150067247530274,0.012292507814763098,5.684341886080802e-14
490,-0.07386318267140268,0.2963891730085777,-0.39037371615029315,5.684341886080802e-14
491,-0.09703423188028637,-0.20484327945163727,-0.40708789764158837,5.684341886080802e-14
492,0.07569154450726501,0.15885054518906827,-0.043921862053991845,5.684341886080802e-14
493,0.07786971431494294,0.3609014218108939,0.5168767008752155,5.684341886080802e-14
494,-0.17189935437630766,-0.3131478484129957,0.14905878956616903,5.684341886080802e-14
495,0.01202815000016244,-0.16338768326687614,-0.1502450492682783,5.684341886080802e-14
496,-0.0021914746628795,0.3823270341168552,0.48073187550885166,5.684341886080802e-14
497,-0.16321089949116185,-0.272418724034992,-0.14686353028122312,5.684341886080802e-14
498,-0.13112866634065767,-0.12745517710789045,-0.19006110967011125,5.684341886080802e-14
499,-0.0004693895969580808,-0.11042614665063866,-0.244210394752983,5.684341886080802e-14
