,tas,rlut,rsut,rsdt
0,-0.011510590465604764,0.002599808729655706,0.07828609838374234,-8.71486349751649e-08
1,-0.04030714505057631,-0.14843934791167612,0.154567170124281,-3.371652042005735e-07
2,0.13868855118511192,0.05711720703286005,-0.3781079478898306,-2.8534844886962674e-07
3,-0.01029727272339187,0.20108284439749013,0.4951991990919993,2.9652085231646197e-08
4,-0.17308721898638169,-0.6501940634373398,-0.17377610145646827,-8.513206353200076e-07
5,-0.07333295781631932,-0.3822977811353496,-0.15858880025268718,-6.741442462043779e-07
6,0.13599724486982723,-0.03329034930359853,-0.305414097828816,-6.787815891584614e-07
7,0.07593622764005659,-0.28063052795044996,-0.019597804076639136,-7.122419560801063e-07
8,0.13020829479853546,-0.2599929851453453,-0.07427303184950063,-8.436504117526056e-07
9,0.13495962670259587,-0.19398436242681782,0.10448558422501719,-6.754970627298462e-07
10,0.14678684522459662,-0.3999031560470314,-0.10656402396884346,-7.745233006062335e-07
11,0.27824991245893216,-0.038975658904945476,-0.10743722479864459,-8.671822797623463e-07
12,0.2582549973063806,-0.01684713945007843,-0.20851432949172022,-6.634051032960997e-07
13,0.1365119977844529,-0.3437994590535425,0.21883408798942128,-1.0303373869646748e-06
14,0.22597262500073612,-0.35494209105823415,-0.37718644896750675,-1.1754676165764977e-06
15,0.3652117801536292,-0.07356455408935858,-0.603976444206836,-1.4038230347068748e-06
16,0.3290472323106428,-0.15592024345505706,-0.13936073953354366,-1.2276610164008162e-06
17,0.241857958829371,-0.4461455255047895,-0.11234335466049572,-1.7994279915001243e-06
18,0.36081100009772626,-0.1961449656477896,-0.4797702317779198,-1.4313816336652962e-06
19,0.5156502957655107,-0.14140709214723302,-0.542764978919493,-1.8787114299811947e-06
20,0.49272001362834317,0.13430018637842522,-0.30558995976501535,-1.5948571672197431e-06
21,0.4080210530232762,-0.39843502743195813,-0.46735383021974997,-1.9117120473310933e-06
22,0.522413330134043,-0.2559158590050572,-0.594725638386322,-1.8867697804125783e-06
23,0.6059989008772959,0.16878757627117125,-0.6654791473313253,-1.8959430008180789e-06
24,0.6491897062133489,0.1880983642420233,-0.3582991457099922,-1.9150819525748375e-06
25,0.5696074427963254,-0.19301641393397517,-0.6185128722599273,-2.272681683734845e-06
26,0.6559277690550971,-0.09272072858135516,-0.8009722944293713,-2.187452935231704e-06
27,0.644709956691031,-0.1256965817360367,-0.9556017838652053,-2.187046618473687e-06
28,0.631439464724906,0.03346768700654934,-0.745810357601087,-2.3280877599063388e-06
29,0.7771384462487845,0.03453481225656674,-0.9632201212986047,-2.521616693229589e-06
30,0.8539737221356631,0.2575778467241321,-1.1839234624973614,-2.554661307385686e-06
31,0.918806807631313,0.27992997915029605,-0.9677718662007635,-2.540230298109236e-06
32,0.9661568795950757,0.2711557672213303,-0.9283934339335218,-2.3145393015511218e-06
33,0.8515952386053414,0.14437366109476102,-1.205867179537492,-2.739630758696876e-06
34,0.8828823557161627,0.04566272836959229,-0.83601394112398,-2.8321700824562868e-06
35,0.8796957635077547,0.2530077448625718,-1.026154339493445,-2.914587014402059e-06
36,0.9163788648008335,0.030027642966899748,-0.8017230922751821,-3.025699527370307e-06
37,0.8933179171614256,-0.14990976153706015,-0.8116055484606619,-3.0006364681867126e-06
38,0.8929944783142787,-0.03318124216056617,-1.0264795389919357,-3.067306579396245e-06
39,0.9972533342607335,0.05515881343430351,-0.8016616696026801,-3.3799938137235586e-06
40,1.0619944421355285,0.09588547743251752,-0.9882240471949757,-3.041445836515777e-06
41,1.1646482179871214,0.14104266273923827,-1.1776376632933818,-3.144852030345646e-06
42,1.2438013333733124,0.4659581200579055,-1.2675327202510545,-3.0173808909239597e-06
43,1.137729711447946,-0.029141241042907495,-1.0975805885092313,-3.3456341839155357e-06
44,1.0519951346207677,-0.11208744146898653,-1.0462010078623507,-3.5718840081244707e-06
45,1.2188450888187958,0.1482952089610592,-1.4037089979827755,-3.5494664416546584e-06
46,1.3221598885100434,0.2695599949405505,-1.3394215851705837,-3.490987182885874e-06
47,1.4236774203392883,0.6588944126907279,-1.479700658997757,-3.352899909714324e-06
48,1.283282662170791,0.2143330444966125,-1.20981599237939,-3.485093884592061e-06
49,1.2333119190611797,-0.010763700018884492,-1.3931526953561644,-3.890249217874953e-06
50,1.4263773577358734,0.5123427651056147,-1.6077119699295395,-4.069412966600794e-06
51,1.458887986542038,0.250595813093355,-1.2770846906112183,-3.933695666091808e-06
52,1.502298255394976,0.3782438698245585,-1.426844965416322,-4.074042408319656e-06
53,1.3734547141045823,-0.025997378396880322,-1.4554796708770112,-4.383571024391131e-06
54,1.4243358475592913,0.07763083629697576,-1.530387959269106,-4.421129006004776e-06
55,1.6367188945588964,0.6189961950654208,-2.0091621034591896,-3.935198833460163e-06
56,1.624987108580001,0.6191242878814194,-1.65788646927804,-3.904084223904647e-06
57,1.7000332883637839,0.36488968159250135,-1.8495603995644103,-4.216519300825894e-06
58,1.7887079726142474,0.8830154480761223,-1.9257864581576882,-4.470875865081325e-06
59,1.7686417793273677,0.517821095855254,-1.6081170711838553,-4.300704290471913e-06
60,1.7195584007998832,0.4817240310790396,-1.9453858938951356,-4.549735251657694e-06
61,1.8167014399247137,0.6775225746231683,-2.2033561189092836,-4.668594215218036e-06
62,1.9390952596743318,0.8866278264979428,-2.1213858596556605,-4.660586910176789e-06
63,1.9814645079032402,0.7053483724021135,-1.9152385625433084,-4.276553909221548e-06
64,2.0183247638633475,0.6256254411979114,-2.1049916953213597,-4.76449099551246e-06
65,1.9829335362433653,0.6841506542391755,-2.176748654624106,-4.975690160335944e-06
66,2.0211169938392004,0.6150194718043736,-2.3482422243192076,-4.9860497028930695e-06
67,2.1325259480575482,0.6215579275101106,-2.367886930473503,-5.226424661941564e-06
68,2.195176952151087,1.2709200425948382,-2.4719690101564566,-4.732766683446243e-06
69,2.2356369255688833,0.972004393807083,-2.8723896976052856,-5.035180549839424e-06
70,2.1053760558002637,0.4865622480489833,-2.355312831248625,-5.228011673352739e-06
71,2.376153185549583,0.9363744517385157,-2.4926380982751652,-5.134616458235541e-06
72,2.4859725391355596,1.3258635390194797,-2.7402599687105322,-4.624223436167085e-06
73,2.5235841677153985,1.5661894784128947,-2.914820194712661,-4.899587793261162e-06
74,2.376111782294629,0.9122161656135859,-2.502640931297975,-4.9654722147352e-06
75,2.4874907824451498,0.9565844553970066,-2.8150573736012205,-5.432083241885266e-06
76,2.487295360909684,1.5801743577439993,-2.4029200519746468,-5.0435914431545825e-06
77,2.406370777339305,0.8044100063740416,-2.7277880559928604,-5.476228977840947e-06
78,2.422782116338908,0.914670832422587,-2.8136095138588217,-5.688493274647044e-06
79,2.6411431951448208,1.286795222525683,-2.80148508950667,-5.35512185706466e-06
80,2.5475493663414,0.9756834688082279,-2.812438295444025,-5.774972919425636e-06
81,2.625985218935682,1.2818240856088607,-2.7653970980593243,-5.7161805102623475e-06
82,2.6591630872686096,1.21664637921171,-2.6448915620449895,-5.7804471111921885e-06
83,2.697608601779507,1.0099846037977613,-2.7799341763784895,-5.582988649166509e-06
84,2.8081141264064513,1.3116498367878933,-2.971914818149614,-5.852377228166006e-06
85,2.9418875402042772,1.7745103552756802,-3.0797864598542333,-5.587865928191604e-06
86,2.6767119369767443,0.8457453481896664,-2.7045943761551,-6.109356036176905e-06
87,2.8386504639784675,1.0664078869571938,-3.0650631674512283,-6.357810889312532e-06
88,3.045331356805434,1.6087027287890123,-3.5608267253109602,-5.9909233414146e-06
89,3.111254488005443,1.7868643942975666,-3.471542079380896,-5.420038348802336e-06
90,2.9662802809364734,1.0496694687475951,-3.1624423095859697,-5.9886517647100845e-06
91,3.0392876186169815,1.431056069890417,-3.627244503679705,-6.541339416799019e-06
92,3.2536699955579707,1.8352741916883133,-3.337619852209542,-5.808862567846518e-06
93,3.2358904101275243,1.6778148854760673,-3.463439653106178,-6.016178076606593e-06
94,3.2038214133027054,1.5470788140080742,-3.7997453340250047,-6.428082144793734e-06
95,3.216239909006731,1.520330879623259,-3.7739485363498204,-6.59909085243271e-06
96,3.4304125196278505,1.8068332227758788,-3.965285075180674,-6.3091070501286595e-06
97,3.5485576602578703,1.9389717005076932,-3.7388486663154055,-6.027914935202716e-06
98,3.512364042862089,1.7498156607258295,-3.991168717411824,-6.654109142800735e-06
99,3.5347964511715304,1.970048355431686,-3.9317808147292936,-6.647792133662733e-06
100,3.685070042633697,2.174209422054105,-3.8338986942265905,-6.328191147986217e-06
101,3.6171702320005465,1.9716398842123226,-3.734607460653919,-6.240617324237974e-06
102,3.57805631884753,1.843782731780152,-3.973841107716936,-6.585400683434273e-06
103,3.6828804730748743,2.053626019475928,-4.233392053171002,-6.566285321696341e-06
104,3.7556864554672984,2.1789125838266443,-4.405123445408719,-6.9940850266903e-06
105,3.8074026087073776,2.193508495056932,-4.159572179874758,-6.840449259470915e-06
106,3.953508208368305,2.431520479808711,-4.045056078366855,-6.3929600173651124e-06
107,3.833630079050124,2.1387455261066464,-4.117906241022908,-6.490293060323893e-06
108,3.862109222858635,2.040211713410855,-4.376640079699058,-6.947259180378751e-06
109,3.9594243114364076,2.277599164489004,-4.16799568637272,-6.775578754059097e-06
110,3.9389574663569533,2.12033387756469,-4.282548815888646,-7.1558613967681595e-06
111,4.109997606449781,2.6056126182008086,-4.323398763347157,-6.8761005422857124e-06
112,4.108198691429436,2.4582531617443806,-4.377775971185429,-6.718405927585991e-06
113,4.003594253665256,1.8321343238872316,-4.638119754689342,-7.427591697251046e-06
114,4.160726466273047,2.3034224003650934,-4.783768377911144,-7.547529150997434e-06
115,4.378826419766938,2.747934184882496,-4.894245365592127,-7.107924091087625e-06
116,4.436930452061404,2.7152574996440535,-4.678175953029552,-6.783258982068219e-06
117,4.317609694849125,1.988302704769211,-4.549018361626622,-7.3502811233083776e-06
118,4.395783278928093,2.5134030218207215,-5.038652912193072,-7.570500656584045e-06
119,4.537881998247542,2.716911297048199,-4.933015073835065,-7.346401901031641e-06
120,4.563925021845876,2.752627888228517,-5.344868015478369,-7.562140638128767e-06
121,4.634652605524764,2.8743574117469564,-5.284065837488541,-7.751854127491242e-06
122,4.727255533125572,2.8641417408563825,-4.938893278416472,-7.128883339646563e-06
123,4.761695952576929,3.0358504148471184,-5.3001853322888905,-7.688418122597795e-06
124,4.653713408969793,2.6648307704855085,-5.4891684686039355,-8.037076099753904e-06
125,4.695401557732737,2.4422459799422427,-5.337742830046736,-8.106369079996512e-06
126,4.953059737881404,2.977658832364085,-5.358227962918136,-7.735732026503683e-06
127,4.962447410685513,3.029002335402339,-5.535573488993222,-7.245109088671597e-06
128,4.864949894863514,2.4760048856412595,-5.4288064655588215,-8.029405250908894e-06
129,5.072372015026474,2.9243229134258684,-5.486655508522901,-7.921760754925344e-06
130,5.0973663661415,2.8830082292046484,-5.289066337222707,-7.460518645530101e-06
131,4.9970721211198,2.611960989822137,-5.30685880388576,-7.863801272378623e-06
132,5.1401019221494835,3.053253726875255,-5.816906639310034,-7.85365119782e-06
133,5.293289025340357,3.247301988590692,-5.640312836943579,-7.379713167665614e-06
134,5.164112898789767,2.8673284550003757,-5.631433479364404,-8.0201998002849e-06
135,5.420897861395304,3.1585095525948077,-5.962764049854428,-7.661130950964434e-06
136,5.518311565745819,3.5498228678104624,-5.9395644324324905,-7.2886224984358705e-06
137,5.345125643195331,2.8963710532090374,-5.990398585228263,-8.325334704295528e-06
138,5.483875002463662,3.2040163697258777,-6.235252834570474,-8.100158595425455e-06
139,5.65461423376405,3.6232120874857117,-6.007347588551639,-7.839531178888137e-06
140,5.586680933156174,3.6624242819166852,-5.89799636144204,-7.679123086745676e-06
141,5.523203338578014,3.2397432906563495,-6.242590792996097,-7.905705842858879e-06
142,5.615664874329184,3.4563084151298256,-6.133714721279603,-8.608973644186335e-06
143,5.767605500633351,3.5053876649475626,-6.311015721805234,-8.192967754894198e-06
144,5.727940565622191,3.6785734789645232,-6.117962771153287,-7.775234223572625e-06
145,5.648572324897771,3.053859237627222,-6.3614220078228385,-8.309936163186649e-06
146,5.734166327584717,3.2816943072547247,-6.429965018408907,-8.521449899490108e-06
147,5.945409596960417,3.8306702532123893,-6.4356008596141265,-8.377953747640277e-06
148,6.009982782431564,3.802208489045256,-6.582184223841466,-7.897331613548886e-06
149,5.874799808743035,3.4790042216102393,-6.637695788036211,-8.425815678947401e-06
