,tas,rlut,rsut,rsdt
0,0.07970917250884213,0.29369185910866236,-0.5736712571911085,0.03542121296845835
1,-0.055794176689971664,0.16279046825653154,0.11288714949674272,0.01874435221452586
2,-0.14234540573494314,-0.21676584819624622,-0.0549655434303844,0.0164498070736272
3,0.03824473556034036,-0.04612334725277378,-0.36043752304830434,0.0015540849362309928
4,0.11929744789671304,0.3250069594005254,-0.1143534917362814,-0.02618637736134133
5,-0.001078745857796548,-0.042233918232597034,-0.14532398579336814,-0.04244851532160965
6,0.0043011413333147175,0.09258097618544525,-0.21405709041928844,-0.048657437797146486
7,-0.007558001842085105,0.1812318953289207,-0.16637817894400087,-0.03830806736931436
8,0.054693602997872404,-0.05985637948077738,-0.6195903040874811,-0.009047931412908383
9,0.24626675151750987,0.3944913307589957,-0.8987826114119457,0.018611509829156603
10,0.3542654042942104,0.7402495077245703,-0.3630121830176023,0.04247702421059785
11,0.1823178766431397,0.2806495645735936,0.5091771732542156,0.03836887983612769
12,0.02142668371146783,-0.06499681675441593,0.20037500289231502,0.0172284088523611
13,-0.0021139805776329013,-0.20966710449457082,0.27202422990643527,0.00292275401761799
14,-0.032253723335486484,-0.176887264033752,-0.061045524633968284,-0.013896809352559103
15,0.11805546794232669,0.12469769508655304,-0.5904559174771578,-0.02154764539596954
16,0.18554568846275288,0.1619672811034718,-0.03255140519355848,-0.02748770969111547
17,-0.0029997632288427667,-0.09581731988197362,0.2909592949991264,-0.03457868456558799
18,-0.15568598858072846,-0.25048039398012634,0.5542231673346976,-0.021266597195221948
19,-0.06164067675263141,-0.23652178321702877,-0.3306275729304673,0.013950398128145025
20,-0.03654909883982782,-0.0010131956379666462,-0.2814725440317716,0.013221983294783968
21,0.17442040214638155,0.29085476422889656,-0.9291581562435027,0.03778086453360174
22,0.24940141796889748,0.38502933017306873,-0.31336207964218943,0.025120242485400013
23,0.03759076343106926,0.13443225221826083,0.19095636101864955,0.01366960840766751
24,0.09581375574464346,0.05478495564022978,-0.32447290195976564,-0.004647159426895087
25,0.0616745018728011,0.14157500105147847,0.05678470839620786,-0.03377858328201455
26,0.036273851206544805,0.12326660508747977,-0.4546236413644209,-0.048204633893021764
27,0.09278002279546627,0.31133830002241325,-0.15135062743252092,-0.05800804790294478
28,0.09155698217443842,-0.03342591421096586,-0.4593967292075689,-0.06766601664156724
29,0.1687081982152563,0.1821965727983752,-0.30774365988793306,-0.0681537872189324
30,0.16772504185081516,0.06865582874411302,-0.11515647057744616,-0.04406474340430577
31,0.21563583797075125,0.2268057618017565,-0.2272112643518227,-0.006011709552069533
32,0.16800254998577202,0.09992727413137459,-0.09564549669343592,-0.015307841111734888
33,0.14688752642774716,-0.34719911684231874,0.864303395960917,-0.015570616394370518
34,-0.07206824743985862,-1.0679509116535257,2.462128620316946,0.028041255907680807
35,-0.009525194980881224,-0.4591939573096795,0.9103792033182998,-0.000965818915062755
36,-0.08777508323044003,-0.5147208233982212,0.5248711739805572,-0.025620537810652877
37,-0.09198167585185502,-0.2069650792132336,-0.2057707992297253,-0.04778142420383347
38,-0.047559652463576185,-0.3089747303267245,-0.2121265120731266,-0.060760172881714425
39,0.14801436846983052,0.0362074574166229,-0.701872244966907,-0.06151319813159262
40,0.14942168620223129,-0.1273249180207472,0.09884747295953389,-0.056447363108532045
41,0.055408708771096826,-0.13362028325425968,0.12590446488371754,-0.010755680178874627
42,0.21520021781634568,0.10738235554023845,-0.40247595567733185,0.02805144449916952
43,0.16009059870810916,0.2707399081502331,-0.14182629737108243,0.06883518894267127
44,0.14871347734379015,0.13040974657869242,-0.5035752551382444,0.09704861901326467
45,0.29966824374042744,0.23207369918688414,-0.29098164021286266,0.07066018877389979
46,0.17633746175340548,0.15161830206002946,-0.138700231387773,0.022228237126057593
47,0.1897957442388929,0.10607507122912807,-0.15243287432664943,-0.008901850958920932
48,0.21436124846241,0.2199376098211019,-0.3627186418135864,-0.03116858678248491
49,0.2179893167133855,0.16024188057735955,-0.41661562280077646,-0.04183648500986692
50,0.25869118173579864,0.3219838516807272,-0.39366345636410927,-0.053922026722148075
51,0.26371413467967386,0.21091935750206403,-0.32453747738424,-0.07195181346014579
52,0.2523735787747228,0.06462891564649453,0.08639095238096672,-0.06984396349446342
53,0.05067642741266809,-0.33738437430176305,1.193782802696063,-0.03973439306872706
54,0.14425991898161783,-0.20065777609838165,0.4264523893065615,0.02769727240075781
55,0.050445879452297504,-0.11694303164560438,0.16485237325177593,-0.002072665794173645
56,0.04332113447816255,-0.2411810434630297,0.12065575713538124,0.05403474543317088
57,0.019515539873054877,-0.3732202304539385,0.38457108901552317,0.019859159391103276
58,0.1402523736863941,-0.3462212424175277,-0.48782680759447317,0.036681840005996946
59,0.25556075628486496,0.16876488296972525,-0.1399634367566449,0.0073468950100163966
60,0.1843263541912279,-0.12491216625147672,-0.08742588437571897,-0.013129015400863864
61,0.3175135444728312,0.1962579819756627,-0.5766041544720935,-0.04892262369020273
62,0.14990843647461816,-0.4036780038894676,0.5940305771965768,-0.06444973805406562
63,0.0695046607732479,-0.2735801441943124,0.4248871249954078,-0.062496425220672336
64,0.2010214531808856,-0.1814899441669411,-0.07825547544528888,-0.04041246405535048
65,0.17592629948501326,-0.11592915208370869,0.15418139842303447,0.032291949809405196
66,0.13361355363093708,-0.09565545801680742,0.09282514293303734,0.09888511066566252
67,0.18111585586689216,-0.25610631539908013,0.10310607481520151,0.14176608208947528
68,0.2953435594536131,0.12775204746404256,-0.15344381974402665,0.14978780694150373
69,0.4549900066314194,0.36046253182522037,-0.5219396997386667,0.08635758516197711
70,0.41263217940661434,0.2836446349112407,-0.2294830222361668,0.03355782230539717
71,0.17017527272736288,-0.04921061674053817,0.1282567682063842,-0.0033564041302724945
72,0.11473333447310097,-0.3322124306615706,-0.28473539577781537,-0.03980430990247896
73,0.25077267837957606,-0.010647323274412201,-0.3155076052185706,-0.05329487932925758
74,0.2649407959250425,-0.12426558160396439,-0.10525702990446462,-0.03928397004170847
75,0.3030257556663969,-0.12927534405787355,-0.06593694967291697,0.016273506001141413
76,0.28811408753875867,0.041306489228389864,-0.0718129132402936,0.03991950611248285
77,0.18883259951070386,-0.018030783627324354,-0.25846648943689843,0.10033858474116641
78,0.2195636965540757,-0.0665634044402168,0.18978760514359294,0.0765757722459739
79,0.27865365653917706,-0.14237955995142215,0.20567948550657889,0.0705274527668962
80,0.21928297678056197,-0.0662923026462181,0.014742268871685837,0.04844561601044006
81,0.2297535047921997,-0.05188286087678762,-0.09936952930944187,0.02163356028245289
82,0.20437037428962412,-0.1971890348306431,0.34403020911800297,-0.011917472189338696
83,0.18172548160663382,-0.26983302391835196,0.08912229158589469,-0.027484929865863705
84,0.2879166213710391,-0.23267871934027085,-0.29727289904495535,-0.015514883615480812
85,0.41733539412467735,-0.0733340379570393,-0.21331243119114163,0.03693286863915546
86,0.4863749012293397,0.3556826192814526,-0.13141211536704134,0.13450951824495405
87,0.3806656237312609,0.10918849681698362,0.06981641007067196,0.15221881755297773
88,0.4036919655017641,0.11771409056868265,-0.5402271400946574,0.13544376608564335
89,0.4648207438700638,0.21490853129844822,-0.3285280842691094,0.12668633031819354
90,0.3698331666957415,0.07925842124183191,-0.19228307918048415,0.09660583889058216
91,0.3616297244070097,-0.028370378047043232,0.2834136637865612,0.0651850022041458
92,0.2250702954767121,-0.18609874171718843,0.33351486918815,0.030811214096161166
93,0.1649926406390705,-0.28859217969178985,-0.14695413820648184,-0.00663159936283364
94,0.26539266205315926,-0.13151387368904466,-0.23601797134901403,-0.00029045492107115933
95,0.3942857435079077,-0.12741818702139085,-0.18050784120777053,0.05912531552985456
96,0.5381623492090739,0.2695071608011972,-0.4405849541950744,0.10091886438658548
97,0.4979858779111055,0.3989764857718967,-0.2548763251496666,0.17133415042627576
98,0.5171468221479358,0.2932868413568599,-0.10128392041377765,0.229105121720238
99,0.47965233482352687,0.24353571184965972,-0.30567254331252514,0.17718353418229071
100,0.4288234219721403,0.04341329508520175,0.19831478123435886,0.13443865290963686
101,0.4953023144386748,0.18060442121645792,-0.732433846408739,0.04313322602098424
102,0.6360046760559612,0.5813847604459852,-0.16574181459239412,0.03937947630123517
103,0.479756859378881,-0.03506089083163033,0.1538728146019821,0.011807061501031058
104,0.3670907106543382,-0.211934215022751,-0.11241513523947333,0.01119564196369538
105,0.3699005868765539,-0.1608905752604528,-0.14434916321042124,0.054165763218520624
106,0.5275481363923973,0.1755716465405044,-0.4076864345946376,0.1685247290434404
107,0.49144792559877715,-0.07521256888935568,0.5353381370985772,0.2779970807567338
108,0.44599473250139,0.03446809848963994,-0.10568946188870143,0.3010566886891297
109,0.3695410123792726,-0.04112738023658835,0.34565352183641096,0.2404408018390427
110,0.3867054689561087,-0.11030231200666663,0.0932320070777024,0.1968737311904647
111,0.36237890614216894,-0.39460420899141013,0.208742754503362,0.11519700834003288
112,0.45284417770506025,-0.14524384912999722,0.22339554929398275,0.04395094877685324
113,0.37544061622145364,-0.6444105653269787,1.9915833333298423,0.02028736470174408
114,0.02900704759878181,-0.9106704184843863,1.7735824868039032,0.012178029428582704
115,0.053971281918506975,-1.0496163749804737,1.0996673615331929,0.014827064814426194
116,0.09718465104759844,-0.8640795700927697,0.8145724597621893,0.057475893052981064
117,0.12886263404317333,-0.4947921723885429,0.5610646738022211,0.12251316948174917
118,0.23174272570668109,-0.45201327363878363,0.5464366016385043,0.15448584810593502
119,0.18407264403538193,-0.8265663507235672,0.7123444575354938,0.15861023025360055
120,0.24141623003129098,-0.6168669127278292,0.5597729828983944,0.16155659279553447
121,0.25873206195808507,-0.8804485776495881,0.839863558169867,0.1193243286451775
122,0.31329080594758807,-0.6826173678769862,0.742036303252263,0.10879423046031889
123,0.24806806259476843,-0.7772935899961055,0.5827285844611083,0.05533831386895827
124,0.29997202863279426,-0.8069947809617872,0.4978855846313053,0.02666945777548335
125,0.4577541516236465,-0.7670445012157359,0.6463984315705318,0.027021647265826232
126,0.44504475995699977,-0.7304783155460655,0.5703412194534536,0.019265487865084197
127,0.4354185634474561,-0.6101396433485604,0.4401527945692152,0.06353105652493696
128,0.5925723850012332,-0.3944720098259893,0.43045552801017095,0.16934956492383435
129,0.5573045656590807,-0.3763310915009299,0.35574400867319866,0.21745810192464887
130,0.5116335717514744,-0.657527171563487,0.42259584479954526,0.22248192156928326
131,0.4269564372071386,-0.6708918859216908,0.873175709787489,0.22798342863995913
132,0.3218724510676907,-1.2256297849876319,1.0174060564772702,0.14653951461332326
133,0.4589362365811098,-1.1512981265227893,0.9531347561303534,0.1450552031064376
134,0.6346238305690122,-0.6089531762697789,0.375297317453132,0.05086962183440846
135,0.7528388363475642,-0.6208186721904099,0.1214889113298625,0.011670201217214071
136,0.7500433742594623,-0.5517188037277947,0.1175657377323347,0.01543801873827988
137,0.6325266855415634,-0.9181758707450456,0.4898969764949186,0.03082073007345798
138,0.6911216390660115,-0.7603408442501234,-0.10838522232245396,0.1165856070801965
139,0.8435956909107745,-0.27873238639256215,-0.31826902485313724,0.22466702295423602
140,0.8391307523142473,-0.3125278825608291,0.08116849746731702,0.22856963471843983
141,0.6352320736265256,-1.1883571080793445,1.3317412587539224,0.2165985323021573
142,0.6579512955016753,-1.7736032609758468,2.389331179473089,0.16729964175164014
143,0.8187100510161827,-1.367899833267785,1.118792121281686,0.09078766870243271
144,0.8577532877519047,-0.6846654688511364,0.3513399458981894,0.027594801456586993
145,0.7948781979996511,-0.8746828711009869,0.20015262855186222,0.016437767260867986
146,0.7567622152024001,-0.7025913192746884,-0.5910123778122909,-0.00927193573875229
147,0.9394394756847646,-0.6408913151310571,-0.6681680145410382,0.019760888834184698
148,0.9857454731695725,-0.5679392321139858,-0.32743773327635495,0.10083464572778666
149,1.088446215788565,-0.5316251217873287,-0.5056532676417476,0.1779579371152522
150,1.1597125570057756,-0.31410057313021866,-0.4642657005391442,0.21535216423188785
151,1.3957189655282605,0.05611467178252383,-1.1524989674435204,0.2063808661856683
152,1.452697408483857,0.3406097387281761,-1.0517704968212485,0.21771302090940026
153,1.3170387049464694,-0.08702150893262228,-0.9026884728222768,0.10998136414605142
154,1.428045482369896,-0.0815307132346561,-1.0206013738412025,0.0502375027926405
155,1.5136696401704626,-0.025331096683402166,-1.0731252822413637,0.003348432906477683
156,1.717134246101125,0.37350816769077255,-1.1151246039041212,-0.011144690203764185
157,1.6273554909992072,0.23938379984690528,-0.6560992325537143,-0.03686936116434936
158,1.461028820403385,-0.1704260559946249,-0.7583115234530311,-0.040252768356651814
159,1.359549048281906,-0.24043057282085556,-0.8465100056796189,-0.04267959500418783
160,1.492094953257208,0.0331291812767347,-1.3871926615250771,-0.0008051987908856972
161,1.6987648319043842,0.1774910737990183,-1.3023148588960964,0.053269417009630615
162,1.7993332333857666,0.45128891253625625,-1.4291178635587016,0.09883268398789369
163,1.711510180419566,0.3640542809132512,-1.2903145683108335,0.10639514145657358
164,1.7768239703801783,0.23359468557777063,-1.3408322406710909,0.12574150121980665
