,tas,rlut,rsut,rsdt
0,-0.0894541843758816,-0.1602528765979514,0.1422138729127198,0.035421212968230975
1,-0.03576388670177266,-0.02069082884850104,-0.4652919537881246,0.018744352214298488
2,0.08578284525640356,0.18087700316883115,-0.15570862564253218,0.016449807073399825
3,-0.080366733839071,0.026673964209663836,0.5285149845310713,0.001554084936003619
4,-0.13631880842001465,-0.27473575616338053,-0.07719514763549284,-0.026186377361568702
5,0.11615091822886825,0.08811687138862112,-0.37054166183166615,-0.04244851532183702
6,0.041599250255160314,0.09780572056089909,0.04251205387768664,-0.04865743779737386
7,0.01933132879128152,0.21923560761828753,-0.3555369157277539,-0.03830806736954173
8,0.1568709560312982,0.19535036009162354,-0.4644486093533544,-0.009047931413135757
9,0.1375986155528608,0.4240744103072416,-0.3498837985144121,0.01861150982892923
10,0.08647244171390867,0.07376734410601671,-0.22950035961183346,0.04247702421037047
11,0.10035215451807744,0.003401307625068739,0.24728330388045094,0.038368879835900316
12,0.04502503885981923,0.06294815978299084,0.5564746280837483,0.017228408852133725
13,0.05828685695939839,0.06624560925564538,-0.18027938215033146,0.0029227540173906164
14,0.15343058661426312,0.13911899342653555,0.19420957559636065,-0.013896809352786477
15,0.06312964102340857,0.03726865181167227,-0.22347192866509147,-0.021547645396196913
16,0.13532768470236078,0.26715254824782164,-0.6418247080025452,-0.027487709691342843
17,0.24358262456155444,0.3519632747994308,-0.41998538520438444,-0.034578684565815365
18,0.09248359788136895,0.1149442061491186,0.1285285620783867,-0.02126659719544932
19,-0.040122229446865276,-0.17519218295223027,0.07147451500637203,0.013950398127917651
20,0.08178769974097122,0.0537635768118605,-0.5082783112586782,0.013221983294556594
21,0.19845444079436447,0.3521948313756411,-0.38889839385095115,0.03778086453337437
22,0.11856400612759899,0.030439160605766347,-0.21332645162604535,0.02512024248517264
23,0.09977530401681634,-0.0149331534075543,-0.15379070120106064,0.013669608407440137
24,0.075986074524792,0.25631062975048735,-0.22031248092682176,-0.00464715942712246
25,0.09489796428539421,0.1365500914513973,-0.4073979973599222,-0.033778583282241925
26,0.24518077700895446,0.32649022070191336,-0.2950668712538942,-0.04820463389324914
27,0.08142717170841252,0.19608720110034028,-0.16850918095111922,-0.058008047903172155
28,0.04864724028237788,-0.036782919759673405,-0.1774493280572642,-0.06766601664179461
29,-0.054051712989348744,-0.1897849936002558,-0.003545296953731736,-0.06815378721915977
30,-0.05373042572364284,-0.10455524686528861,0.154780819993249,-0.04406474340453315
31,-0.08293777975518424,-0.06687588459155336,0.04405410747486371,-0.006011709552296907
32,0.016222358486800204,0.006338755310480337,-0.19050468281986355,-0.015307841111962261
33,0.04560643699113598,-0.4761973917979674,1.2220250782864355,-0.015570616394597891
34,-0.31799353838772504,-1.3609237270849235,3.172170797269331,0.028041255907453433
35,-0.23440902834482813,-0.7340121490420586,0.7661448003374147,-0.0009658189152901286
36,-0.24329002165234215,-0.5467134396404276,0.37057134525862523,-0.02562053781088025
37,-0.1695655193999528,-0.42942711910899334,0.2272255993758705,-0.04778142420406084
38,0.030376967734468963,0.02513818318544736,-0.2806140039263454,-0.0607601728819418
39,0.17876251461950687,0.0632742308499985,-0.14225420855680682,-0.06151319813181999
40,0.1844077041656078,0.018565260831081787,-0.22334790182999598,-0.05644736310875942
41,0.20973465220333765,-0.1281172262314101,0.08611002870070195,-0.010755680179102
42,-0.06912822073405778,-0.20125531958836973,0.5332779078672303,0.028051444498942146
43,-0.05875299074932627,-0.20249997198757796,-0.3942684502354439,0.06883518894244389
44,0.18101494343875402,0.11449984795993373,-0.7496112310667087,0.0970486190130373
45,0.2628863918847628,0.13339402541012646,-0.2410354968028514,0.07066018877367242
46,0.19564152317883554,0.13097143036910097,-0.2956006123454955,0.02222823712583022
47,0.2702780371555491,0.10635050008673375,-0.47500719417193693,-0.008901850959148305
48,0.25832624325749975,0.21193388438572924,-0.426359472206272,-0.031168586782712282
49,0.2614895882390442,0.12724698512144528,-0.7438902576879514,-0.04183648501009429
50,0.29565774972758163,0.1722541952377128,-0.27906255767830146,-0.05392202672237545
51,0.21671378389686424,0.1763829869374547,0.04396787461767815,-0.07195181346037316
52,0.15986653159177422,-0.22255149328054813,0.22678533048241434,-0.0698439634946908
53,0.19806606411447092,-0.45703725906869863,0.8954899057850128,-0.03973439306895443
54,-0.03991054407703132,-0.20468825495780152,0.663529651337754,0.027697272400530437
55,0.02466213981369947,-0.3884027027752097,-0.027419619347199387,-0.0020726657944010185
56,0.11599235800946417,0.05273892114684031,-0.34802180559023554,0.05403474543294351
57,0.14027307899817743,-0.27334406462625793,0.26312784370341546,0.019859159390875902
58,0.15778212065606567,-0.0015004896398238543,-0.026548308633877582,0.03668184000576957
59,0.13147882774433128,-0.08786273218936458,-0.12489355145669379,0.007346895009789023
60,0.04526512970483054,-0.07462984229459835,0.2613570880108398,-0.013129015401091237
61,-0.05549916791801479,-0.5250517934919117,0.20835436077788927,-0.0489226236904301
62,-0.0011659761615305797,-0.4971444258390534,0.6725903655995182,-0.064449738054293
63,0.012810950484833938,-0.5599256067681324,0.6635801923884515,-0.06249642522089971
64,0.026558560677244714,-0.4038223260749305,0.126418431852926,-0.04041246405557786
65,0.2182574504950594,-0.016112841963632718,-0.12354976682244967,0.03229194980917782
66,0.17929072806759905,-0.08941411982002023,0.19328856245230952,0.09888511066543515
67,0.24970359031311773,-0.03443131321884607,-0.19307864014886889,0.1417660820892479
68,0.23281925807026482,-0.050425775036359255,0.08689424006979607,0.14978780694127636
69,0.3413328242345983,-0.016644573500116167,-0.35167508686964766,0.08635758516174974
70,0.34721384554080714,0.08125035027026684,-0.44799944169439243,0.03355782230516979
71,0.516264513643307,0.20956567813149718,-0.5643383705283185,-0.003356404130499868
72,0.45731787655944345,0.2940817203031827,0.04892693359792588,-0.039804309902706336
73,0.2289062957181045,-0.12455738518903559,0.34023691566000025,-0.05329487932948496
74,0.1141888993770408,-0.4485743809349856,0.07469089533960016,-0.039283970041935845
75,0.307939276832883,-0.09212230777040986,-0.20683668372375053,0.01627350600091404
76,0.23900514903436942,-0.15854821930875573,0.2975264409022742,0.039919506112255476
77,0.07214987553612673,-0.22620942992858772,0.441950002230854,0.10033858474093904
78,0.2794729182649007,-0.1784825504867058,-0.31225922822908103,0.07657577224574652
79,0.34023462630574386,-0.09619755984653011,0.12119695280891563,0.07052745276666883
80,0.3226234270042596,0.0018682934005198604,-0.3042471091736303,0.04844561601021269
81,0.37796071111705487,0.0899520411927881,-0.10178823338084442,0.021633560282225517
82,0.2239562378639448,-0.15619314756571612,0.331772745415293,-0.01191747218956607
83,0.34516162510175263,0.010983171625156274,-0.40267915320652037,-0.02748492986609108
84,0.2339929514492951,-0.18633074426412577,0.23220125847051065,-0.015514883615708186
85,0.1259793898353223,-0.23512457474976145,0.04298201668429158,0.036932868638928085
86,0.1766197978400328,-0.4231056208359121,0.04839684359707519,0.13450951824472668
87,0.37130495750977843,0.12587976366148723,-0.19887410739424638,0.15221881755275035
88,0.3155398669678675,0.002129152811107815,-0.06670986997052353,0.13544376608541597
89,0.41289582133612157,0.07030402342979869,-0.19105624187827175,0.12668633031796617
90,0.3337255884384831,-0.16237188757474996,0.016139211520666663,0.09660583889035479
91,0.6051034471833532,0.184650570573325,-0.5996574617852133,0.06518500220391843
92,0.49018147144079194,0.14144307961868208,0.032724765699285285,0.030811214095933792
93,0.47933926607288413,-0.04822386008100921,-0.1307641649510316,-0.006631599363061014
94,0.44045153503708434,-0.09521111993174713,0.02261801258532614,-0.000290454921298533
95,0.3286394962349277,-0.22930094394754974,0.04212421163309443,0.05912531552962719
96,0.2992735242092408,-0.1443002807696132,-0.27751591971475875,0.10091886438635811
97,0.4132079121035872,0.03760875616427484,-0.0325052091402398,0.17133415042604838
98,0.41340104154454593,0.0781108974357494,0.21233372719443366,0.22910512172001063
99,0.26988157621195796,-0.3593805167720632,0.3868183585148728,0.17718353418206334
100,0.4009101416381782,0.08388029274905762,-0.5246701319520781,0.13443865290940948
101,0.4620727132063962,-0.08254722732704067,-0.3842404094596503,0.043133226020756865
102,0.5191841202864111,0.14692770876450822,-0.29732854294860545,0.0393794763010078
103,0.48264615649191,-0.027860602649894872,0.13947516708294927,0.011807061500803684
104,0.531282528206475,0.1418623473275602,-0.4958956441423936,0.011195641963468006
105,0.558796674038831,0.08903642727258898,-0.11034445412649063,0.05416576321829325
106,0.5018408666641676,0.11097587363792627,-0.11370247839488457,0.16852472904321303
107,0.6553301255905808,0.2843843239589603,-0.04003668704737606,0.2779970807565064
108,0.38218944439307734,-0.157043604271621,0.4999226007599731,0.30105668868890234
109,0.3741857442402079,-0.1391337794900096,-0.014264195860690165,0.24044080183881533
110,0.4648348403438831,-0.0563916383685239,0.2809410378686863,0.19687373119023732
111,0.39120415094987493,-0.1381570890914645,0.3986015895001458,0.1151970083398055
112,0.4324217012227791,-0.325713013756598,0.01626976247676737,0.043950948776625864
113,0.39002519868427044,-0.5594272713353519,1.7527280329841375,0.020287364701516708
114,0.22552761432791613,-0.8551889985375283,1.300481050295545,0.01217802942835533
115,0.16830069742502474,-0.9247291097166226,1.3360929227830098,0.01482706481419882
116,0.12194179403030603,-0.7697639127721345,0.40487122611885695,0.05747589305275369
117,0.21204482994471618,-0.6333691730616238,0.8665235355632745,0.1225131694815218
118,0.3438402149970443,-0.6309295019510444,0.7236768002864693,0.15448584810570765
119,0.41541872126549606,-0.5652224536495112,0.3108383544958002,0.15861023025337317
120,0.2859230925737961,-0.675034754153927,0.9580578947695813,0.1615565927953071
121,0.2904236346705602,-0.7739622025784172,0.7319883883341305,0.11932432864495013
122,0.39321293153085435,-0.44610563440801343,0.6375103010369259,0.10879423046009151
123,0.34034780368983775,-0.774062247183025,0.6652746008560939,0.05533831386873089
124,0.38938703669896313,-0.7780273493413574,0.6790784363739562,0.026669457775255978
125,0.30362921277912847,-0.7773950030517653,1.2344714442435816,0.027021647265598858
126,0.3378442978284397,-1.0094200714208341,0.3828750518194397,0.019265487864856823
127,0.45156080540311905,-0.4546581330307333,0.4073511623645345,0.06353105652470958
128,0.3333271983610757,-0.9557680317123811,0.9339303593294659,0.16934956492360698
129,0.49693425222875476,-0.7623836749879729,0.0037301253521064837,0.2174581019244215
130,0.7471620702549444,-0.3855709161371692,0.19416363729278885,0.22248192156905588
131,0.5770446708198165,-0.650395511764799,0.4260722984925991,0.22798342863973176
132,0.5246393524199675,-0.7909957265790126,0.6140015303403317,0.1465395146130959
133,0.638924468806124,-0.7809976942494075,1.089230564205181,0.14505520310621023
134,0.691027823168838,-0.5565576685868621,0.28552211744349165,0.05086962183418109
135,0.5572575226916001,-0.9027179998678037,0.18283220650550902,0.011670201216986698
136,0.6096973824127758,-0.7996164350279571,0.34973141628671556,0.015438018738052506
137,0.6878039964703362,-0.6290411976505368,0.056974506724685625,0.030820730073230607
138,0.7290904806628191,-0.6494760829878317,0.09107949860455733,0.11658560707996912
139,0.6818904167783444,-0.6261978546316413,0.15799930665360762,0.22466702295400864
140,0.7591274101285421,-0.5101016766130613,0.0396520082082219,0.22856963471821246
141,0.8911208565278912,-0.7554315437372168,0.9187400245841104,0.21659853230192994
142,0.6445635430754919,-1.7808416257374517,3.019703998330712,0.16729964175141276
143,0.529776854171871,-1.5549031277437564,1.4098588196399504,0.09078766870220534
144,0.7579763927736849,-0.8586485155684045,-0.12502552529241484,0.02759480145635962
145,1.0059624246147223,-0.3245526432046404,-0.07123794481459811,0.016437767260640612
146,1.03941574738991,-0.4538753342085329,-0.7500610983079383,-0.009271935738979664
147,1.0771819990313816,-0.37127679174335526,-0.11791698359891711,0.019760888833957324
148,0.9258097411110953,-0.6706188735333569,-0.3731447039770899,0.10083464572755929
149,1.141421992316964,-0.40526795223865975,-0.8258583880734989,0.17795793711502483
150,1.4830192974446277,0.03829413895039124,-1.2797716072961265,0.21535216423166048
151,1.3970865821714824,0.14554168832319192,-0.33040063738800995,0.20638086618544094
152,1.2252295019095527,-0.3731924470604895,-0.6114569069775229,0.21771302090917288
153,1.3512267887281837,-0.07682880914563839,-1.0398677787125905,0.10998136414582405
154,1.503927309744995,-0.1603389790651022,-1.0912779869459115,0.050237502792413125
155,1.4994594819145277,0.21357918749330906,-0.37203442136591036,0.0033484329062503093
156,1.41549769435494,-0.05120768979051604,-1.0941889501730913,-0.011144690203991559
157,1.6356754570330736,0.2712273490415953,-1.0644688317018307,-0.03686936116457673
158,1.5761668889941802,0.01731505259925825,-0.9405107957854142,-0.04025276835687919
159,1.4612894320009104,-0.12519054525890283,-0.8692902900906176,-0.042679595004415205
160,1.512126765400751,0.009388794837747128,-1.263010880811791,-0.0008051987911130709
161,1.6333113921549511,0.23728141230822075,-1.1798909398907824,0.05326941700940324
162,1.69883178809647,0.24134672593288542,-1.4577288488177516,0.09883268398766631
163,1.9053696049240898,0.34827592941422836,-1.4565100548097263,0.10639514145634621
164,1.7979803780528982,0.24736856343619706,-1.4688438564324429,0.12574150121957928
