,tas,rlut,rsut,rsdt
0,0.09101911899387005,0.07012148032535492,-0.5155513363607156,0.03542121296845835
1,0.04478376625149849,0.10703042951965358,0.0919650324626815,0.01874435221452586
2,-0.07974128403191116,-0.07394101674472608,0.12049659555951564,0.0164498070736272
3,-0.048178716989582426,-0.12021972809887416,0.021130968355421942,0.0015540849362309928
4,-0.006516653998176025,0.04045269609503066,-0.055419064548672736,-0.02618637736134133
5,0.042792729737470836,0.06892798534389044,-0.20771641989514933,-0.04244851532160965
6,0.17843876366123368,0.0742767175649135,-0.427572306841455,-0.048657437797146486
7,0.15532324265905117,0.17377832982745645,-0.36728711845093187,-0.03830806736931436
8,0.1318691840400561,0.16259970334110108,-0.20565911634297152,-0.009047931412908383
9,0.1318645061092525,0.28186738362282426,-0.49833131442846934,0.018611509829156603
10,0.08983144776021845,0.1334781837515493,-0.31374954965804136,0.04247702421059785
11,-0.06978444857810473,-0.16377374064336436,0.6461400464869911,0.03836887983612769
12,-0.08124084483813476,-0.15602343316368206,0.48949903219137525,0.0172284088523611
13,-0.11866017620093317,-0.2847238456072603,0.3608874033798486,0.00292275401761799
14,-0.2327908383731483,-0.2161348568314736,0.45174364114683385,-0.013896809352559103
15,-0.3860110811022537,-0.7077368714282386,0.7836741865516501,-0.02154764539596954
16,-0.29716312052983085,-0.49129033224303953,-0.07717574838916619,-0.02748770969111547
17,-0.015412724405905465,-0.03395523946653611,-0.6088883988904854,-0.03457868456558799
18,0.10072711515641686,0.08246035303278632,-0.3745274098872784,-0.021266597195221948
19,-0.007868938903357048,0.08802331737726377,0.0753278196627889,0.013950398128145025
20,-0.2067637784754197,-0.419055284784406,0.21710200011379754,0.013221983294783968
21,-0.051540275214790654,-0.23031030473080705,-0.4526505478005447,0.03778086453360174
22,0.08600968901208716,0.14689645568557808,-0.36562340591517284,0.025120242485400013
23,-0.04316488229864035,0.0022301026405386892,0.6183808402000182,0.01366960840766751
24,-0.11318636083206002,-0.1628374208023331,-0.17694191668203985,-0.004647159426895087
25,0.04662644298429086,0.09054662055638119,-0.6003384168267445,-0.03377858328201455
26,0.10429355491197612,0.14599753268473137,-0.38010607925073714,-0.048204633893021764
27,0.06257926983755624,0.19312595440635505,-0.005125779010413112,-0.05800804790294478
28,-0.008488581208439427,0.021547433284382578,-0.44380483982796193,-0.06766601664156724
29,0.12781299849569905,0.11696631347621178,-0.5900269887254979,-0.0681537872189324
30,0.19315739561136525,0.2596462349149533,-0.16593383667668604,-0.04406474340430577
31,0.06384495654617695,0.08049998790363588,0.2964884297316246,-0.006011709552069533
32,0.14784605681973062,0.19937670366863358,-0.08302899945930164,-0.015307841111734888
33,-0.007368441239236745,-0.49647150749359525,1.274671165606918,-0.015570616394370518
34,-0.21470564823698624,-1.4193942892002838,3.132609257687278,0.028041255907680807
35,-0.12980736807475068,-0.6400325175951593,0.6598919709208246,-0.000965818915062755
36,-0.14092105947884193,-0.31129268799514875,0.7766250465188591,-0.025620537810652877
37,-0.17896110726240977,-0.5773416531642113,0.21636601261619148,-0.04778142420383347
38,-0.011871303621489915,-0.40584165196528943,-0.03190867233212202,-0.060760172881714425
39,0.017545071846825522,-0.2665204247529118,0.31585444010949004,-0.06151319813159262
40,-0.12649615230151312,-0.5673918517306049,0.2768048971771293,-0.056447363108532045
41,-0.12494684831347058,-0.5545566429887003,0.669349885364241,-0.010755680178874627
42,0.0060236136811795404,-0.3787409603509957,-0.00015907717931895604,0.02805144449916952
43,0.017221958383743186,-0.07214806011305086,0.26331144950069074,0.06883518894267127
44,-0.0657599305407075,-0.21348362902145368,0.144124081484847,0.09704861901326467
45,0.13924886713323303,0.02148208778189087,-0.7175359154771428,0.07066018877389979
46,0.07252895937568837,0.0017960074721941055,0.0685951398912863,0.022228237126057593
47,0.035885311672075204,-0.21948041838851395,-0.0057607985556558106,-0.008901850958920932
48,0.020812473273451815,-0.06151351420226092,-0.23665551062657642,-0.03116858678248491
49,0.06464466312843342,-0.1744223549222852,-0.21898384613656674,-0.04183648500986692
50,-0.03427544800530313,-0.18820527930367348,0.2494556096072671,-0.053922026722148075
51,0.0011869027915736297,-0.10786048993600161,-0.038180294759001754,-0.07195181346014579
52,0.008542936676462887,-0.5653298864192493,0.4348122557035623,-0.06984396349446342
53,-0.09168677946183834,-0.6424347002209458,1.2504755374369694,-0.03973439306872706
54,-0.0373479829572716,-0.4597731565805816,0.6008687698381863,0.02769727240075781
55,0.09227255930716183,-0.15513123918731253,0.08938330004554018,-0.002072665794173645
56,0.08632948943568408,-0.09248760766169539,0.3769064734232046,0.05403474543317088
57,0.15792975559475053,-0.29362300914090156,-0.13223987020219852,0.019859159391103276
58,0.2110302847765979,0.104225536092315,0.07044015767742451,0.036681840005996946
59,0.032384386102194185,-0.24992597648358128,0.5166122095606767,0.0073468950100163966
60,-0.014001625760840852,-0.30640211155522934,-0.35169778064093293,-0.013129015400863864
61,0.14232488770807095,-0.12777552928685054,-0.26130873207327454,-0.04892262369020273
62,0.20633854878707325,-0.2814225649271407,0.47588187360017287,-0.06444973805406562
63,0.0689145295208391,-0.42385654375712534,0.9328440710599466,-0.062496425220672336
64,-0.0031285878402513845,-0.49727923292854825,0.14169714658567045,-0.04041246405535048
65,0.11073315756988222,-0.22969332260305464,-0.1911031064578168,0.032291949809405196
66,0.15711733565655095,-0.18769965455604165,-0.017196767130315038,0.09888511066566252
67,0.34303818518333173,0.16557223336528182,-0.46105239743010884,0.14176608208947528
68,0.223698056157275,-0.06213909437488496,0.08343065980520237,0.14978780694150373
69,0.16069935544680902,-0.15460206719853886,0.01775763209545289,0.08635758516197711
70,0.23670742123709942,0.10924497171913572,0.009752474761725693,0.03355782230539717
71,0.2762588777704309,-0.10227360630582893,-0.4884227953370299,-0.0033564041302724945
72,0.3804138583078611,0.22640925463298345,-0.1537922119511137,-0.03980430990247896
73,0.43279618400896425,0.07779174262850574,-0.35877187994215376,-0.05329487932925758
74,0.3798953257527842,0.05058747140222408,-0.17632673036725066,-0.03928397004170847
75,0.34342686735664074,-0.2135908780473983,0.011344548414385258,0.016273506001141413
76,0.33932678318939224,-0.105739478164395,-0.25502269417728485,0.03991950611248285
77,0.4662123552947719,0.2801907941123716,0.10749993784483536,0.10033858474116641
78,0.3405334963386508,0.11311068002842717,-0.0905379442039731,0.0765757722459739
79,0.29729077085340805,-0.011935536331321828,0.04885189816074842,0.0705274527668962
80,0.3579991842574941,-0.08872170535019563,-0.3999949633045077,0.04844561601044006
81,0.5332957557336044,0.39750746063813835,-0.3689494209362181,0.02163356028245289
82,0.4676887105428591,0.26766495106951993,-0.2990363341347404,-0.011917472189338696
83,0.4648957148442605,0.08987163853456082,-0.24514656187638195,-0.027484929865863705
84,0.4544687713857911,0.06963681780834463,-0.27090571822729714,-0.015514883615480812
85,0.4331378214457686,0.15970379822081782,-0.21951335293735497,0.03693286863915546
86,0.21295489660138855,-0.08111895399420632,-0.08286831836490194,0.13450951824495405
87,0.3405758826844476,-0.10269659469798853,-0.03745550209745829,0.15221881755297773
88,0.19920433512021418,-0.09073691090739544,0.26194550332023425,0.13544376608564335
89,0.27148486819157824,-0.07005243216434565,-0.30845474878687185,0.12668633031819354
90,0.38129502942433646,-0.04914385843318314,-0.1927137353016093,0.09660583889058216
91,0.4215105921704776,0.15552594415035514,-0.17195660052301776,0.0651850022041458
92,0.48971616713015464,0.11438261156800422,-0.23368861057362267,0.030811214096161166
93,0.44466511251511065,0.019644271685592685,-0.004599730709514915,-0.00663159936283364
94,0.601153220093579,0.302271616098551,-0.1612246374666313,-0.00029045492107115933
95,0.38156778489542376,0.09327604944292034,0.3399465304286622,0.05912531552985456
96,0.3434984955372897,-0.08731034317372632,-0.297759403707488,0.10091886438658548
97,0.25729075342241003,-0.044607963474817325,0.07647897790747038,0.17133415042627576
98,0.23760487416546994,-0.08628717082939374,0.24368444204718287,0.229105121720238
99,0.23374423992646598,-0.15521105393196422,0.10326018706824414,0.17718353418229071
100,0.17278941302919293,-0.19625687313796902,0.31338465469420385,0.13443865290963686
101,0.194247619716009,-0.25800820724833784,-0.20997941978514234,0.04313322602098424
102,0.2975200119939245,-0.2910210706905332,-0.11539238460022716,0.03937947630123517
103,0.24869737965741479,-0.3183723795343667,0.014030790741557553,0.011807061501031058
104,0.3864128771689934,0.04138459681161066,-0.06398145683715484,0.01119564196369538
105,0.42782103414867834,-0.025399381893407735,-0.045923530113299194,0.054165763218520624
106,0.2979818530716898,-0.12611211788345145,0.19179267105774045,0.1685247290434404
107,0.3573449058506526,-0.07076548566533347,-0.14540265195978463,0.2779970807567338
108,0.5920880502187629,0.10154388843213269,-0.4158028579684725,0.3010566886891297
109,0.5593607587514384,0.19444031746036217,0.04209155288000943,0.2404408018390427
110,0.46362582965809906,0.025541625501119825,0.17932824200129005,0.1968737311904647
111,0.4498649204601861,-0.04691050965587351,0.11783198877058965,0.11519700834003288
112,0.29008152359250516,-0.5119479257269006,0.603899335579797,0.04395094877685324
113,0.3485936858509149,-0.9417368805344495,1.634256881150975,0.02028736470174408
114,0.33017627749256917,-0.7424735218176863,1.241009828336047,0.012178029428582704
115,0.25214511540121975,-0.698339487191646,1.0340078295104576,0.014827064814426194
116,0.36251631235131754,-0.46673606291543024,0.3201503615381114,0.057475893052981064
117,0.40355693955359584,-0.4550750233793508,0.45193849902325667,0.12251316948174917
118,0.43501810772909266,-0.24342799834022344,0.6543328525589658,0.15448584810593502
119,0.4343647303685998,-0.44399668070374787,0.2774444003047307,0.15861023025360055
120,0.23777009381547032,-0.7066921140184093,1.0257390189242557,0.16155659279553447
121,0.30757282625103244,-0.7624499038855106,0.853926634512959,0.1193243286451775
122,0.19244109589976688,-0.9401332710182828,0.9508183064469335,0.10879423046031889
123,0.32160791587318727,-0.7423787614437174,0.221268050701255,0.05533831386895827
124,0.47390243987786107,-0.6048468592842369,0.49054778394281584,0.02666945777548335
125,0.36122255279911997,-0.7833647313839833,0.49704192034268146,0.027021647265826232
126,0.4212842139125428,-0.5632317435255061,0.6563830392618115,0.019265487865084197
127,0.5580326540554665,-0.7225897800245491,-0.1830746493255333,0.06353105652493696
128,0.6468450293186265,-0.27217985100153896,0.3586675033625397,0.16934956492383435
129,0.7286991107308154,-0.3093057253793745,0.00740592616918434,0.21745810192464887
130,0.5985999615348305,-0.48071135547223776,0.5131817929047457,0.22248192156928326
131,0.3419750307858749,-0.8832557352376966,0.6078239006189676,0.22798342863995913
132,0.5104620882922859,-0.8109225819878247,0.35615994622466474,0.14653951461332326
133,0.550368261614949,-0.9608367634686203,0.7614925434867672,0.1450552031064376
134,0.6344558492899068,-0.5805927292529702,0.7169157107911417,0.05086962183440846
135,0.5722924655648853,-0.8819030924802291,0.5845342401727578,0.011670201217214071
136,0.5252499680969436,-0.9709051723114612,0.38022501835172307,0.01543801873827988
137,0.6032015423448343,-0.8700773481606632,0.15331090805020153,0.03082073007345798
138,0.7707421145555031,-0.6223423547931191,0.012679260702228135,0.1165856070801965
139,0.7089867620857717,-0.5490923756519805,0.15755278120245464,0.22466702295423602
140,0.7497185357664193,-0.6542838654760601,-0.21131141870250758,0.22856963471843983
141,0.8271516006047364,-0.9611819132723269,0.9072335396185451,0.2165985323021573
142,0.8010005793931896,-1.5318214810650943,2.311539020188121,0.16729964175164014
143,0.8198700460543478,-1.1091346019035484,0.9462446794868669,0.09078766870243271
144,0.8942217867809745,-0.7272422232684903,-0.08220898335164861,0.027594801456586993
145,0.8516665664202492,-0.6734917374096767,-0.015745135557523326,0.016437767260867986
146,0.8237153599233693,-0.7927575835570906,-0.24006874663417932,-0.00927193573875229
147,1.0340475539392173,-0.4576744583662844,-0.4541156256696439,0.019760888834184698
148,1.1209904779454973,-0.3286070764137605,-0.6064168371927678,0.10083464572778666
149,1.1682418173011797,-0.2193697739382401,-0.5474669672365877,0.1779579371152522
150,1.144024491608775,-0.198082231394892,-0.4838481547322857,0.21535216423188785
151,1.223224523457418,-0.31106932864747705,-0.690386126979007,0.2063808661856683
152,1.1904254166230999,-0.3096361036895132,-0.017533960644385616,0.21771302090940026
153,1.3070364218910981,-0.15542793584904757,-1.4384174942240406,0.10998136414605142
154,1.5416909607198477,0.21651435016985943,-0.7113683731559064,0.0502375027926405
155,1.4024860041643592,0.05260108917133266,-0.6557550179265093,0.003348432906477683
156,1.3647000739175041,0.09869972830207985,-0.660364702161516,-0.011144690203764185
157,1.3495623150867573,-0.1862440900584943,-0.9084915117156243,-0.03686936116434936
158,1.380580619219245,-0.12555125591944716,-1.0606036868967408,-0.040252768356651814
159,1.6131151949757623,0.16825001482339985,-1.2509071013544997,-0.04267959500418783
160,1.65421642476349,0.369870328074569,-1.400510031808139,-0.0008051987908856972
161,1.6728063759780412,0.10207122230406185,-1.3769678348974423,0.053269417009630615
162,1.7421075512392008,0.24090755262443508,-1.320774030872073,0.09883268398789369
163,1.7898722975266423,0.3084640319387688,-1.3425006772201726,0.10639514145657358
164,1.8790003558895023,0.43035259794271497,-1.4874092136154928,0.12574150121980665
