,tas,rlut,rsut,rsdt
0,0.09865168783846912,0.09891228791892104,-0.4750258041314481,0.03542121296845835
1,0.16816265832443378,0.37331259786066084,-0.4495761794213706,0.01874435221452586
2,0.1063751591370874,0.13894844023181463,-0.03759254233999343,0.0164498070736272
3,0.09881023278325074,0.1892637884174917,-0.9006164714216283,0.0015540849362309928
4,0.20205719549312562,0.412850402722853,-0.5343957662003191,-0.02618637736134133
5,0.28598286961135955,0.3867819423661558,-0.5210025107257081,-0.04244851532160965
6,0.09114686040135211,0.2856007432356762,0.04669585959278777,-0.048657437797146486
7,-0.10273675911253122,-0.07195461556935356,0.2558594106563987,-0.03830806736931436
8,-0.16268540956662036,-0.13325002745551728,0.10618011616480771,-0.009047931412908383
9,-0.014815894873891011,-0.08595993360214038,-0.5761364076474393,0.018611509829156603
10,0.011529584363358936,0.07356902307168411,-0.14036279303996935,0.04247702421059785
11,-0.06362359462303857,-0.003084766413564921,0.45692593586005614,0.03836887983612769
12,0.019461688844614855,-0.12344754554933957,0.24611271384530653,0.0172284088523611
13,-0.04548013328093248,-0.11564716199558234,0.11202796228275247,0.00292275401761799
14,-0.15445939228510497,-0.25054606598817486,0.3660619469579416,-0.013896809352559103
15,-0.02312610905244128,-0.10951783306910556,-0.4312932398704419,-0.02154764539596954
16,0.01838312018941224,0.08715329150652451,0.010580218572627587,-0.02748770969111547
17,0.020416834580601062,-0.07495146114146678,-0.2553635921723867,-0.03457868456558799
18,0.09648746835068778,0.19129598112306212,-0.0514399825722478,-0.021266597195221948
19,-0.00901621810044162,0.0796126291434689,-0.3913815029993657,0.013950398128145025
20,-0.03552969643084225,0.008768384794677786,-0.12696174432909402,0.013221983294783968
21,0.049578627715959556,0.14030541036402155,-0.23498380435935928,0.03778086453360174
22,0.10718150503106472,0.046350561221629505,-0.3522017322457316,0.025120242485400013
23,0.22650869767966242,0.5185846504866447,-0.23320292864012515,0.01366960840766751
24,-0.06669484043220564,-0.31652969979649015,0.3992595774255818,-0.004647159426895087
25,-0.06603816529189999,-0.3038929900770597,0.011485507000557504,-0.03377858328201455
26,0.09848186098128053,0.031575652229093976,-0.3282420291804016,-0.048204633893021764
27,0.02419496117744302,0.02148759681281831,-0.2415813707055463,-0.05800804790294478
28,-0.06791081692347234,-0.010673485676420569,0.3544203950356888,-0.06766601664156724
29,-0.04775134941831993,-0.20601158924026208,-0.5662859083706877,-0.0681537872189324
30,0.11687483979750368,0.11625005081876338,-0.6586173359298755,-0.04406474340430577
31,0.06168335327271279,0.007144221922487759,0.2442155362155347,-0.006011709552069533
32,0.11365851491200374,0.11742716181427681,-0.6783407082878341,-0.015307841111734888
33,0.21559955457473734,-0.2946403002284228,0.5504749790306533,-0.015570616394370518
34,0.04483674536305671,-0.9275247328051535,2.6539196550479147,0.028041255907680807
35,-0.09450437933668354,-0.6936603457758963,0.9140072162543902,-0.000965818915062755
36,-0.025401674365298277,-0.10466576918980763,0.0009360803922078276,-0.025620537810652877
37,0.039799168653019024,-0.2090558136661116,0.028773726976282887,-0.04778142420383347
38,0.0002529824772636857,-0.1278114160984387,0.13969704207598,-0.060760172881714425
39,0.032417680526066306,-0.08533357950392428,-0.16808465946745343,-0.06151319813159262
40,-0.0422079309671517,-0.23938448760787878,0.10883768569884467,-0.056447363108532045
41,-0.04810712233472714,-0.3475869962721845,0.06316409926564859,-0.010755680178874627
42,0.016174131550940274,-0.2019806890579332,-0.1747544324557424,0.02805144449916952
43,0.24528652047513333,0.1315340680058057,-0.7099850018217211,0.06883518894267127
44,0.3346619700940323,0.5083600034209041,-0.29926271544313465,0.09704861901326467
45,0.15948185036796758,0.2942860450238811,-0.2985009129728837,0.07066018877389979
46,0.22644962536918456,0.02371379417493813,-0.5198462716906675,0.022228237126057593
47,0.26919100768708404,0.330379688436949,-0.43958588007762955,-0.008901850958920932
48,0.2043548408792617,0.08495644093568444,-0.40228028364721524,-0.03116858678248491
49,0.1403727397952821,0.022598273092114596,-0.04478545777649856,-0.04183648500986692
50,0.12066315626555024,0.14680203467256092,-0.05129467389915021,-0.053922026722148075
51,0.03963176265477841,-0.1610162858308115,0.251408878199868,-0.07195181346014579
52,0.1849016046955967,-0.18357506470402996,-0.08826897545253587,-0.06984396349446342
53,-0.09484555413791895,-0.49726195451651733,1.5173675419619599,-0.03973439306872706
54,0.0127783203942613,-0.5497083730111854,0.5817829213103494,0.02769727240075781
55,0.045498622587047066,-0.06859538732871329,0.3128595346564822,-0.002072665794173645
56,-0.017545080680179126,-0.39621962083919016,0.4403412562206199,0.05403474543317088
57,-0.1549338395018367,-0.5811830237982463,0.5915655068652939,0.019859159391103276
58,-0.1183432263695181,-0.5602122866997377,0.0484706143112561,0.036681840005996946
59,0.13164848112711525,-0.1672167288366495,-0.45908356064261113,0.0073468950100163966
60,0.2415564876952203,0.11904133450263998,-0.09569864054559218,-0.013129015400863864
61,0.1924271095714971,-0.09416126421822923,0.16254781759647585,-0.04892262369020273
62,0.060912995989326646,-0.35883242898211165,0.7213004750888672,-0.06444973805406562
63,-0.003122557407778004,-0.41813018325788676,0.6106602628923099,-0.062496425220672336
64,0.1463009141702969,-0.2864601849989583,0.15980940636647745,-0.04041246405535048
65,0.08669082616569312,-0.11226191119084206,0.16841198680182856,0.032291949809405196
66,0.16995709559193983,-0.34727276914480854,-0.1485652261472694,0.09888511066566252
67,0.35971124740825644,0.06426901920977457,-0.4698562475572885,0.14176608208947528
68,0.42550837535560504,0.1823379202899389,0.13412952374675058,0.14978780694150373
69,0.3573299477602063,0.017347158586972,-0.06690850474890908,0.08635758516197711
70,0.3386425619523834,-0.08241173860818662,-0.1295778132298011,0.03355782230539717
71,0.2225013822480264,0.05514620094166389,0.02065139106734648,-0.0033564041302724945
72,0.2655781403184392,0.04518085915927372,0.0032258085700220818,-0.03980430990247896
73,0.31368954721801856,0.0955089043940518,-0.2919946201101453,-0.05329487932925758
74,0.1763247640544705,-0.11847325266839448,0.3143868684528286,-0.03928397004170847
75,0.2183635401797801,0.028424184897062332,-0.2117408045113649,0.016273506001141413
76,0.13948491136306984,-0.26220497536994003,-0.23209161533164036,0.03991950611248285
77,0.40477074862843665,0.08451104255033215,-0.1725154476184514,0.10033858474116641
78,0.45939139087431613,0.28289839624264346,0.028100931533572293,0.0765757722459739
79,0.45985593077426756,0.23448276948522562,0.02016607346007504,0.0705274527668962
80,0.4716291315827448,0.18111293396901829,-0.31873095781887173,0.04844561601044006
81,0.31747144388941706,0.16467590355296124,0.10477106461260632,0.02163356028245289
82,0.2155789025025001,-0.107613254029161,0.12058743632536562,-0.011917472189338696
83,0.20156082335205383,-0.13266339576654218,-0.3996873086879589,-0.027484929865863705
84,0.2555759183717896,-0.1419693973545577,0.09139784257750705,-0.015514883615480812
85,0.33896123872051476,-0.06249239491677372,-0.34898070254256197,0.03693286863915546
86,0.4914508250339509,0.2997167662579159,-0.3556262923313369,0.13450951824495405
87,0.34816547392620123,0.11775259516372216,0.1614566876138639,0.15221881755297773
88,0.36379114796091017,-0.007613692307074871,-0.30482705500885743,0.13544376608564335
89,0.4944403053521569,0.2405915956770457,-0.28554132521810516,0.12668633031819354
90,0.5438248079036612,0.40345226722391203,-0.11980529968676024,0.09660583889058216
91,0.2038255031745848,-0.15746536307645442,0.494957556322305,0.0651850022041458
92,0.151486870438589,-0.4603157325635152,0.36275971588298717,0.030811214096161166
93,0.18674113504710022,-0.28831159794225414,0.12510270662015444,-0.00663159936283364
94,0.16204977585056213,-0.4012955484553231,-0.08155047290962614,-0.00029045492107115933
95,0.29070247473515565,-0.24850989593184636,0.012851809766900146,0.05912531552985456
96,0.254972281251014,-0.17641094071581165,-0.16561107360455196,0.10091886438658548
97,0.4056945798303673,-0.11606704680539792,-0.23628553137675112,0.17133415042627576
98,0.6254743857910512,0.44476990385331305,-0.5682851379667966,0.229105121720238
99,0.5000736797745162,0.3452684698382029,0.029624280164611605,0.17718353418229071
100,0.4559529702554528,0.15251718536390513,-0.18353377004652316,0.13443865290963686
101,0.46621582263458095,0.1330024906439462,0.1505903429533788,0.04313322602098424
102,0.3327403806817415,-0.1661907530529163,0.18809934679482865,0.03937947630123517
103,0.3496331046490013,-0.06741386969139285,0.1839470271330157,0.011807061501031058
104,0.3595155988364809,-0.10225944540053433,-0.3269383487847932,0.01119564196369538
105,0.3428677000650282,-0.005546151978563785,0.3394488343357409,0.054165763218520624
106,0.14631489274609066,-0.4706416074163826,0.35314459509930884,0.1685247290434404
107,0.2801080224683119,-0.014548710938242948,0.01692892758769915,0.2779970807567338
108,0.2550727096662513,-0.23647847234710184,0.5308907244841379,0.3010566886891297
109,0.3603085150165839,-0.20856492148101324,-0.12441210049101414,0.2404408018390427
110,0.3515252847505508,-0.1787329493761547,0.43039508901105705,0.1968737311904647
111,0.41081172237585406,-0.3374226500538384,0.020430284016754285,0.11519700834003288
112,0.39919287456513075,-0.14742917948902345,0.7345757375282176,0.04395094877685324
113,0.12952729106683591,-1.18362239680701,2.150715207891267,0.02028736470174408
114,0.10813942134393528,-0.9103452865552129,1.3963622538049236,0.012178029428582704
115,0.2215579560029255,-0.9923309998076775,0.567959280410335,0.014827064814426194
116,0.30209980874207076,-0.5589150199087101,0.5024730053065127,0.057475893052981064
117,0.13904684495145148,-0.633971023532979,1.1292828681593932,0.12251316948174917
118,0.08174052419423106,-0.8896918612676643,1.0140366312333242,0.15448584810593502
119,0.14929986819930718,-0.7356981826610536,0.4248226372090329,0.15861023025360055
120,0.21848745987574603,-0.6162962553330829,0.754005436831406,0.16155659279553447
121,0.23831011268515567,-0.8610382102238248,0.8544253226690444,0.1193243286451775
122,0.18394647802159625,-0.9020813959341751,0.7701700592325551,0.10879423046031889
123,0.21098028029496163,-0.8623989808887416,0.3890250263825692,0.05533831386895827
124,0.2710232699066637,-0.7537702196216003,0.6234660305713788,0.02666945777548335
125,0.42413959827780445,-0.6859868951745227,0.756044529557272,0.027021647265826232
126,0.3019700363504967,-0.8894108365843749,0.5747593917066638,0.019265487865084197
127,0.32740329896336107,-0.957128966756585,0.4995432355408411,0.06353105652493696
128,0.5059088050379614,-0.7591380141929278,0.10680114820364395,0.16934956492383435
129,0.6744124707942092,-0.48642382270688245,0.23387433643387112,0.21745810192464887
130,0.5590744808961858,-0.31400753840071616,0.3602818580372258,0.22248192156928326
131,0.47096810419230906,-0.7065024684489742,0.4015967243359029,0.22798342863995913
132,0.4119038686661156,-0.9663153657009502,0.7102213946864566,0.14653951461332326
133,0.5414569217884377,-1.0385285878126922,1.044538755407288,0.1450552031064376
134,0.424106330347513,-1.1383784840135434,1.404953131220438,0.05086962183440846
135,0.335228010431706,-1.2328996913393837,0.5805532288353419,0.011670201217214071
136,0.623803533551154,-0.5271835926307915,-0.29735312853161133,0.01543801873827988
137,0.6477256847064154,-0.7611201940597994,0.3502173565495781,0.03082073007345798
138,0.6448204071176633,-0.7825510432189446,-0.10836403421083673,0.1165856070801965
139,0.909556454166534,-0.4635007534729141,-0.4491627221775758,0.22466702295423602
140,0.9163214301674429,-0.3439284489710417,0.016269398887928332,0.22856963471843983
141,0.891769976903845,-0.6836929836273953,0.9473559915634127,0.2165985323021573
142,0.6255023052912634,-1.9805269261883325,2.567928270881353,0.16729964175164014
143,0.6974865111193935,-1.1782214161360116,0.960314602796231,0.09078766870243271
144,0.8670855384080483,-0.8116620715226475,-0.13475249183009907,0.027594801456586993
145,1.05168130334863,-0.21494237618935585,-0.45971988850291723,0.016437767260867986
146,0.9623565935966099,-0.5364948042877131,0.08188965032137219,-0.00927193573875229
147,0.9539778813959856,-0.4259671251471957,-0.42875464870382984,0.019760888834184698
148,1.213441365667336,-0.17787497976223676,-0.734836595140024,0.10083464572778666
149,1.1582210164189632,-0.19204745892906772,-0.45565212627184337,0.1779579371152522
150,1.0600257461486535,-0.2558897216536309,-0.33850600031807687,0.21535216423188785
151,1.0915657515900534,-0.4072028547089417,-0.6603800425590407,0.2063808661856683
152,1.230527078441014,-0.25971121714039214,-0.8326438794238413,0.21771302090940026
153,1.4447280926227108,0.18988333233465937,-1.2427288159769603,0.10998136414605142
154,1.4942972795516312,0.2049875298102677,-0.7836711415075399,0.0502375027926405
155,1.3219505187220193,-0.18305437147915882,-0.7772028096307082,0.003348432906477683
156,1.4071838907740926,-0.15839432463022263,-0.950191475097796,-0.011144690203764185
157,1.4297336720025555,-0.19494477709113767,-0.8238787203574987,-0.03686936116434936
158,1.780175375603676,0.46526707498034625,-1.7543227015000582,-0.040252768356651814
159,1.7715866520082955,0.4703093521158621,-1.0521672222595129,-0.04267959500418783
160,1.7343090236901162,0.37789772022605916,-1.4460168777265494,-0.0008051987908856972
161,1.815886598628822,0.4865152910074073,-1.380346849660512,0.053269417009630615
162,1.770488634576509,0.43583214056138786,-1.0748639953128958,0.09883268398789369
163,1.777637462574944,0.5945334219159406,-1.5555985154089171,0.10639514145657358
164,1.8107925642686382,0.5120382888933932,-1.767792253984382,0.12574150121980665
