,tas,rlut,rsut,rsdt
0,0.08456047737854533,0.1112096593209344,-0.06056367457041745,0.03542121296811729
1,0.08782143351311333,0.13699711890726007,-0.17476808836030955,0.0187443522141848
2,0.0701188312676777,0.11107894472851854,-0.08317263016641618,0.016449807073286138
3,0.16035506039054326,0.2040043247818062,-0.1091223683100111,0.0015540849358899322
4,0.14666693683369658,0.2256686497102578,-0.5175034248564714,-0.02618637736168239
5,0.09374549190039261,0.2759319300301968,-0.1765508709419379,-0.04244851532195071
6,0.1293404762148498,0.10408816682900124,-0.4238689506376545,-0.048657437797487546
7,0.21305988419527466,0.2927534138414387,-0.41875628453958313,-0.03830806736965542
8,0.22149134641881574,0.2904809387819114,-0.5221206229012267,-0.009047931413249444
9,0.20293949905538966,0.36088638640364934,-0.34308179118698945,0.018611509828815542
10,0.1688537813881794,0.3550123330751376,-0.28042074841297904,0.042477024210256786
11,0.10451089968069027,0.008527642628934018,0.24782318246356283,0.03836887983578663
12,0.01428906879874603,-0.0827691158294499,0.4584412616123643,0.01722840885202004
13,0.048226480354855994,0.06558204509752841,0.03943226685140644,0.0029227540172769295
14,-0.0390001891479983,0.04073639752343183,-0.0077188445716274146,-0.013896809352900164
15,0.05290551753796535,0.05050724274070717,-0.33263560678578585,-0.0215476453963106
16,-0.03895457080545839,-0.28318602602877263,0.21482787213841448,-0.02748770969145653
17,0.0952772593234954,0.13778244757887137,-0.3341262190012628,-0.03457868456592905
18,0.02528789916198093,-0.02399261232002914,-0.07642098615374948,-0.02126659719556301
19,-0.17060742560471454,-0.27757045905988775,0.5269801628123929,0.013950398127803965
20,0.02997208113902161,-0.135890037996802,-0.2811751291336293,0.013221983294442907
21,0.16627047730565891,0.3540332871446594,-0.49306502217987713,0.03778086453326068
22,0.142598446627062,0.15421365302330514,-0.36023818065258695,0.025120242485058952
23,0.017900802393057802,-0.08598350029984658,-0.12066179493731966,0.01366960840732645
24,0.15477851305757895,0.08804664040522425,-0.4585967601973522,-0.004647159427236147
25,0.373391163388078,0.5392077794724628,-0.5636253137682274,-0.03377858328235561
26,0.23574061003739644,0.2669246365567801,-0.2073782501219199,-0.048204633893362825
27,0.1727905010331483,0.3436290158216764,-0.15205986882702405,-0.05800804790328584
28,0.06638293961515274,-0.06318457725777193,-0.21236500731887986,-0.0676660166419083
29,0.21358643707640113,0.2714870693263265,-0.6341017101413939,-0.06815378721927345
30,0.26306130436745434,0.23019381758530244,-0.35630594207171384,-0.04406474340464683
31,0.18031048319448928,0.19111169066195544,-0.3725013753977322,-0.0060117095524105935
32,0.3294333216181826,0.39730427306574256,-0.6735374438757873,-0.015307841112075948
33,0.1141374403061377,-0.342986659571352,0.9448171905370515,-0.015570616394711578
34,-0.09555275685528386,-1.1623539137491434,2.565064890686074,0.028041255907339746
35,-0.10788519272199437,-0.4987229616711204,0.979361724044594,-0.0009658189154038155
36,-0.02445626768439979,-0.43746195291612366,0.3795898603922012,-0.025620537810993937
37,-0.03319379134126166,-0.2472299589744864,0.06641407365732732,-0.04778142420417453
38,0.07769679641398852,0.02726366472978725,-0.06973357385595591,-0.060760172882055485
39,0.04647275693054098,-0.0631308330891045,-0.029547987680786036,-0.06151319813193368
40,0.14974230369386987,-0.06735284765099436,-0.2590432887360521,-0.056447363108873105
41,0.04645484034091396,-0.0489544195131657,0.0807575848161548,-0.010755680179215688
42,0.027891879938408692,-0.14915867218192602,-0.059005240338535714,0.02805144449882846
43,0.059491192910002155,0.0078714071040622,0.030898701079181023,0.0688351889423302
44,0.18971430009321466,0.1422196101770794,-0.2257705422834988,0.09704861901292361
45,0.1642820829944185,0.20851061166615636,-0.025066092011059027,0.07066018877355873
46,0.19061184138479348,0.11192559429790094,-0.2666090213647294,0.022228237125716532
47,0.08208721116471906,-0.15966908442410954,-0.028091097232376683,-0.008901850959261992
48,0.13990886950347203,0.05190947790313771,-0.4822827274126382,-0.03116858678282597
49,0.15980748657898403,0.044965259190576035,0.06457779568020783,-0.04183648501020798
50,0.12590041145210762,-0.0051376858569653905,-0.08427293071228803,-0.053922026722489136
51,0.026166673643899685,-0.202131102833647,0.5300724292919057,-0.07195181346048685
52,-0.06198804355989296,-0.4228243358161592,0.23690546297893889,-0.06984396349480448
53,-0.10823789998937627,-0.9135139395168892,1.3035376951907978,-0.03973439306906812
54,-0.05249224090016469,-0.47953539983609517,0.8155109603752067,0.02769727240041675
55,-0.08005671944084725,-0.46342122135501995,0.030109402319482115,-0.0020726657945147053
56,0.08510711808230553,-0.2447977652284692,0.18778542360990969,0.05403474543282982
57,0.11412965626522009,-0.2841612627622965,0.16279998394004735,0.019859159390762215
58,0.1900223046131373,-0.07621089191269448,-0.0737339563901287,0.036681840005655886
59,0.14698806456596003,-0.025610115649584486,-0.32102903942677585,0.007346895009675336
60,0.1780885541166981,-0.005447020347361331,-0.0896233185564057,-0.013129015401204924
61,0.07166986017284671,-0.11563448579332203,0.1320737071709317,-0.04892262369054379
62,-0.06398552563246085,-0.5251234302908472,1.081034226326551,-0.06444973805440668
63,-0.08717746798390635,-0.7307342274864084,0.47785399816488905,-0.062496425221013396
64,0.14489566087922867,-0.06591917968870575,0.03920457752093398,-0.040412464055691544
65,0.12856754322393726,-0.06332799487788066,0.0801333678802365,0.032291949809064135
66,0.12250924846176758,-0.25551355601075443,0.3252616869737466,0.09888511066532146
67,0.04295788001462597,-0.1768463733077965,0.18837019815411793,0.14176608208913422
68,0.1707825950850861,-0.12065200406524923,-0.21424401443154295,0.14978780694116267
69,0.12170820458106846,-0.0669448180716472,0.09851513943485202,0.08635758516163605
70,0.11854176213233814,-0.16328985786267936,0.14333358464793378,0.033557822305056106
71,0.25227631636801107,-0.051410303996163975,-0.36124160733241695,-0.003356404130613555
72,0.17669519724012162,-0.1281371636789288,-0.04210952204280716,-0.03980430990282002
73,0.21384855510592615,-0.03993550656659295,-0.07378713755605304,-0.05329487932959864
74,0.3477332699011413,-0.07720807114225181,-0.24454833297421885,-0.03928397004204953
75,0.4890033423562272,0.27055130748070155,-0.3351401391878568,0.016273506000857196
76,0.37263932752745177,0.15580112497713117,-0.11143457391145262,0.03991950611219863
77,0.370557144855411,0.14829275759623783,0.16905694380213276,0.1003385847408822
78,0.06194281581895211,-0.38751994419635594,0.5701350046292077,0.07657577224568968
79,0.03543570927155315,-0.5144041126216052,0.37327709917762775,0.07052745276661199
80,0.29006625097002825,-0.3078274248648256,-0.27225653964441676,0.048445616010155845
81,0.3361485450351438,0.14187767178390231,-0.016139847980880973,0.021633560282168673
82,0.1554281960429762,-0.4064426752451027,0.23123259801330676,-0.011917472189622913
83,0.25412526381882117,-0.14421419530634694,-0.4648945218103506,-0.027484929866147922
84,0.4393622109940907,-0.03251107141511511,-0.1961348523765878,-0.01551488361576503
85,0.2786825163571507,-0.011052619374822825,0.0385933189890153,0.03693286863887124
86,0.191430186127036,-0.3711061105057638,0.27645633990967156,0.13450951824466983
87,0.2631051058650655,-0.02084329104667404,-0.2987378626711177,0.1522188175526935
88,0.31229969698324567,-0.04633579826875689,-0.29064687279905854,0.13544376608535913
89,0.25984199541318276,-0.059399761827990005,0.29486252957354964,0.12668633031790932
90,0.18009073306183154,-0.3599067825351767,0.20613599250405912,0.09660583889029795
91,0.25417116959664554,-0.15367268247894117,-0.10049204510930565,0.06518500220386159
92,0.3580634864234753,0.2030116966872697,-0.27233174580801744,0.03081121409587695
93,0.31596692113441804,-0.26275586092927483,-0.09432083022694826,-0.006631599363117857
94,0.34234095144955745,0.03457379214427192,0.07701442075145337,-0.00029045492135537643
95,0.20338530089117057,-0.29066495067922915,0.06511375119762874,0.059125315529570344
96,0.3813623664739225,0.14298706733796962,-0.15875407725231128,0.10091886438630127
97,0.29061968375174274,-0.15707537682752104,0.21583355600387222,0.17133415042599154
98,0.3453181304749364,-0.042520816745309276,0.056914502237845,0.22910512171995379
99,0.33196847914638283,-0.11422083431946817,-0.016059500998025555,0.1771835341820065
100,0.39220558938342265,0.05643133191290417,0.13639020845070604,0.13443865290935264
101,0.06661294514248084,-0.373245131074043,0.49688101682664865,0.04313322602070002
102,0.23449064866974823,-0.18289064276549993,-0.061097782929266486,0.039379476300950955
103,0.21522034457694872,-0.3749928252528889,0.21058994302585177,0.01180706150074684
104,0.32579546541745685,-0.10888505865256093,-0.007239263595835155,0.011195641963411163
105,0.3000360879364621,-0.3164007537402256,0.12985674064849206,0.05416576321823641
106,0.3184855921822418,-0.1451790572734808,-0.04554212350095099,0.16852472904315619
107,0.30062794539566084,-0.16370185605691745,0.04578305488115575,0.2779970807564496
108,0.3560596478499747,-0.20797854443432584,0.038971055253128384,0.3010566886888455
109,0.36191370836678516,-0.23334693447486643,0.31638184727817986,0.2404408018387585
110,0.27118285122554653,-0.2536171616564502,0.3830056640361761,0.19687373119018048
111,0.2632711098906384,-0.29593892124333365,0.1984578082167303,0.11519700833974866
112,0.2535949957991761,-0.5221347498111868,0.5568994362001121,0.04395094877656902
113,0.28151324043886916,-0.7701941988319163,1.8471340466556398,0.020287364701459865
114,0.09434311300265108,-1.1575701887850869,1.338781881240891,0.012178029428298487
115,0.20992511458268837,-0.6809421114689371,1.1718722033448898,0.014827064814141977
116,0.23554011099292893,-0.5612944323385705,0.1818249960561502,0.05747589305269685
117,0.16857771243729758,-0.930372112508536,0.9082475948854949,0.12251316948146496
118,0.2958319283890205,-0.636483042847118,0.45878879842348397,0.1544858481056508
119,0.192528568382329,-0.8843029749326092,0.7489644350359157,0.15861023025331633
120,0.3311707071637784,-0.5795078898539714,0.4240835529835465,0.16155659279525025
121,0.36862425841167124,-0.6535756485634749,0.6580585720723349,0.11932432864489328
122,0.3884978968934547,-0.6496814026224911,0.5365717164632287,0.10879423046003467
123,0.2889287384836621,-0.6723811870959082,0.4411236281202804,0.05533831386867405
124,0.3618927665273759,-0.7188836553432054,0.8095260131891848,0.026669457775199135
125,0.23767021764649598,-0.9323624458502593,1.2718631354222367,0.027021647265542015
126,0.226194199707777,-0.9808503683238428,0.7297336339707385,0.01926548786479998
127,0.38858525914940856,-0.8130566312571261,0.1963488295804865,0.06353105652465274
128,0.5765668801249717,-0.35286740460193755,0.33950605812538015,0.16934956492355013
129,0.4464224839601343,-0.606129172683211,0.3689939625187435,0.21745810192436466
130,0.38780914451774606,-0.8103839306848499,0.4982780962547366,0.22248192156899904
131,0.44432332748050385,-0.8941083655811042,0.2687764297505453,0.2279834286396749
132,0.29305083226802253,-1.1546193587756761,1.1229968759697329,0.14653951461303905
133,0.35362744578719685,-1.594439958240514,1.0685910639957967,0.14505520310615339
134,0.5492443177928976,-0.6960587579528976,0.4603456319380115,0.050869621834124246
135,0.6126721017993759,-0.9153368802421937,0.17281115007763503,0.011670201216929854
136,0.7470192730565373,-0.7035021899588685,0.06376391863783226,0.015438018737995662
137,0.7340388399070434,-0.7475198157947887,0.12009918365272654,0.030820730073173763
138,0.894718044573267,-0.41357393435220047,-0.054221879451006316,0.11658560707991228
139,0.7955527706713497,-0.7561176652248491,0.31724273770662137,0.2246670229539518
140,0.870819875685072,-0.5100013494065934,-0.22875088554947354,0.2285696347181556
141,0.883753487809372,-1.0261560606173532,0.8883510767499416,0.2165985323018731
142,0.8157770889836229,-1.507437273171405,2.555376908972093,0.16729964175135592
143,0.6790450106171306,-1.2412795884349634,1.3436502353101503,0.0907876687021485
144,0.8076921136618012,-0.8422320519535447,-0.1346060731079035,0.027594801456302775
145,0.944488441532144,-0.5841764482343592,-0.37961237405136217,0.01643776726058377
146,1.00613551868355,-0.47667386650445565,-0.5255609974497304,-0.009271935739036508
147,1.1676555671913889,-0.3182536459306107,-0.7896479290793508,0.01976088883390048
148,1.3953387944177393,-0.13392486486552002,-1.0209204012251405,0.10083464572750245
149,1.299359155122545,-0.13001281245698237,-0.5384876898226167,0.177957937114968
150,1.416484752362976,0.05129076269253119,-0.7381416062773951,0.21535216423160364
151,1.489435183796786,0.25226468777239575,-0.6278757133121644,0.2063808661853841
152,1.3077762627317497,-0.16035382432190204,-0.7800325892198998,0.21771302090911604
153,1.4491804546307776,-0.030396143072408677,-1.0173616680105937,0.1099813641457672
154,1.5642329955653054,0.2935980955275852,-0.8997192359702098,0.05023750279235628
155,1.3733094327062076,-0.0309732314378266,-0.5620154725699962,0.003348432906193466
156,1.3344145130129164,-0.22300201186018853,-0.8844592797754416,-0.011144690204048402
157,1.6591656172587932,0.1784693658953529,-1.532578756569066,-0.036869361164633574
158,1.790057606733285,0.4810634124255273,-0.5625349653331568,-0.04025276835693603
159,1.5108151526771962,0.013600821947022723,-0.8529008699720322,-0.04267959500447205
160,1.5744773550155173,0.05488110681045555,-1.493542403483687,-0.0008051987911699143
161,1.686214544119082,0.05077436149576897,-1.1188335839857615,0.0532694170093464
162,1.7795105262540005,0.270649176574409,-1.0296616896647635,0.09883268398760947
163,1.8101240795996318,0.37047411720371315,-1.0837133844635218,0.10639514145628937
164,1.790898422136138,0.39562429183430936,-1.2251204033769625,0.12574150121952243
