,tas,rlut,rsut,rsdt
0,1.385716511637895,-0.22049054876413265,-1.215942901656291,0.06525150574350391
1,1.6257111429690099,0.021404707067773643,-0.3713053323179736,0.024280830882844384
2,1.4209754699185169,0.06924528717809153,-0.9346031027993718,-0.026742568593590477
3,1.5860132541880034,-0.1391532835401108,-1.1254365933303774,-0.03442039691157106
4,1.5837948111992546,-0.04899947438875074,-0.7459359707273023,-0.03567598903509861
5,1.4360146557143025,-0.2238700587860194,-0.6832658669322882,0.006362748612673386
6,1.392354400232307,-0.1262978816775444,-0.7089383592031453,0.046258727830604585
7,1.5366337934217427,-0.02828592157385401,-1.4260924874763248,0.12449657735407982
8,1.5970696941295728,0.012519333358198992,-1.1777230553430513,0.16843944145909973
9,1.8465232199024513,0.1428144972630605,-0.9613347966487993,0.21807043078263177
10,1.6920583251950916,0.1476843885854464,-0.48163312856314633,0.14303221429668156
11,1.5318676038725698,-0.07426494833299557,-1.3328529005648733,0.09409604172037689
12,2.021274050518798,0.17843697825998106,-1.4354598428095784,0.04343198895350042
13,2.1553133609457404,0.4746874184771741,-0.9453076603646196,0.055804037218365465
14,1.9652232445122877,0.36496353552072947,-1.2321698996421446,-0.009498164016918054
15,1.9190211121239713,0.1909683085257825,-1.7035349102328041,-0.02752412683298644
16,2.033925371537862,0.09621138786383199,-1.4685570303322777,-0.04496707849204995
17,1.9560590350426423,0.21458398631168052,-0.7652816232135962,-0.00923568711777989
18,1.798388397937174,0.014670326532325362,-1.3649190195546055,0.0017272769117084863
19,1.9229183195406563,0.04702643461877187,-1.4536383944097935,0.07696938719078616
20,1.9795417804473345,0.18695357759384024,-1.388626180143632,0.08549764700427431
21,2.102531931352985,0.4251532032587306,-1.7813223955448052,0.151199045166436
22,2.2423627939239736,0.4314087270661844,-1.4048732351501485,0.08553263209029183
23,2.2201012417207835,0.5807393809841699,-1.6033700030851037,0.08508813866632181
24,2.2067644507278033,0.5769252611837032,-1.5642228994514227,0.036168688050736364
25,2.079052768610609,0.17348021035962802,-1.976269426214131,0.022897632097510723
26,2.2543020938600193,0.41348183436366526,-1.808243960504612,-0.048910604742104624
27,2.322095824458472,0.4479819068256461,-1.603558037675441,-0.05991234078163643
28,2.461408460905716,0.5153771275778354,-1.596345593816764,-0.05456810948913926
29,2.3738128283268907,0.7363254633034444,-1.6798349836549278,0.0017763714631655603
30,2.4910842073660433,0.615109644210861,-2.1445876539736304,0.041026526174789524
31,2.6674665041567778,0.8349479016043801,-1.8936405316113536,0.08902237548426228
32,2.435793832518641,0.6477127278521948,-1.466876144326406,0.14258329328680475
33,2.2613083870240303,0.4510240587724468,-1.6615900490856035,0.17991438417021755
34,2.283664159057139,0.5334244239720078,-1.9523534122369313,0.10423468997385044
35,2.5948983661646707,0.5861766418615844,-2.4684871246683855,0.03626742123958593
36,2.9116632781362455,1.062542901850236,-2.266009712982722,0.002969793451370606
37,2.8665759657380363,1.0269441344809138,-2.1083179388631663,0.0038743069640645444
38,2.536481295037561,0.7840461988637344,-1.9196815818738457,-0.04974506427618053
39,2.503758317053098,0.4458580823808518,-2.3049614584547413,-0.04122131939209339
40,2.726865367027642,0.7443744604266271,-2.254136949868638,-0.0002881573686295269
41,2.7966765649385366,0.9482471507630805,-2.044684381280291,0.08259472180145622
42,2.8191213788990126,0.7316351117584077,-2.7208511537474607,0.05222602559842926
43,2.938720746804904,1.0036308365106095,-1.9287386403253919,0.06066373599509234
44,2.845357752499808,0.8932668083464534,-2.472173022805805,0.0668938131512391
45,2.96287582363351,1.109753482488287,-2.272612992673473,0.05588599278530637
46,2.8229278696792335,0.9776090176966932,-1.9469312004244443,-0.011258574675764521
47,2.819476098485211,0.8620161996674938,-2.483531254893535,-0.04073908051407216
48,3.0137047405243607,0.9766878310843481,-2.246717345522214,-0.051017340927444366
49,2.9236307463910407,0.9783681085909564,-2.0605949239455867,-0.023147875511199345
50,2.8613437187376576,0.9863947882005561,-2.780555610462926,-0.04216185605548617
51,3.015664732887103,0.901511432794365,-2.921504085375645,0.013769316054606406
52,3.4075418492145104,1.5123790271955215,-2.7439746056851106,0.06368459561343798
53,3.217227802884281,1.6469510998053636,-2.493817222002292,0.12386137369475136
54,3.1335105042257965,1.379424249508702,-2.903340364873472,0.08026136219024238
55,3.2104946243790096,1.1835741724763125,-2.7755551855026965,0.04966023416130838
56,3.308959357091396,1.5167531682446338,-2.7732910206198085,0.0054528648276459535
57,3.0702309939776455,1.275329349755424,-2.965312023354201,0.015742752580820252
58,3.265361311546144,1.3106498878421746,-3.1566857773600674,-0.031846184627113416
59,3.371551172014108,1.6804116004608431,-2.8959812028560634,-0.0552336260657853
60,3.3817679314279303,1.5419797195971796,-2.887202830995406,-0.0647741135768456
61,3.436052485078392,1.4207735963863684,-2.7989846057746632,-0.04247195721359276
62,3.5232973741104274,1.565005258490487,-3.033270827247648,-0.061649746266880356
63,3.466146538008502,1.6053792122532684,-2.8874151656489744,-0.026211838551034816
64,3.4704780869931255,1.677084392939662,-2.850298546985613,0.011051605605246095
65,3.4865304216252184,1.5085463742510399,-2.8963619571420907,0.07050935856943852
66,3.4574083216277245,1.6365493414809293,-2.642716452772021,0.0415138702289255
67,3.5339189594662344,1.6318082815985804,-3.3478831927478865,0.040046578083945406
68,3.518442928051627,1.4867097730860621,-2.601647106545144,0.01123311125473947
69,3.5584471235675323,1.7104225006446825,-2.845048871150894,0.030066301913848292
70,3.4213594406454035,1.4792870881859983,-2.508257818209728,-0.04432924553640305
71,3.443783732968029,1.229182191884604,-2.8158123705517824,-0.06789979244388178
72,3.5349505004083994,1.6188036156148087,-2.970617268202332,-0.06986230545243188
73,3.400389693743307,1.6480892757853098,-2.642082161839369,-0.03465365490291106
74,3.357904185920688,1.5680107282452127,-3.2881355266549406,-0.03366123116484232
75,3.4797237285375786,1.5418339542682702,-3.161078212424883,0.020439053477332436
76,3.7966404759116017,2.097401230617777,-3.7525007340185823,0.06076662969701374
77,3.8664726020871854,2.2902490055343776,-3.3479056865359382,0.14461425862697297
78,3.68302030721253,2.0535389270453095,-3.260040078863554,0.09134745302168312
79,3.828799660269283,1.9167956715696448,-3.32037618303697,0.04717428009746527
80,3.829324622139211,2.2546926013062034,-2.9153649135616035,0.013238040633325454
81,3.5646680405818074,1.7199898820240378,-3.1735239838548353,0.004123324393901839
82,3.6552344994589703,1.711948829679386,-3.5307156714791006,-0.041318072177659815
83,3.922351659530875,2.0483365188606513,-3.4400510708218945,-0.05446431605651014
84,3.9208500869937666,2.049566703894783,-3.0909239039457646,-0.035763669550931354
85,3.739891413833334,1.9447827084368328,-2.566026160454925,0.03038210466320379
