,tas,rlut,rsut,rsdt
0,1.6413925148985982,1.4861017759674837,-2.675726499160632,0.07303301480044411
1,1.6093773519526167,1.3093756998765684,-2.6687699683070463,0.0005313696163966597
2,1.7158015234981576,1.4440813700948922,-2.7557407414095536,-0.01861051020046034
3,1.6934356041309684,1.3863487484394454,-2.7161705376114185,-0.026402478271620566
4,1.770780242602882,1.6588719827903446,-2.8096803799248846,-0.027631917812470874
5,1.8623567077771668,1.596653523875034,-3.031719188033378,-0.01754394335392817
6,1.9186215735903716,1.7632105904832827,-3.044638151415924,0.053676263111412936
7,2.124686349227943,2.40032407555762,-3.689637852213508,0.13113612278408482
8,2.1134057493180194,2.249421419498418,-3.358040800949027,0.17535480518870372
9,2.1471273404434896,2.163682156206903,-3.7104727596329212,0.193639890688587
10,2.2125002145247095,2.3923353167396897,-3.6890741734225116,0.15055716717756695
11,2.1373085287539766,2.1275552631630035,-3.3468292843011938,0.1014416442638435
12,2.2594491196779813,2.2303526948199988,-3.5426141283747086,0.05132856146406084
13,2.226829688133762,2.3514441055437487,-3.4632448246824623,0.03171514256388264
14,2.1556334609251735,2.199518198073207,-3.2439244349451286,-0.001337703471108398
15,2.1830050223794615,1.9325745382266462,-3.444524837663252,-0.01943143742346365
16,2.335770607156576,2.2918537200168316,-3.6165703866752494,-0.036857986120026
17,2.267125417131581,2.3451073625680863,-3.504786487963159,-0.033010234333460176
18,2.2817162451650006,2.2103007114934883,-3.644363702898687,0.00955570230610192
19,2.4304753318413646,2.5881094511454137,-4.078043469703644,0.0842615215382807
20,2.4858563057401852,2.6365979806920734,-4.209217269092164,0.09269119691953165
21,2.535363703946416,2.6975248361709987,-3.9880010630802047,0.1270582392912729
22,2.512975558314338,2.684716915703916,-4.074970448796321,0.09187139110258613
23,2.423385712740128,2.4285969380781864,-3.973936375437731,0.092660997539042
24,2.371633986939571,2.569731392789663,-3.8315223785097317,0.044161574687336724
25,2.481696868071424,2.6131934151131304,-3.9697623946270966,-0.0009929321864774465
26,2.532936687300605,2.534527384999194,-4.209225067239828,-0.040786899669456034
27,2.543214301530952,2.7158758257512545,-4.285314042002639,-0.051797359082513594
28,2.56303495947094,2.6908872373634267,-4.377536044776377,-0.04644948323311837
29,2.5525606401963614,2.6758569156655767,-4.36603655928387,-0.022149258185891085
30,2.55064761508919,2.4968160759368345,-4.283095639888714,0.04850924060252737
31,2.732064906599362,3.002658143726933,-4.484234441318321,0.0965057818921764
32,2.7031218678815776,3.0548037054016106,-4.2023941007787045,0.14967483295447437
33,2.683795138243738,2.9128327000068737,-4.6902563473819185,0.1559815138975864
34,2.733249479540291,3.002650258223156,-4.626231481966414,0.1113428264205254
35,2.726393306192108,3.0831593969450353,-4.6314546325669,0.04431767794443431
36,2.8032319309899663,3.177056075701387,-4.993284740489784,0.011117847498837818
37,2.796875177025129,3.124768053844633,-4.89822788142672,-0.019757353388172305
38,2.8473958369492607,3.0267013877327713,-4.608436952922688,-0.04155754009099155
39,2.702832646819843,2.6393940921354613,-4.704358650192489,-0.03313573306303397
40,2.8839726328923803,3.268389884327064,-4.8310777050549945,0.007461495651227779
41,2.909637709011122,3.2390033721490283,-4.94313751263833,0.05832781374232354
42,2.9946535036852424,3.4332064875355,-5.26901411011923,0.059911489195542345
43,3.0879336642509543,3.5194948305036178,-5.286138328575177,0.06879507984518796
44,2.950689624854931,3.5411233429330196,-5.3489147769839605,0.07439195327845027
45,3.015202746406999,3.5719278136006096,-5.287543073605519,0.03220286050452614
46,3.059418817132837,3.48473403272493,-5.320835857341038,-0.003221966361422801
47,3.0743856644835432,3.500730006402165,-5.666138195121562,-0.03281156443506461
48,3.160811017699359,3.518082542618373,-5.547500440580492,-0.04299320318739319
49,3.1987803125279584,3.7833978350139432,-5.529044372919017,-0.04686666424765917
50,3.1119992844256217,3.428780335238713,-5.326564729349457,-0.03407967899744335
51,3.2076634133761672,3.717424274033874,-5.319356455319792,0.02127836660071125
52,3.176242147906521,3.802888958098549,-5.538150006913952,0.07091800768461098
53,3.1529187561814638,3.7963994930713625,-5.406109100693513,0.09981045013955736
54,3.132152855212155,3.529832488854339,-5.426388166376768,0.0878597063154416
55,3.288430986534024,3.7912640183238295,-5.791812572804716,0.057529550908839155
56,3.2522916275631815,3.6087192235705743,-5.557887588809876,0.013362169994707074
57,3.261807700140139,3.5828161318163154,-5.513080725282677,-0.008293289787957292
58,3.3015036965173863,3.9023320295617054,-5.936056074194397,-0.023775013193187533
59,3.3253014607678892,3.7546513533310986,-5.680404778798334,-0.04700573424815957
60,3.3428013899889493,3.867426960691887,-5.7835099416449225,-0.056521309381423634
61,3.385495282598299,3.995966976093655,-5.79634936271178,-0.06623482849096263
62,3.40569332537018,3.932669699878943,-5.929790655977513,-0.053509641712139455
63,3.3444170079073388,4.064938616016121,-5.806216875054986,-0.018046514249931533
64,3.360379671315286,3.7781864392075306,-5.834854721331666,0.0191653958162874
65,3.4893102412530084,4.3725644329522595,-6.039763547496392,0.0468013321214471
66,3.4393514387520554,4.186229589015824,-5.887291072915033,0.04860042637199058
67,3.34249876820229,4.054690794044262,-5.622313287436242,0.04787938823051263
68,3.3883998598104768,3.964879944605258,-5.807375682496556,0.01949400262680001
69,3.414171784823452,4.208821603939867,-5.819813935053489,0.00587694829908969
70,3.3765818672764567,3.9058365609589885,-5.9265067699843,-0.03627921586570437
71,3.4489529572133506,3.973136919244098,-5.984872697890069,-0.059673384729478585
72,3.384220843453022,3.8755700346345634,-5.967357075773776,-0.061661475108792274
73,3.4587438465680975,3.9948766347942524,-5.959958536593547,-0.05839022938090466
74,3.551123097971299,4.246870009447861,-6.034046102804467,-0.025635279290384005
75,3.5837714796059004,4.138942456819393,-6.247116862869575,0.028262953661965184
76,3.594215020100137,4.432129410176373,-6.154851657475319,0.06804638863417267
77,3.6410776035283448,4.743535999202578,-6.14898070988221,0.12018537340514968
78,3.467250824920768,4.013358909242896,-5.951152889077349,0.09889120756446346
79,3.516804578144445,4.355303436063821,-6.257225329949549,0.055172028682989094
80,3.5372396912349586,4.24982569599058,-5.974340538631097,0.021347034653729224
81,3.4572150608217385,4.158204315775322,-6.1067802795197395,-0.019900635055478233
82,3.428667796398827,3.9342161219531135,-6.102857950471915,-0.03314147485639296
83,3.613971018943346,4.1094663370419084,-6.282165586082627,-0.04634003919659335
84,3.4567854554739483,4.2957692626745825,-5.892891282702649,-0.02766222426089371
85,3.4681846886383596,4.000397452445952,-5.956683347227241,0.014991434559874506
