,tas,rlut,rsut,rsdt
0,0.048644180155122285,-0.004372463958219441,-0.20333192820037027,5.684341886080802e-14
1,-0.042424381219177576,-0.17053873032094202,-0.03187210405353369,5.684341886080802e-14
2,-0.0331609903942649,-0.3241836071518662,-0.0900966792140423,5.684341886080802e-14
3,0.1837093917625907,0.3173127640002633,-0.28340422492021844,5.684341886080802e-14
4,0.1484858085496512,0.18590643628976977,-0.12817488953589873,5.684341886080802e-14
5,0.15199125626850218,0.33158236265768437,-0.4272470156671062,5.684341886080802e-14
6,0.24930250779971175,0.12959449739310003,-0.40174812620088574,5.684341886080802e-14
7,0.2996006349816298,0.4247608605451205,-0.46567634333317187,5.684341886080802e-14
8,0.15943267505872427,-0.20459461740577467,-0.12269966440643998,5.684341886080802e-14
9,0.220391496227478,0.08951396460687988,-0.3899945809717451,5.684341886080802e-14
10,0.3096719107183503,0.17957760791509259,-0.6491794265513988,5.684341886080802e-14
11,0.4666890838596487,0.8008883501549917,-0.910077316069632,5.684341886080802e-14
12,0.27994973216249264,0.4182122024181183,-0.3047520321907342,5.684341886080802e-14
13,0.2086736720154363,-0.0800164010099138,-0.5594840713749534,5.684341886080802e-14
14,0.22965539856335226,-0.09986850231305766,-0.5245074772344509,5.684341886080802e-14
15,0.43459890132726287,0.27357957380331754,-0.8275308143237794,5.684341886080802e-14
16,0.4346205512197798,0.530444713401863,-0.5950131478254548,5.684341886080802e-14
17,0.298735496092263,0.04232585456441029,-0.8025601906548445,5.684341886080802e-14
18,0.39746778080535705,0.23537969519719582,-0.6349908509033924,5.684341886080802e-14
19,0.4958762099890919,0.3911441799754414,-0.8491409262805263,5.684341886080802e-14
20,0.534310742122841,0.6205812306235998,-1.1196413349273797,5.684341886080802e-14
21,0.5823936231489029,0.4629721235745876,-1.1468173101727075,5.684341886080802e-14
22,0.5650661994539519,0.5135709111439439,-1.3892215239675352,5.684341886080802e-14
23,0.5755333811526953,0.25978585482951644,-1.1837103535619917,5.684341886080802e-14
24,0.594116579728734,0.3790325633191287,-1.3083263806340426,5.684341886080802e-14
25,0.4877438511087462,0.3173156217231963,-0.950736563744556,5.684341886080802e-14
26,0.5739733780845881,0.3158547005976118,-0.9351877292433386,5.684341886080802e-14
27,0.6663312712737479,0.2523725180844849,-1.2141254809206146,5.684341886080802e-14
28,0.8469321218790924,1.0909403728203415,-1.562096279617549,5.684341886080802e-14
29,0.7010084048063163,0.42404840712114833,-1.289996855601288,5.684341886080802e-14
30,0.7868569503768299,0.6187483968506058,-1.7525705036440513,5.684341886080802e-14
31,0.9158390392000229,0.7878901277330215,-1.563406177051462,5.684341886080802e-14
32,0.9598575041831623,1.0015887540375843,-1.8451006224987765,5.684341886080802e-14
33,1.070786831491091,0.9123346433725317,-2.013965991081804,5.684341886080802e-14
34,1.0521401389763128,1.03739033219955,-1.764399349365192,5.684341886080802e-14
35,1.1411445048008773,1.187900224800444,-2.020156642867306,5.684341886080802e-14
36,1.1235398478581828,1.0231342342860046,-2.005069155839024,5.684341886080802e-14
37,1.105221054015317,1.1216710883053622,-1.8324244212719947,5.684341886080802e-14
38,1.2038981819365517,0.9246536210559668,-2.4487533179391647,5.684341886080802e-14
39,1.4382646656847555,1.5728518590653096,-2.55340390095877,5.684341886080802e-14
40,1.288787046278685,1.4966173564171186,-2.4438511615471015,5.684341886080802e-14
41,1.3695074245342767,1.3753599461540773,-2.5993099287653934,5.684341886080802e-14
42,1.4159999681599515,1.653834010938624,-2.727294035361126,5.684341886080802e-14
43,1.5256300415703095,1.5845605018627396,-2.924577909812143,5.684341886080802e-14
44,1.517066542864768,1.6539071180636995,-2.841667127069286,5.684341886080802e-14
45,1.6591557564806863,1.7074776576363888,-3.081984190691216,5.684341886080802e-14
46,1.7706152608733987,2.189055877204197,-3.0938489871175108,5.684341886080802e-14
47,1.6539156359739309,2.1011183325977356,-2.8641138803361343,5.684341886080802e-14
48,1.6208573718720345,1.706536034281811,-2.9643780967429905,5.684341886080802e-14
49,1.7268197149179514,1.8935472241135187,-3.0283074474943845,5.684341886080802e-14
50,1.844487556671936,2.253063465799187,-3.3699957516941907,5.684341886080802e-14
51,1.7396912690382464,1.7114241106581005,-3.1410099999668404,5.684341886080802e-14
52,1.8332760843769051,2.019139792097775,-3.3320073290957026,5.684341886080802e-14
53,1.8261448260421957,2.0924001172903104,-3.338748875861498,5.684341886080802e-14
54,1.8751484158930225,2.2354762321962767,-3.7130025551418555,5.684341886080802e-14
55,1.920348082828184,2.2227546231318627,-3.7400205880933868,5.684341886080802e-14
56,1.843553834450688,2.0582534532524335,-3.3124772688719872,5.684341886080802e-14
57,1.9303722342213518,2.1299379847326065,-3.646539577004404,5.684341886080802e-14
58,2.0062022676779065,2.304204678453715,-3.829727038212809,5.684341886080802e-14
59,2.222720275473364,2.6701166304106323,-3.974805967826029,5.684341886080802e-14
60,2.297219971421157,3.0449540947963385,-3.8311071676723145,5.684341886080802e-14
61,1.9885508123113596,2.052000407259669,-3.8618598478304875,5.684341886080802e-14
62,2.0179815648723434,1.7430690345167363,-3.9158181190316554,5.684341886080802e-14
63,2.2731118905013545,2.505662715938115,-4.308657926599537,5.684341886080802e-14
64,2.3461347139129316,2.8921080203817837,-4.313383549068206,5.684341886080802e-14
65,2.305782049827883,2.5071866483390863,-4.208372622619365,5.684341886080802e-14
66,2.4796694254380327,2.974129859884556,-4.211036459616963,5.684341886080802e-14
67,2.439716229070541,2.6744916297216434,-4.278473006503219,5.684341886080802e-14
68,2.579242881392304,3.2446512005568593,-4.5710772201820475,5.684341886080802e-14
69,2.523076249100768,2.9869098076828777,-4.613321903264804,5.684341886080802e-14
70,2.644481765383432,2.9992619821901485,-4.598074973190876,5.684341886080802e-14
71,2.810733003592759,3.7139182352398734,-4.812824266366647,5.684341886080802e-14
72,2.5364282736013593,2.8479890367420353,-4.6770183601935855,5.684341886080802e-14
73,2.6306717015663708,2.8672688301057576,-5.101128550792183,5.684341886080802e-14
74,2.890491587421934,3.3382772191382912,-5.212928915143593,5.684341886080802e-14
75,2.9714913840006147,3.7897622097592887,-5.059832277592903,5.684341886080802e-14
76,2.89122010280488,3.432274091370033,-5.333867927856758,5.684341886080802e-14
77,2.908322578995694,3.5480324934548833,-5.066726395338364,5.684341886080802e-14
78,2.955645388878793,3.4526995626548285,-5.311429163055095,5.684341886080802e-14
79,3.014917519998278,3.3906869982085652,-5.621246522402117,5.684341886080802e-14
80,3.1588813039280126,3.8904717966123314,-5.475951400477214,5.684341886080802e-14
81,3.1921081111485137,3.999489695099669,-5.65579337905298,5.684341886080802e-14
82,3.184125520468797,4.061210142173678,-5.952675299749075,5.684341886080802e-14
83,3.3402255647627612,4.1734703768767645,-5.864666667875682,5.684341886080802e-14
84,3.300874511675886,4.2209869598546845,-5.76317346782524,5.684341886080802e-14
85,3.2476272950042357,3.8133337876606674,-6.081917571685082,5.684341886080802e-14
86,3.504920159151368,4.5301478713827805,-6.495716370692975,5.684341886080802e-14
87,3.390070037254077,4.3022440822745125,-6.132750330970083,5.684341886080802e-14
88,3.5075851082269764,4.165120201594732,-6.272004437762902,5.684341886080802e-14
89,3.606151199955434,4.768840295357052,-6.269322168986179,5.684341886080802e-14
90,3.5120968579216196,4.258951230828984,-6.244990525351795,5.684341886080802e-14
91,3.607701809907269,4.566673830372338,-6.227886194068276,5.684341886080802e-14
92,3.671204272042246,4.32749844237307,-6.61246788484911,5.684341886080802e-14
93,3.692932310585036,4.7157541131728635,-6.447832825772707,5.684341886080802e-14
94,3.680577189668327,4.5335531120954045,-6.494678502291393,5.684341886080802e-14
95,3.754211687218458,4.386929299659528,-6.570879353003974,5.684341886080802e-14
96,3.791784672925985,4.698725838316022,-6.931623171611918,5.684341886080802e-14
97,3.857572604949496,4.493098274635543,-6.717439660319016,5.684341886080802e-14
98,4.114843717158237,5.397355967559491,-7.082589086569044,5.684341886080802e-14
99,3.8092824572655104,4.507099390752046,-6.9320409286489735,5.684341886080802e-14
100,3.9993304607679647,4.815433612599463,-6.981945017062657,5.684341886080802e-14
101,4.113690193528896,5.073798223361905,-7.153669299302678,5.684341886080802e-14
102,4.089178259187577,5.010395568053525,-7.215784650756035,5.684341886080802e-14
103,4.1191679880234915,5.144314660401051,-7.389385736602335,5.684341886080802e-14
104,4.050751216053868,4.680261948500089,-7.412286238227068,5.684341886080802e-14
105,4.141061558281081,4.958632865832499,-7.608915685102389,5.684341886080802e-14
106,4.204996193244654,4.9866169500129445,-7.827613764239558,5.684341886080802e-14
107,4.581844708348001,5.946892897035269,-8.09554156806837,5.684341886080802e-14
108,4.446346501240328,5.697558637404342,-8.10523397694385,5.684341886080802e-14
109,4.433695208500126,5.461639320517804,-7.984632615535503,5.684341886080802e-14
110,4.631768769800885,5.829308379514657,-8.34349707135344,5.684341886080802e-14
111,4.758176627529679,5.956973709752873,-8.500055109121575,5.684341886080802e-14
112,4.8858712538412306,6.121511639015466,-8.587539887920542,5.684341886080802e-14
113,4.850890753712804,6.225478118933239,-8.638252282520511,5.684341886080802e-14
114,4.96539192891521,6.346670756306992,-8.822919841728734,5.684341886080802e-14
115,5.087121666364055,6.701057174162486,-9.111093078840895,5.684341886080802e-14
116,5.122746385027028,6.580125914115456,-8.946531378908674,5.684341886080802e-14
117,5.113676251183847,6.455335175068797,-9.133215542850678,5.684341886080802e-14
118,5.1260118570315285,6.425603843065062,-9.108180304115152,5.684341886080802e-14
119,5.2083357042336615,6.600029604793775,-9.155498520836417,5.684341886080802e-14
120,5.270152341681694,6.6887990095176235,-9.246447980460957,5.684341886080802e-14
121,5.357441322016314,6.8917368818386535,-9.465559013904553,5.684341886080802e-14
122,5.5589378630200486,7.580187528738094,-9.821690867611565,5.684341886080802e-14
123,5.384229598636011,6.809284465171146,-9.839916988543138,5.684341886080802e-14
124,5.518912444404521,7.000664894602494,-9.687196631134896,5.684341886080802e-14
125,5.697833240566354,7.412784832593104,-9.868794972347018,5.684341886080802e-14
126,5.544093078969809,7.070390575601294,-9.787616518448289,5.684341886080802e-14
127,5.567725542595326,6.915962617207555,-10.008930032047871,5.684341886080802e-14
128,5.743440787070995,7.604293542781932,-10.24857119231136,5.684341886080802e-14
129,5.948149388620209,7.78318150819473,-10.417920060640995,5.684341886080802e-14
130,5.86884769949404,7.603505148025448,-10.518037806985802,5.684341886080802e-14
131,5.76062012415025,7.28845697014313,-10.504513381645467,5.684341886080802e-14
132,5.980617669824937,7.545391853093321,-10.788581616515344,5.684341886080802e-14
133,6.3159564858584645,8.532115482923302,-11.204020270582802,1.1368683772161603e-13
134,6.245374750031715,8.276359367983986,-11.0199934152172,1.1368683772161603e-13
135,6.317146398699322,8.299839859267593,-11.438559233733443,1.1368683772161603e-13
136,6.334089789424468,8.335114819584703,-11.182308513000052,1.1368683772161603e-13
137,6.43951973519529,8.55879288497772,-11.404621978029638,1.1368683772161603e-13
138,6.431186206126654,8.354516490946622,-11.141151078857078,1.1368683772161603e-13
139,6.453755868226153,8.631958459353115,-11.350025374130212,1.1368683772161603e-13
140,6.524724181876252,8.601604994068879,-11.574306648172183,1.1368683772161603e-13
141,6.617326635915163,8.719681631529795,-11.936855182848234,1.1368683772161603e-13
142,6.54848115665186,8.662372562512815,-11.699115586164538,1.1368683772161603e-13
143,6.632116749701481,8.525706864492264,-11.850133905759861,1.1368683772161603e-13
144,6.827685779536182,9.139646508012532,-12.127795123756016,1.1368683772161603e-13
145,6.913207571727355,9.289320973700399,-12.256586187971578,1.1368683772161603e-13
146,6.952154609751233,9.194565752972778,-12.338480740044446,1.1368683772161603e-13
147,7.042680021352055,9.392546126906808,-12.525881506597344,1.1368683772161603e-13
148,7.1255231353858335,9.371929480091325,-12.62317854397321,1.1368683772161603e-13
149,7.185489985467427,9.85654974841654,-12.859938711195866,1.1368683772161603e-13
