,tas,rlut,rsut,rsdt
0,-0.00010145312762688263,0.08729497926728413,0.2722976723043047,2.0633024178096093e-07
1,-0.034350514063191895,0.2162315284439842,0.0251986940672424,1.2485520528571215e-07
2,-0.0717976176575803,-0.30432776800623174,0.14339183951331336,-7.861098083594698e-08
3,-0.07677047117380198,-0.1777640895794832,0.22350309291766735,4.6542936615878716e-08
4,-0.05309851719459857,-0.30739911878322346,-0.018600464985084386,-3.469094735919498e-07
5,0.01718956859008358,0.3873384334405614,-0.002788048666644727,3.0991679977887543e-07
6,-0.07908417502073917,-0.09587533207292154,-0.030778035575266927,-2.0935442535119364e-07
7,0.09386235713685664,0.12246574685340761,-0.46745492732816274,-1.4618581190006807e-07
8,0.12838413017016137,0.40078399956036037,-0.03381496875340417,3.3907400620591943e-07
9,-0.05103241888940602,-0.0074347560523619904,0.1696859285999892,1.0607720923871966e-08
10,-0.07300934483248511,-0.08688114638877664,-0.19949286023724255,-7.865861562095233e-08
11,-0.01608458706800775,0.035718637386992214,0.31497838524070687,2.6698847932493663e-07
12,0.023751022277224365,-0.09600417452901411,0.01508572055952584,-9.087534635909833e-08
13,0.17344124057660792,0.6075000266539803,0.19244380658290083,6.53809252071369e-07
14,-0.044070521369576454,0.02378518689246789,0.43953250009047906,1.2249267911101924e-07
15,-0.23045379338003613,-0.45350994149799817,0.26704437589954466,-3.46196770806273e-07
16,-0.08014193571221995,-0.2557076365552575,0.06827607093219967,-4.3513205127965193e-07
17,0.0402226163757291,0.04816662449533737,0.0436117203279025,2.278061401739251e-07
18,-0.15435203695500377,-0.23080935731525187,0.12406863051876371,2.4088592454063473e-08
19,-0.10737230381255358,-0.4155187746375475,-0.08826923557927557,-3.505338099785149e-07
20,-0.0808485194665991,-0.201995944055966,-0.3568322761002065,-4.017094852315495e-07
21,0.13986465771853318,0.12813661551473388,-0.31779876218381276,8.91414515535871e-08
22,0.020327329152280527,0.3194517375548003,0.5864234113748239,2.6664196184356115e-07
23,-0.01837126682175949,-0.1534623258253589,0.21680863577552145,1.7515219496999634e-08
24,-0.08784523955478107,-0.0904409833037505,-0.22036944072125664,-4.999834573027329e-07
25,0.11802022981856908,0.09373799467178401,-0.3122848899846531,-1.0956773621728644e-07
26,0.1449681258125679,0.41797504961994036,0.2360735367483926,5.196264964979491e-07
27,-0.002801614848749523,-0.047686594238768976,-0.31030484187682816,-5.768532673755544e-08
28,-0.017201933072669817,-0.19114248641227505,-0.10186535839444844,-1.1815484413091326e-07
29,0.035129281577894744,0.008462557430561901,-0.3494364534295471,-1.787146857168409e-07
30,0.13538622025862423,0.13684560481053154,-0.12180489732442368,-1.54876602209697e-07
31,-0.02485541254372947,0.10576437698807695,0.15696074233866852,-1.1148199519084301e-07
32,-0.07240351169673431,-0.16405509866467582,0.34658869190697317,-7.712037586316001e-08
33,-0.24895988466988683,-0.3095372513750192,-0.08964263358757307,-5.593297487394011e-07
34,-0.09568881321195022,-0.24660121679883673,0.01277681824817023,-2.204085944867984e-07
35,-0.07099063015112961,-0.10522921701686982,0.16355906837495127,-8.047703659030958e-08
36,0.013931694220104873,-0.09277073419667659,-0.295251451860139,-3.774317747229361e-07
37,0.2725626229067757,0.6219815096655452,-0.41343239196385184,1.7203808511112584e-07
38,0.10158736668256552,0.23258760582731952,0.1911083442558663,3.8103968336145044e-07
39,-0.07296300463468697,-0.23145158455801607,0.06769960966181543,-2.099832272506319e-07
40,-0.0025461858652420233,-0.23470228544752558,-0.22347868353119793,-3.460733069005073e-07
41,0.12100549496807389,0.3287749242369671,-0.1427875568254393,1.3658456055054558e-07
42,0.08788624939597867,0.0878970637096188,-0.450605078437178,-9.057026773007237e-08
43,0.022505723116807985,0.2852647574781031,-0.20755300853214464,-9.917147281157668e-08
44,0.013433211414564994,-0.04126784505984915,-0.04086067338211308,6.223513082659338e-08
45,0.14920997997182894,-0.0355810696773915,-0.13336157035398344,1.5092211924638832e-08
46,0.16410489081454216,0.39749860815723537,0.12983445791900294,5.948349439677258e-07
47,0.07007148109209993,0.009748685008986513,-0.02047361851144558,2.483417915755126e-07
48,0.08396184837584997,0.3496057378001183,-0.15898554637040263,1.9389182170925778e-07
49,0.02782183504166369,0.1833500284855063,0.1768943599510493,2.3569975837745005e-07
50,0.00016411976338304157,-0.24130332485540862,0.27537491432396166,2.6067027647513896e-07
51,-0.09093953602837246,-0.3034700618802617,-0.2461509028621549,-2.161561951652402e-07
52,0.04380915119730844,-0.017019321863955383,-0.41249279981660436,-3.2583534448349383e-07
53,-0.019421142916144163,-0.04889281984799254,0.48762125643513343,1.939179128385149e-08
54,0.013891370212377296,-0.19584019892894844,-0.5052138931242496,-5.069138069302426e-07
55,0.0905822011162627,0.15739923947262469,-0.10277868365108134,4.927642294205725e-09
56,0.1280093931935653,0.5942890940772259,-0.2634744034906049,2.4749874683038797e-07
57,0.018076740169249206,-0.21508351727482022,0.016529170888787803,-1.244839609171322e-07
58,0.03410096277445973,-0.08198735080520692,-0.300908478208612,8.475552704112488e-08
59,0.04223928570877433,-0.037339818755924625,0.18446804867559763,2.8955935249541653e-07
60,0.1011732715510334,0.19088827305319,-0.09178560738540398,1.8475572005627328e-07
61,0.0023539633720019992,0.01853031249325454,-0.00025465955516779104,-8.686686214787187e-08
62,-0.06543193932151325,-0.07085715166311957,-0.25785026478790485,-3.4038799867630587e-07
63,0.06230707521234535,0.05990402821691987,-0.303695497900236,-4.024175268568797e-07
64,0.1396443749844707,0.2295200109186908,0.19537311184367923,2.910319381044246e-07
65,0.08730567198006156,0.2695653836871088,0.030217109052344426,3.978993277087284e-07
66,0.11226358463932229,-0.056636905588931086,-0.0871755283921658,2.3976838292583125e-07
67,0.07156182572970238,0.006899346041791432,-0.1547607513177951,1.5845779444134678e-07
68,0.14755718413766772,0.18037043868190494,-0.47246625798996433,2.8940178253833437e-08
69,0.21133943298048052,0.3011477434459948,-0.031079489804625382,5.778324521088507e-07
70,0.18069647078948492,0.2752401078388971,-0.30617749321665144,3.22776486427756e-07
71,0.1595899895871753,0.2819182111196028,-0.14731338409937678,2.249655608466128e-07
72,0.1027379159230577,0.48123256128590697,0.17995264660557098,5.053256586506905e-07
73,-0.01884321982458914,-0.3101602863000892,-0.3445186479018645,9.884013252303703e-08
74,-0.0120766689506695,-0.13510368427554909,-0.14496131841018212,-3.4862028996940353e-07
75,0.1808222596195037,0.22165846224589814,-0.4136330357259794,2.9813992341587436e-07
76,0.24447525046224428,0.30706166360999987,-0.5703542701094051,1.0654878224158892e-07
77,0.2915190189218606,0.30632421347456784,-0.12419398760516742,4.1417183638259303e-07
78,0.20774580539608678,0.8310568372893385,0.44626163745931535,1.0222951800642477e-06
79,-0.13905188490099363,-0.477944658042162,0.1793178527218089,9.095998620978207e-08
80,-0.14199133890519988,-0.6086799133090608,-0.06486922315410482,-4.759321541314421e-07
81,-0.03503823736133427,-0.2275328539646182,-0.2781130467673876,-1.4173326690070098e-07
82,-0.056898757440990266,-0.06320966570203268,-0.02614593179465885,-5.304571004671743e-09
83,0.04937983561995907,0.36932384857465195,0.28726313937139025,2.3539774929304258e-07
84,-0.03656924620764812,-0.1963576170592205,0.29203237898379086,2.0911244291710318e-07
85,-0.06906108635706687,-0.08699205653823583,0.29331491900185824,-5.026123517382075e-08
86,-0.13412998441145874,-0.3933543282827259,0.21973957580821946,-1.751529907778604e-07
87,-0.03669578709741472,-0.16198920433711805,-0.21405377113367763,-7.880856855990714e-08
88,0.03474581935813603,-0.09348421238141214,0.15613714986768912,-1.898332016025961e-07
89,0.10251412151257,0.06881695701576973,-0.6114392696995168,-5.795743618364213e-08
90,0.41605619313759235,0.7131062732267708,-0.34658562663877035,6.169762514218746e-07
91,0.2843066346736691,0.8708243511906915,-0.12409055482368103,9.766150128598383e-07
92,-0.21241168883864248,-0.37345100173178025,0.4203404922676839,-1.4856084362691035e-07
93,-0.23055619276891548,-0.6376234576418653,0.07926379714643872,-6.563658416780527e-07
94,-0.22144587651837355,-0.6090672667109516,0.17018741784994518,-2.7482803943712497e-07
95,-0.10516258666854128,-0.1809992074992408,0.03076539779669929,-1.3574151580542093e-07
96,0.12018621830293341,0.4659352658570697,-0.07007675473582253,2.9818619395882706e-07
97,0.06306834072455558,0.10717709662347374,-0.1696728509199943,5.131784064360545e-08
98,0.07960988582340178,-0.10752466597259058,-0.19075394287851566,-1.3656512010129518e-07
99,0.11214997817654648,0.36567052004375,-0.3552659890253693,-9.388207899974077e-08
100,0.04502955924522212,0.23656984720446417,0.12117551886642275,3.1627308771930984e-07
101,0.006476678351248211,0.13502254564406257,-0.04539430653869658,1.5527291452599457e-07
102,-0.014429397115918619,0.21260104430416504,-0.13572697026187086,-6.944014785403851e-08
103,0.021522251205510656,0.2318745823572783,-0.0995937330237382,1.579921899974579e-07
104,0.058827495336458924,0.1306615310415964,-0.13086387191991378,1.1902920959983021e-07
105,0.04320886665453827,0.06641558548022886,0.17255369394649733,-1.6026427829274326e-07
106,-0.024303247496277436,-0.01934245344486385,0.1987822070210541,-8.914071258914191e-09
107,-0.030848736527843812,-0.07645208253816804,0.11668357578641064,1.3469957593770232e-07
108,-0.11392679179465404,-0.09628141344742858,0.3543532575799304,8.998051725939149e-08
109,-0.0703253824674448,-0.1217744224497892,0.051328921467401756,-1.4645968349213945e-07
110,-0.15712347299495377,-0.23392371766982478,0.04066742134574497,-1.9304923171148403e-07
111,-0.09124230267468647,0.006214641456892878,-0.1539887918368379,-5.089688102088985e-07
112,-0.14608888253764007,-0.3095777334603156,0.05593923535548129,-3.0368227044164087e-07
113,-0.06007176402630421,-0.21420368723437377,-0.0036938951676717124,-9.883035545499297e-08
114,0.050288344156172116,0.1863129451433565,0.23303702722071762,2.483856178514543e-07
115,-0.16340098940906955,-0.3454622413316315,0.4481549543121446,1.2905633184345788e-07
116,-0.1530259634240565,-0.32748044324463876,-0.1119783715793119,-5.33093725607614e-07
117,0.0931949918740429,0.024352162759100793,0.09147806595360919,1.7692445908323862e-07
118,0.06174571265313489,0.23260176286828482,0.1887124111704992,2.6237711381327244e-07
119,0.0246416863523109,-0.0649295287103655,0.13272188751561487,2.885265644181345e-07
120,-0.15650358811086562,-0.30445450065147384,-0.08787815484858186,-1.7201068658323493e-07
121,-0.1436542343791416,-0.47926665380737177,-0.07465855843027214,-4.5449854724211036e-07
122,0.0991646106965618,0.007475821151189166,-0.5800676742494915,-1.0452595233800821e-07
123,0.1900255869790044,0.591391037281852,-0.0711637944604604,3.381792907930503e-07
124,0.04359823917087624,-0.05349083031009627,-0.29987648352492613,1.2399175375321647e-07
125,-0.014966243601804763,-0.18167759137025996,-0.17252179174769822,-4.721414370578714e-10
126,0.08445207909358032,0.15757721784046907,0.026509116055052573,6.781601769034751e-08
127,0.15990026661438606,0.47751185400204577,-0.4897090092167389,-2.2445419745054096e-08
128,0.15394102498703433,0.49713127699700976,0.22911798803158945,5.131175839778734e-07
129,-0.06976968602151601,-0.2903371974619233,-0.1651585924454082,1.4576642115571303e-08
130,0.03726121096326551,-0.035666047189636174,-0.208977084811238,1.8660205114429118e-07
131,0.15682611181597395,0.4659285811136158,0.33408151743783776,5.160998739484057e-07
132,-0.00026717442386825496,-0.12149974343711278,0.003027257371869041,1.6676631275913678e-07
133,0.1509103013308959,0.06968830415058846,-0.2958240439287323,2.7906708055525087e-09
134,0.16371743282280704,0.5625792240180658,-0.0733924502637393,4.7592476448699017e-07
135,0.08332789173982746,-0.03407993511225982,0.034080624978969354,5.635911293211393e-08
136,0.11506454441126834,0.20993136592406358,0.17197281398880193,1.208441062772181e-07
137,-0.03353429881730108,-0.16249395298279978,-0.20253414293007665,-1.6795519286461058e-07
138,-0.020476328782081055,-0.24192206963110152,-0.3683958199132462,-2.695592229429167e-07
139,0.1718726034295628,0.4155858625254041,-0.34658101626071414,1.8435787296766648e-07
140,0.07854759299442549,0.1700631225314453,-0.12469588845149815,-3.409849114177632e-08
141,0.1588114370135827,0.33888961302258735,-0.31699056712608353,-9.076035212274292e-08
142,0.15222251284137656,0.3587899812713431,0.44394136403285245,8.134363724821014e-07
143,-0.16979038318675066,-0.35009224829858,0.2407381223089402,-2.7824739845527802e-08
144,-0.19272408523607965,-0.41783375098447095,-0.21693673808968583,-4.4222974793228786e-07
145,0.07038288826083772,-0.004627810558076817,-0.4446674494629974,-9.18520868253836e-08
146,0.09505086174829103,0.35849533062290106,0.08568821991651987,3.9286942410399206e-07
147,0.027492567908609544,0.043693294886367084,-0.12704161215673082,7.910188060122891e-08
148,-0.006162121858210412,-0.24306710470577286,0.26947029389867794,3.718545826814079e-07
149,0.029161161789943435,0.0024302561009506007,-0.4777912210515325,-1.6407426528530777e-07
150,0.05822558062192229,0.18578280682146442,-0.08017263387543494,1.010515688903979e-07
151,0.07834890840337039,0.17510886501165146,0.34406807076526036,3.36441758008732e-07
152,-0.06343434355619593,0.17334874779487564,0.23225154116927627,1.7121976725320565e-08
153,-0.11470405781545878,-0.31696419814437604,-0.0853274238942845,-3.381596229701245e-07
154,0.04726616895004554,0.38718007518036757,-0.2566247645532229,2.918830546150275e-07
155,-0.001262151090656971,0.33368151494562426,0.0604798433642344,6.925080242581316e-08
156,-0.09809533730447129,-0.12839286012462026,0.01827358777050847,-2.7818640546684037e-07
157,-0.09969371465427912,-0.22494738514822643,0.1217918451375084,-1.599583470124344e-07
158,0.12945811253143802,0.2662686336138904,0.09964135333633806,3.864979589707218e-07
159,-0.10960571654408113,-0.19179319564301522,0.6029278097487776,3.470395881777222e-07
160,-0.2619324501646929,-0.5418473655210505,0.23615745978688096,-1.15270552214497e-07
161,-0.0636159772367364,-0.0460954728006584,-0.24623925921278556,-3.281094791418582e-07
162,0.014229361863215217,0.033803981768244284,0.10764779799062296,1.3232420315034688e-07
163,-0.08786498959892697,-0.19644320545054939,0.30479317727798616,5.560968929785304e-08
164,-0.0926810342061799,-0.3157210203246734,-0.3161514816035549,-6.663261160611e-07
165,0.015467875233525774,0.31254044126833946,0.24806819136225045,1.1578271141843288e-07
166,0.020274780660429315,-0.16030065901864532,0.009770493245682133,6.180601985761314e-08
167,-0.04129442645978543,0.09646378411022738,0.11679011481190571,7.967861392899067e-08
168,-0.06707134205640841,-0.2926577512549784,0.013923853148625653,-3.157611558890494e-07
169,0.035159849182946346,0.06710252753020995,-0.2742965849918022,-2.1586600951195578e-07
170,0.07635269360054053,0.2557433160044411,-0.07807021996636365,3.0510017268170486e-07
171,-0.10168335084455293,0.014308228889888142,0.48689028329104644,1.6070509900600882e-07
172,-0.15549594850057247,-0.23294907413799137,-0.12054743069933238,-4.01340912503656e-07
173,-0.004932891995963473,-0.07483197928792151,-0.0039455457338846145,-2.456065431033494e-07
174,0.06951732779992881,0.24010461564679986,-0.10618122682619457,-7.776179700158536e-09
175,0.04519930301705699,0.3388308471364212,0.29836242379764144,4.538297275757941e-07
176,-0.15673569259087117,-0.18363521472096522,0.1330667891285202,-4.985877808394434e-07
177,-0.15238216273621674,-0.51921046894563,-0.3032655782724447,-3.862013500111061e-07
178,0.08007520850412675,0.03057771094728423,-0.2010489156345443,1.246387455466902e-07
179,0.06848048703795939,0.5751140626668132,0.2086805363186528,6.0474997098936e-07
180,-0.10861781476722854,-0.2141800234439586,-0.1367117887452025,-1.1739678029698553e-07
181,-0.10625458316991399,-0.04634730474478488,-0.04573677450396474,-1.533047111479391e-07
182,-0.09649651560494021,-0.048807180253248816,-0.07695980490757393,-2.3392925641019247e-07
183,-0.029263498405839528,-0.028391843165962882,0.10242778127307872,9.800817224459024e-08
184,0.030288189669647636,-0.01812404046836491,-0.0810620064757046,-4.216417437419295e-08
185,0.05568027895947125,0.2976467914254215,0.40983005267260353,2.3486899181079934e-07
186,-0.046932395145631745,0.01526912268636238,0.11733855211761579,-8.567684517402085e-08
187,-0.06322826981090657,-0.0685026225626757,0.20750239064426523,1.090489831767627e-08
188,-0.1803909859870032,-0.26105183077910965,0.20396082897362078,-2.2494913309856202e-07
189,-0.18047949900937965,-0.26212101329304005,0.2415661290848874,-2.0781783405254828e-07
190,-0.09771678187991029,0.1946586073271419,0.2453106910108005,-3.6605399600375677e-08
191,-0.09666627220900637,-0.3049402962483896,0.48053123596216096,-2.3389856096400763e-07
192,-0.09230409951021556,0.08461357193465346,0.16392371526478655,-1.4086595001572277e-07
193,-0.11080881497201744,-0.10101320038924655,0.10167840227241243,-2.376156658101536e-07
194,-0.18759062788160463,-0.43805962127311204,0.24187576805454114,-2.512362016204861e-07
195,-0.13253531580835443,-0.32626451005353374,-0.28589290320331884,-4.029265028293594e-07
196,-0.07151024301123243,-0.07096013411862145,0.29933076619879273,1.3193289305490907e-07
197,-0.17429019252170974,-0.2701182578699388,-0.026464875781456954,-8.815271712592221e-08
198,-0.07186225779685174,-0.23540333253751555,-0.04907700348607591,-3.267917918492458e-07
199,0.13331231291437007,0.31520267947200864,0.2571642615277767,3.6266169445298146e-07
200,-0.047471737468697484,-0.12310295165852381,0.4014771417548104,3.3628168694121996e-07
201,-0.2591124461029608,-0.6526355408213931,0.013158555149942686,-2.55969780482701e-07
202,-0.12941956107425767,-0.31196972622845465,0.026182451641844295,-2.576257429609541e-07
203,-0.07195688536955913,-0.03264655121435567,-0.1170157182587559,-1.659748249949189e-07
204,-0.010763975409872728,0.17972015934205388,-0.21698175455384217,-2.8547725605676533e-07
205,0.04451208018468833,0.21998834804270473,-0.11078871240823673,6.978979172345134e-08
206,-0.08199063149578478,-0.2081068459554558,0.23034372775060774,-2.9370528409344843e-07
207,-0.018101761699711005,-0.1776155254911771,-0.05753775375818293,-1.859709755080985e-07
208,0.08597505080757628,0.2457957901344514,-0.10247683903325822,-2.393446152382239e-07
209,0.06732762420995186,0.38403019533907923,0.40413270358888553,4.229758587825927e-07
210,-0.2133082426402666,-0.6691237327366366,0.2926560099648725,1.0160192687180825e-09
211,-0.11313800453700651,-0.419035461301803,-0.015466661940777726,-2.806590941872855e-07
212,-0.09092277692951711,-0.13771557596007256,-0.011874954388105152,-3.8147408076838474e-07
213,-0.08558090203433721,0.07215039470150941,0.034762178791055476,-2.994972874148516e-07
214,-0.09116699327216793,-0.05785382302428843,-0.30645198419192354,-4.3352656575734727e-07
215,0.12584634723867794,0.31187298609293634,-0.1185331423542948,2.0942798073519953e-07
216,-0.03860644819627623,0.07187946007672963,0.5282680809046667,3.9895900272313156e-07
217,-0.1773148595236762,-0.32181568692035967,0.153472485654504,-2.709110731302644e-07
218,-0.11176264561242988,-0.4892701258974057,-0.05472494028754227,-1.5047424994918401e-07
219,0.048000135001643685,0.12840767867069758,0.35311753329713724,-7.186145012383349e-10
220,-0.012872270404216124,0.11315587392442694,0.3048127435552317,1.5332233260778594e-07
221,-0.028956944876654234,0.023809228182102515,-0.00681972648139606,5.572474037762731e-09
222,-0.1345140925926671,-0.2231288583560911,0.13286069827505287,-3.266209205321502e-07
223,-0.0649153545974741,-0.2165547676793551,-0.24110663488613682,-1.4355538269228418e-07
224,0.0070677161800745125,-0.015297387518728556,0.1801005459151952,-1.6359365417883964e-08
225,-0.10711303262701222,-0.21611227114033227,0.29615453443206263,-1.4405230785996537e-07
226,-0.0595089751890896,-0.17104925967649365,-0.016404409907806894,-7.866077567086904e-08
227,-0.07636759690478812,-0.2318060830685056,0.15832286762399406,-1.6540298020117916e-08
228,-0.05155982237891976,0.13508377542746075,0.4608321009764751,1.1228399898755015e-07
229,-0.10670984403219563,-0.26099582081607764,0.4042934307531709,6.184956191646052e-08
230,-0.13726667558074723,-0.2733935572614996,0.14723826616442182,-4.409650955494726e-07
231,-0.1432244037579835,-0.2933619225206314,0.1638211771050777,-2.3752812694510794e-07
232,-0.05815101411519663,-0.19760410955774432,-0.20297844022715594,-4.231118850839266e-07
233,0.05909115623978778,0.2773891132465849,-0.06044013398583559,-3.464867859293008e-08
234,0.05316481483333746,0.021717244206598707,-0.04730239433912686,2.696145884328871e-08
235,0.11840077255953929,0.25669154464821986,0.04382384978387677,2.2763862261854229e-07
236,-0.06174148130980939,-0.04679827268034842,0.3932781243128147,1.259278405996156e-07
237,0.0037427391738447113,-0.13325501808708395,-0.011671567910866543,-7.015046321612317e-10
238,0.0319920521553172,0.004638974900615267,0.1983474193793313,2.15791999380599e-07
239,-0.020501196146881284,-0.10859349910100491,0.32701251192865755,5.644551492878236e-08
240,-0.1082743840268563,-0.36771122074750906,0.22333036833856568,-1.406351657351479e-07
241,-0.10901237900151273,-0.3457967882886521,-0.14534646761693182,-4.1578419995857985e-07
242,0.0833943012452778,0.261019026998639,-0.14143882996162915,-2.1540131456276868e-08
243,0.025241099155664415,0.30310452284453504,0.22707799550263985,6.001298515911913e-07
244,-0.180490781799449,-0.2921218673865269,0.18520025502472492,-7.634469056938542e-09
245,-0.27197500565114296,-0.6919141231752519,0.14740118414509595,-3.035013378394069e-07
246,0.019408668426819986,-0.20734342851079646,-0.16769653109781757,-4.483883344619244e-07
247,0.08869098486007942,0.3241895175512184,0.10422599749963979,2.3726272502244683e-07
248,-0.13096849978859382,-0.267644641704436,0.6412389036146493,-8.80169750416826e-08
249,-0.14865716361333625,-0.33397303728190764,0.48536690680866457,-1.784763981049764e-08
250,-0.1336018297219539,-0.49986980543837944,0.24822672018346736,-3.474220306998177e-07
251,-0.03990963649096102,-0.08832233750948149,-0.03646350593929526,-1.8327375528315315e-07
252,0.005898661299227115,-0.015979426471659508,0.08287949296601482,1.0399043048892054e-07
253,-0.0755875074679011,-0.04196366765449966,0.012541717631123106,-4.042975092488632e-07
254,-0.0731064156224761,0.10626153617849354,0.2919330421763391,-6.247830697247991e-08
255,-0.12201998975876904,-0.3321019075366678,0.055027137035423834,-2.805862777677248e-07
256,-0.04605253374802487,-0.18714989985795683,0.04711371123610775,-2.682345439097844e-07
257,0.02271199724896178,-0.10034968038536363,-0.01791600121958936,6.128914264991181e-09
258,0.08467401858627,0.14693028419904408,-0.15504005236394391,1.2974521723663202e-07
259,0.1039527639874791,0.33129268986004945,-0.030326152113261173,3.1520647780780564e-07
260,-0.005627645224024036,-0.05201374843045414,0.17118159038876968,2.0320362636994105e-07
261,-0.07956500514001164,-0.33433558782169825,-0.1281567722884347,-4.09377037158265e-07
262,0.059986877140090655,0.17291859811143695,-0.215680926392551,-1.7838499388744822e-07
263,-0.06550770152949781,-0.01821094402978929,0.0189593905329275,6.546355280079297e-08
264,0.0419065866574897,0.33402358239783325,-0.07879906803179892,2.0818902157770935e-08
265,0.15192806472964548,0.397885274971145,-0.05172142179431205,2.0758625396410935e-07
266,-0.11396536572465266,-0.1700561945410186,0.15979433661649978,-9.571471082381322e-08
267,0.05521617877627705,0.0068042168478825715,-0.4054673207012627,-1.4996658137533814e-07
268,-0.04693724384969755,0.01735273720626651,0.6348082321522952,1.0772066616482334e-07
269,-0.14542703713385663,-0.3662645659648831,-0.07147098386312223,-4.372075750325166e-07
270,-0.09293363863912418,-0.10998766739811572,0.06279302411607546,-5.646444378726301e-08
271,0.09200146626341166,0.06070593075628494,-0.113940996865324,8.092939651760389e-08
272,0.021778800011986732,0.2227701494390999,0.2141409298607897,1.6662727375660324e-07
273,-0.021860735751374705,-0.05726039524171256,-0.10568905735392775,-2.9562204417743487e-07
274,-0.05933628950174352,-0.27654407245282187,0.00699211755048168,-1.5901696315268055e-07
275,0.043850095715868065,-0.14051522812300732,-0.009909211413656749,8.422455266554607e-08
276,0.0143269762924092,-0.01088133433873395,-0.016267985957938436,-6.19104980614793e-08
277,-0.006720195230911941,-0.030911539745886785,-0.031097572042014576,-9.060374850378139e-08
278,-0.022053204954318062,-0.13841159451860108,-0.031926317027398454,7.60150555834116e-08
279,0.02803375408308284,-0.07014310250053768,-0.21702084973988178,-3.6103813272347907e-07
280,0.22968537506693565,0.4646871878305774,-0.1513050063432928,1.2617579159268644e-07
281,0.057105530142223415,0.19541676675109443,0.11146698454061266,6.78975311529939e-08
282,0.004807892911173894,-0.04401535500016962,-0.2710755725290852,-2.2294011614576448e-07
283,0.04165347584336132,-0.14577098280807377,-0.09122290681085587,4.2765066154970555e-08
284,0.15136117412481553,0.3183782534789259,-0.12458712266752059,3.1250817755790194e-07
285,0.19609644460467734,0.341142789785124,0.012464048609899692,3.929029048777011e-07
286,0.07169690076710822,0.15929689951036607,-0.05642695540991838,5.744266218243865e-08
287,-0.04876400766443112,-0.13461368431180176,-0.00761780497548159,-2.8970930543437134e-08
288,-0.07706872856664404,-0.059242130752494404,0.03607087414518162,-1.8570796100902953e-07
289,-0.05673550657394344,-0.050463596751313844,0.15243572131011263,-1.3018410527365631e-07
290,0.036003591243570554,0.03637246296455032,0.3484636604781173,3.2435417551823775e-07
291,-0.0016073908477096666,-0.2084556547331715,-0.09408826874877718,-1.5644502582290443e-08
292,-0.08763880692379189,-0.16319554812420733,-0.2877604712289923,-2.1451211296152906e-07
293,-0.009955039800047416,0.23463731943454036,0.3155129477037093,2.830045104929013e-07
294,-0.1015551457568904,-0.105076009174212,0.0011574898664292732,-2.058535528703942e-07
295,-0.0833413978397175,-0.44437988761126235,-0.2718474254433403,-3.164714144077152e-07
296,0.03605144387660175,-0.16358654153665952,-0.1424722218975205,-9.12683049136831e-08
297,0.22460822134075897,0.48596162687164224,0.07832800562790965,7.108002364475396e-07
298,0.09461851404745403,0.4118607894978368,0.38421277651137586,4.874199248661171e-07
299,-0.1944888091615553,-0.3210235093366407,0.06831894063789434,-3.010097771039e-07
300,-0.09212521344380775,-0.3012423965877815,-0.27106664428438876,-2.9517156008296297e-07
301,-0.12082726531582466,-0.26072835675256556,0.13238027650022843,1.7166354382425197e-07
302,-0.01663972897114263,-0.044576426923725876,-0.3593144225189633,-1.857835627561144e-07
303,0.07127858335115889,0.13282818555850895,0.04046730898276962,2.394726834609173e-07
304,0.04406654098374929,0.4682366844277226,0.5877131996061138,3.580718725970655e-07
305,-0.10873237595524188,-0.22711843088887917,-0.17600593715106072,-8.511807436661911e-08
306,-0.13046640100367313,-0.5033160331363433,-0.38300514930352847,-2.846433062586584e-07
307,0.06040916588415257,-0.17292957928987107,-0.27197115519932424,-1.5212788184726378e-07
308,0.20846930133507158,0.5480885929022179,-0.07411904197894614,2.2965542711972375e-07
309,0.0848403993754232,0.23156338522616693,-0.019245272030346428,2.2481737005364266e-07
310,0.004697791499211235,-0.021930950844762265,0.02782759359493525,1.1751160400308436e-07
311,-0.0030493182834447907,-0.07276311337605534,-0.24690608531474822,-3.909690349246375e-09
312,0.09220263436293408,0.5190804682872567,0.21954432930245105,4.335008725320222e-07
313,-0.10712399554398644,-0.2281305216373255,0.2950415514339113,9.646157650422538e-09
314,-0.13726374565817423,-0.3738836130588936,0.2901277599348475,3.4750826216622954e-08
315,-0.054252582798085314,-0.1762814370213448,0.018443049240673304,-1.4487500266113784e-07
316,0.021281239218978953,0.052411044753995384,0.23445806115938694,6.717039013892645e-08
317,0.01777485114200772,-0.05629217203866688,-0.10837409791174935,4.236443373883958e-08
318,0.04435775857484714,0.04901287873468618,-0.2827299372239338,-1.592199510014325e-07
319,0.14256711838646652,0.3686992187581666,-0.1857042409569658,-2.2359495233104099e-07
320,0.12423398815428754,0.5404405993585328,0.3862892487151157,5.044884687777085e-07
321,-0.12063578554051446,-0.39872609386870295,0.15832550759864716,-1.6458000118291238e-07
322,-0.05819097157871056,-0.35986393757886503,-0.22862073397025995,-5.530412181542488e-07
323,-0.1223832017009272,-0.06350479449648105,-0.022712726214706436,-3.0883740009812755e-07
324,0.04061772046043188,-0.013669616810375373,-0.054759382579348426,-3.551116378730512e-07
325,0.0694142471548389,0.23351528354641005,-0.05724083976407712,-7.769011745040189e-08
326,0.1295971141987593,0.3062041194858125,-0.04343395510268522,4.093805614502344e-07
327,0.1501393192485807,0.4243488362419896,0.3044412757669477,4.351795155344007e-07
328,-0.017700427082900205,0.002296851210701334,-0.16139143992380411,-2.4693065370229306e-07
329,-0.06337991970082157,-0.24781168317235824,-0.0147467313670262,1.9643948689918034e-08
330,-0.15499732192182591,-0.2607928752451869,-0.19154671136092816,-4.964111894878442e-07
331,-0.0897213684618805,-0.2888153135242817,0.03282028074279708,-1.5360944871645188e-07
332,-0.0337316111946393,-0.1063880981321006,-0.017140844370658215,1.2082921330147656e-08
333,-0.08862893532358385,-0.13642388456798926,-0.2348287437015557,-3.524318117342773e-07
334,0.18861086074383593,0.308076020695637,-0.5095639697545238,1.5712492995589855e-07
335,0.20122992348689195,0.6800774233201707,0.23482762138620217,4.200665557618777e-07
336,-0.05606664392797711,-0.07023823895977443,0.11187194613772533,-1.680041918916686e-07
337,-0.11289959317588227,-0.3343328630475071,-0.28275374344092086,-1.4900399492034921e-07
338,0.06536950630783167,0.0756905762755764,-0.031305922234452055,-4.539799647318432e-08
339,0.07500815370451619,0.3162656161948405,0.33069743139836305,4.334706886766071e-07
340,-0.02729486064276898,0.0016436232390617533,-0.045410543112495816,-1.017418185256247e-07
341,-0.016540063476213618,-0.037864722666625994,-0.15815431173638217,-2.7733233309845673e-07
342,-0.01694114159607807,-0.09617767749574568,0.22742454408297874,-1.2735637255900656e-07
343,0.045231984613053555,0.1374461073811517,-0.04024227129755786,5.969883432044298e-08
344,-0.016385938824214463,-0.13929676690884207,0.25534411165777726,3.410357294342248e-07
345,-0.05990575246994467,-0.04260489632557096,-0.0389065679585201,-1.5494089211642859e-07
346,-0.056541131358699204,-0.09290755171284104,0.11600000909848518,2.353629042772809e-07
347,-0.1102020101020571,-0.1263956915863389,0.5426328804394416,5.5102873375290073e-08
348,-0.22737035490320068,-0.4147575127979053,0.13929312832698315,-5.118193371345114e-07
349,-0.08837582737578487,-0.29167753386613526,-0.33656840116258024,-6.254457503018784e-07
350,0.09467402754904697,0.41910027937282734,-0.06590301197783788,-1.7510842553747352e-07
351,0.05585679011261391,0.08123694460891784,0.031229242822675474,1.999641199290636e-07
352,0.07087706531655158,0.03812973431769251,-0.2998488077548984,-2.9380316846072674e-08
353,0.06162757509696348,0.07906156588873614,-0.2780228718130928,-1.2956911632500123e-07
354,0.1514964499554594,0.1563251225301201,0.0583329180005876,2.1296858676578267e-07
355,0.06438748419435569,0.2378129290184745,-0.12577115478072187,5.05854700350028e-08
356,0.08570445506012447,0.3190718409551039,0.31958683018535794,1.6701955019016168e-07
357,-0.050682655760965645,-0.36284340859620556,0.07903008305163439,-3.101052925558179e-08
358,-0.03412522604463675,-0.14199652784893146,0.1017162124335016,8.384728289456689e-08
359,-0.0598743769386374,-0.08434470893499224,0.16677669911783255,-6.220233217391069e-08
360,-0.08010925209947573,-0.14185467473927815,-0.10312757937155936,-2.4616412019895506e-07
361,-0.06995037202426602,-0.029683517100238532,-0.04136850367314082,-3.2909042602113914e-08
362,-0.05625274493360166,-0.04053913111044949,-0.3125835079759156,-1.3150219047020073e-07
363,0.12203336359630157,0.35022651195950516,-0.2743386081973824,1.1468659977253992e-07
364,-0.015543344910668111,0.08488728978014137,-0.1344281743074447,6.545047881445498e-08
365,-0.14091944448523464,-0.3256933036187206,0.046540128108432555,-3.448856205068296e-07
366,0.03868169648052344,0.041794326497239354,-0.33738976125461306,-3.427093133723247e-07
367,0.07761810344044306,0.17829553309206858,0.11451121083582905,2.428515131214226e-07
368,0.1466558555487154,0.2863436342018417,-0.2610371886706844,-1.0776290082503692e-07
369,0.04327647903664911,-0.04314042861733469,0.17360379235066148,1.9297317521704827e-08
370,0.09001707232653189,0.20411266567268171,-0.21999678001694178,-1.70726707438007e-07
371,-0.05468699897841134,-0.13388624600560206,0.2537900407055247,1.99482883544988e-08
372,0.13155911361269546,0.11433481521109456,-0.43562912044905033,3.290182348791859e-08
373,0.20380149634979716,0.4296329589272432,0.046661012466643115,4.237469966028584e-07
374,0.053464910113802944,0.12587634877436926,0.13387796545093522,3.7628689142366056e-07
375,0.0598790823983677,0.03400668389511452,0.19088100114490203,1.6224851151491748e-07
376,-0.06281247595569539,-0.13342356810585443,-0.08757721825747922,-3.784505224757595e-07
377,0.08819781338212351,0.13380206997786104,0.13313981992098434,2.4485558469677926e-07
378,0.044076446553333426,0.09452547236756459,-0.03844395439362813,7.169643367888057e-08
379,0.04749247913321142,0.11341587641931028,-0.6031315141613902,-5.568722372117918e-08
380,0.17496820080191355,0.4455262829994808,0.19968918309062644,4.011805003756308e-07
381,0.10080712192404917,-0.06589859494403072,0.0726117716877468,8.400252227147575e-08
382,0.14303150992509472,0.346692039203532,-0.4949431045369437,-1.5981339629433933e-07
383,0.2401165376307972,0.5396220540127104,-0.28767827298216275,4.4659367404165096e-07
384,0.049989764275437665,-0.05451331631013545,-0.13644940543159123,2.7381759082345525e-08
385,-0.0021097048074238955,0.13388473571339432,-0.2899373972008732,-3.4041079288726905e-07
386,0.09999106384822198,-0.0040875830604818475,0.04270421153651682,3.749166808120208e-07
387,0.09515568536244245,0.14314833728985832,-0.14633343333160553,-7.339605190281873e-08
388,0.08744908349979141,0.06607725365967099,-0.2153752462306926,-1.4021225069882348e-08
389,0.03881887066648915,0.395874774288842,-0.14705379891694292,7.223559350677533e-08
390,0.08611867414089147,0.20252438362959424,-0.18541832876223907,-1.1813017408712767e-07
391,0.14047112299493847,0.14744306757486925,-0.2582555368257857,6.486396841864916e-08
392,0.1324193720163862,0.3301705581512522,0.02295818131162264,-9.950878165909671e-08
393,0.13241418865726473,0.276429813141732,-0.11749856397757696,2.469598712195875e-07
394,-0.038042641383867704,-0.12532209046597131,0.050796442202809544,3.4948584470839705e-08
395,-0.08713801967303425,-0.3387513482566362,-0.07495604164844849,-7.114527988960617e-08
396,-0.0013555081258687096,0.007248384212516612,-0.028563553391308005,-8.459966238660854e-08
397,0.0021665645439838954,-0.13046378907617395,-0.2423118505643771,-4.852189476878266e-07
398,0.25405793827326306,0.5642522748858596,0.030318743930763503,3.4664645909288083e-07
399,0.08475477460609682,0.38405308494651536,0.3453080713638883,4.902257728645054e-07
400,-0.1457080893752618,-0.3823109469229564,0.20440956452002013,3.16306909553532e-08
401,-0.0832961950757749,-0.061436499969715896,-0.06965925763743996,-1.98011889551708e-07
402,-0.04851835998590559,0.06105284921071075,0.1850269448202937,-6.187667622725712e-08
403,-0.1711656574909739,-0.40640635822504123,0.34284279299370723,-3.7929964946670225e-08
404,-0.21268188887177075,-0.5621300631340489,0.31528875168176285,-5.21366246175603e-07
405,-0.11650976894742371,-0.13576038513733124,0.12455117758283052,-4.661848151954473e-08
406,-0.027085070180362436,0.20648897922146148,0.14331269295057325,2.0154061530774925e-08
407,-0.15827013137493395,-0.2530838980942747,0.7151839400278135,3.705374069795653e-07
408,-0.12416273312612702,-0.2637537709088633,-0.2682250656888385,-3.9911481053422904e-07
409,-0.10711434511540574,-0.272411522962301,-0.061398137584305346,-2.322088903383701e-07
410,0.0818647397403538,0.2163904853113081,-0.14091199673448784,8.881983148967265e-08
411,-0.061450051239603454,-0.037303758531578524,0.21597849173279826,3.2180889775190735e-07
412,-0.17394306024050366,-0.5556622173442918,-0.156755653909201,-1.792137709344388e-07
413,0.14433775096944146,0.2314513266924223,-0.2429495377772355,1.398976223754289e-07
414,0.0408174483011976,-0.08630916809519817,0.033088612180662835,1.1333077054587193e-07
415,0.1056056664081666,0.22998633070668006,-0.13982613888073558,6.318754230960621e-08
416,0.14095790897448524,0.37944236281788335,0.05752308814660978,4.851126504945569e-07
417,0.07653454921734237,0.09862130339831765,-0.007921293847147126,4.281722567611723e-07
418,0.006876302804869283,-0.03927744812756373,-0.1271040649683215,1.554461732666823e-07
419,0.11498797234480662,0.03766458650102322,0.0481697978253095,3.501011747175653e-07
420,-0.006648980807028693,-0.14917935410255723,0.1506311366786406,1.0177899412155966e-07
421,0.15214642192688643,0.25344273958856434,-0.2590607911131002,3.657760885289463e-07
422,0.05752262190929969,-0.051995074560409194,-0.15946468067122055,-6.41517772237421e-09
423,0.030593640488461915,0.02978583163016424,-0.20331298672148534,-1.1468722505014739e-07
424,-0.038560698159244566,0.09952544665679852,-0.07952765679654306,-7.28891791368369e-09
425,0.002978928197251207,0.03313905518922411,-0.12082446488561516,1.7796423890104052e-08
426,-0.11629263194203077,-0.41232721901877767,-0.14556733499672703,-4.71067949092685e-07
427,0.0806520855638837,0.17727164497543413,0.06491714761615697,1.518699832558923e-07
428,0.05786305834533323,0.2887176885867291,0.1654545389473583,3.852951522276271e-07
429,-0.06003822246674417,-0.09150676423266191,0.23925596938616422,3.2259833915304625e-08
430,-0.13908485077683963,-0.5162149517465195,0.029625278820404333,-4.6149693844199646e-08
431,0.0455784283475964,-0.010979531175877355,-0.314168775366781,-3.5884471571989707e-07
432,0.07388440583196143,0.6113556747822884,-0.059177016425920215,4.04174272716773e-07
433,-0.08216425118780535,-0.09524995410001225,0.5234581718066238,3.092492306677741e-07
434,-0.19829146085959337,-0.28961783624487225,0.03051732218402492,-2.177797568947426e-07
435,-0.14875898168844515,-0.25750609642440736,0.2379406360380898,-1.5883591686360887e-07
436,-0.16612928639563052,-0.30398684942866794,0.4291119166734063,2.7404894353821874e-08
437,-0.07345277932120098,-0.176023657144043,-0.11321454010074206,-3.564583721527015e-07
438,-0.0034548872399682296,0.21997118589479214,9.99663752025981e-05,1.0826198604263482e-07
439,0.1132315020004171,0.1366197103468494,-0.01857972452729939,2.924469413301267e-07
440,0.05422899485495236,0.0018656232019225172,0.020901726225289963,1.4785797475269646e-07
441,0.0529729466688309,0.028800275043607826,0.138640937732049,2.244977963528072e-07
442,-0.025768807220515555,-0.17758999282185073,0.056466112229415444,-7.112129196684691e-08
443,-0.08738548126524393,-0.061243236915146326,0.7072607275680411,3.856393391288293e-07
444,-0.18934865064568385,-0.3993505496898422,0.07429299656539001,-2.42997145960544e-07
445,-0.07736404192672808,-0.25629222445579103,0.02241849759161596,-1.526071855550981e-07
446,-0.05198979155699135,-0.1428962769007569,0.2161361703060436,-7.496385023841867e-08
447,-0.06893113005111218,-0.26543058879269665,-0.3782338370050127,-3.470273668426671e-07
448,0.07711133491852706,0.2653499689767784,-0.25757869143602363,8.300162335217465e-09
449,0.0645595587291723,0.3096140029386447,-0.26200543507475516,-7.099049526004819e-08
450,0.03411067072880769,0.13779679309286053,0.08553364626162363,-1.225256482939585e-07
451,0.04493774194980915,0.06621247916589823,-0.31622617440000056,-1.7951902009372134e-07
452,-0.11007918096078129,-0.039950493770135154,0.17815369561344596,-2.9613636343128746e-07
453,-0.17399061605777888,-0.3893012330541694,-0.06698758619234013,-3.6844437545369146e-07
454,-0.09589002059192353,-0.21120760877218459,-0.10893540254637912,-1.9935430373152485e-07
455,0.004478773050777818,0.029905566681463824,-0.11903495068432335,-1.9771783854594105e-07
456,-0.054911480842008586,-0.09090144184153814,0.036825145037084894,-1.336351829195337e-07
457,0.02233724138375237,-0.06533501216998161,-0.04746734654605689,-1.670074993853632e-07
458,0.07597479882201696,-0.0390299710901445,-0.13976461119794692,-1.307428192376392e-07
459,0.12501642321484496,0.40938681708422564,0.27380170074536636,4.989778972230852e-07
460,-0.11564229359873934,-0.324961169768045,0.08254473588471001,7.952303349156864e-08
461,-0.014769929066687837,0.01705811906660415,-0.1922297029061184,-2.7378132472222205e-07
462,0.12600853433713155,0.3212041551045388,-0.0018585395506818259,2.2421789935833658e-07
463,0.03433812295475036,-0.05824109325584459,0.16492978426977345,1.9295504216643167e-07
464,-0.11272441019877988,-0.12188269056753143,-0.11014300900798446,-9.974417025659932e-08
465,-0.03678416270042817,-0.2788258145487248,-0.20735094751114502,-3.563733343980857e-07
466,0.022633260727673132,0.28637078682626793,0.4996543043862971,5.757183885179984e-07
467,-0.10178972704466105,-0.20604449413895054,-0.13085793770311227,-9.402356226928532e-09
468,-0.04249468613483032,-0.017349282755645845,0.05065123535750615,-7.399131618512911e-08
469,-0.045110786915643075,-0.08769348415637523,0.2634478513148508,-2.7249745926383184e-07
470,-0.016732365161942653,-0.08212518565630944,-0.05462083601953793,-2.599181812001916e-07
471,0.05454380668925296,0.10803103295600636,0.1443987530011981,-2.0756942831212655e-08
472,0.014844958095466154,0.14038858489269046,0.38206544383207586,8.672373041918036e-08
473,-0.043139736882153557,-0.22335160679361366,-0.35124819203137747,-3.275266635682783e-07
474,-0.1171971698651646,-0.47617668016945913,-0.46630094483420237,-6.183116738611716e-07
475,-0.04566510183678929,-0.07933900920377823,0.05314951965205239,-3.0729552236152813e-09
476,0.07097517725912894,-0.05032325034270002,-0.3148156840659624,1.322007392445812e-08
477,0.08790701184381078,0.3401111596236035,-0.03785085786536513,1.0853847243197379e-07
478,-0.027588812397539186,0.021652139843183704,0.06431306335416309,7.227197329484625e-08
479,-0.0035805275823577176,-0.09547352944707654,-0.09673988615809037,-2.090596353809815e-07
480,0.03976985260823085,0.07158890251722028,0.2785952470235742,6.266056971071521e-07
481,-0.001651466364251064,-0.051482640470879915,-0.1452236069284112,-2.3445068109140266e-08
482,-0.038162026102440905,-0.10797019452616041,-0.0023437631009102233,1.3189594483264955e-07
483,0.08993723948555044,0.22758706427214292,-0.341053299043935,-1.7700870102999033e-07
484,0.14698242238904413,0.3922906546569891,0.09233128534570767,5.488087708727107e-07
485,0.07840327109795453,0.008661244561722015,-0.3370058653412684,2.0790633925571456e-07
486,0.06965484351940177,0.29094385393784705,0.0008886118775137675,2.679842054931214e-07
487,0.03857667815583454,0.055361959036503094,-0.10302521721736468,-2.3141052452047006e-07
488,0.005809366078551648,-0.13418804813412066,-0.006550412346328471,-5.986106543787173e-08
489,0.014209912470505515,0.039761116708035615,-0.1770515591878734,3.342734089528676e-09
490,0.13441167549967759,0.06313665460515949,-0.16243664799635837,1.375649958390568e-07
491,0.15857032901982393,0.43947973762885795,0.024759123739357847,3.2081163681141334e-07
492,0.05499386095760883,0.0999491088252853,0.13488624958537798,3.738161353794567e-07
493,0.009416808940557075,-0.04539303574708242,0.03117220084654093,2.470085860295512e-07
494,0.1810440987170523,0.4726834926092067,-0.1845359055589455,3.3366393381584203e-07
495,0.16969993351932544,0.35051318625588124,0.11730899920657123,3.9071591118045035e-07
496,-0.010090936326776045,-0.09658878542705907,-0.08890170408872677,4.26963993049867e-08
497,0.0013414750711717716,-0.07721213075620881,-0.2594176666447794,1.2954615158378147e-10
498,0.053182909884753826,0.1399995692571565,-0.0876725598856467,-7.755107844786835e-08
499,-0.02205243812380786,-0.0032216375926452656,-0.07420358539420135,1.831261897677905e-08
