,tas,rlut,rsut,rsdt
0,0.1987729834082188,0.257809180605733,-0.48837525495812883,-5.845265604875749e-08
1,0.12750586994673085,0.16476023721568822,0.21924020594407523,4.686739885073621e-10
2,-0.02578141271402501,-0.12174517391002837,0.24955409257059102,4.672529030358419e-10
3,0.09113205776930045,-0.029102369815717566,-0.1248013940162025,4.658886609831825e-10
4,0.085180631015362,0.32427560045840664,0.08424222501102463,4.644675755116623e-10
5,0.1065120721987114,0.31073835606622424,0.4387991210491009,4.630464900401421e-10
6,0.0030047539510178467,0.06344083254225552,0.0021815852273903147,4.616254045686219e-10
7,-0.20924464626068584,-0.17035514372409466,0.21091353989318407,4.602043190971017e-10
8,-0.07473960207892105,-0.1663523324059497,0.17094821319234654,4.587832336255815e-10
9,-0.08170054778327085,-0.19119846114799088,0.3645748186860942,4.574189915729221e-10
10,-0.07046429192718051,-0.009865167274540454,0.11395252467835348,4.559979061014019e-10
11,-0.08478952072471202,-0.03877793792310058,-0.09247525514328458,4.545768206298817e-10
12,-0.09164043026112267,-0.2973900644645937,0.04724436674619881,4.531557351583615e-10
13,-0.08178248305614488,-0.12748043844877088,0.13218743855082948,4.517346496868413e-10
14,-0.13982129770812435,-0.14978934694212853,0.1257970267420916,4.503135642153211e-10
15,-0.10366494889740352,-0.2757661838387264,0.08558145749178436,4.489493221626617e-10
16,-0.0873804146593784,-0.2627745258685934,0.1844267803935793,4.475282366911415e-10
17,-0.04401821504035297,-0.1878663766256068,0.121654959948998,4.461071512196213e-10
18,0.00420970516182706,-0.08006004138800904,-0.4582986323904521,4.446860657481011e-10
19,0.11823117000790262,0.2080241754523513,-0.07857790234027107,4.432649802765809e-10
20,0.021322841965115913,-0.018499382383708962,0.3080829641638019,4.418438948050607e-10
21,-0.0925244903223188,-0.21923263448010744,0.21651187426114404,4.404796527524013e-10
22,0.07166513709069022,-0.038548469286496356,-0.5786792845167668,4.390585672808811e-10
23,0.044306177455837314,0.11781746599473308,-0.24566740537154885,4.376374818093609e-10
24,0.04221524106043262,0.15653076947148747,-0.8059213531513052,4.362163963378407e-10
25,0.07229788522681702,0.17747348800799045,0.4912048378599252,4.347953108663205e-10
26,-0.09486140746736282,-0.3107355791097177,0.652106636282241,4.334310688136611e-10
27,-0.12140238024608152,-0.3532360923578608,0.4035308449793007,4.320099833421409e-10
28,-0.03888354196072896,-0.03573834042467183,-0.019732939883866152,4.305888978706207e-10
29,-0.0685811487966248,0.014812353802142297,-0.20984067738349665,4.291678123991005e-10
30,0.022213814281030864,-0.015235129350827492,0.2854410374706333,4.277467269275803e-10
31,-0.09834036225350928,-0.11807514090477866,0.43305472928609845,4.263256414560601e-10
32,-0.04877759502539902,-0.2306910507871862,-0.525442191322,4.249613994034007e-10
33,0.10197035619438566,0.15994653414603022,-0.2506258782741213,4.235403139318805e-10
34,0.0521778585238053,0.010899934953414459,-0.15845011353853522,4.221192284603603e-10
35,0.06021433636584561,0.25381966123740085,0.19790639697743018,4.206981429888401e-10
36,-0.07523603878098584,-0.20473739867020413,0.06076121425461167,4.192770575173199e-10
37,-0.048758862254771884,-0.3009013286434765,0.0716439618542779,4.178559720457997e-10
38,-0.05726045715852024,0.05177639482232621,0.3486951587545235,4.164917299931403e-10
39,-0.16084203469171143,-0.2458337507024737,-0.015148526802562401,4.150706445216201e-10
40,-0.15111604487549357,-0.30612457388892267,-0.18097338294339238,4.136495590500999e-10
41,0.04749336904728807,0.11379716292967146,-0.3889237573803541,4.122284735785797e-10
42,-0.0818527708001966,-3.588695136613751e-05,0.02661300229682695,4.108073881070595e-10
43,-0.110359170807385,-0.024071303029245428,0.4138361452269663,4.093863026355393e-10
44,-0.181317887146065,-0.2680823069704843,0.0720262742683957,4.0802206058287993e-10
45,-0.018506980825861774,-0.19855137755132546,-0.2944724589603993,4.0660097511135973e-10
46,0.06584399609062075,0.15961455779731182,-0.09856619580551751,4.0517988963983953e-10
47,-0.038586383998335805,-0.06550364243071272,-0.1815910992096974,4.0375880416831933e-10
48,0.09092328354705614,-0.00682090098806043,-0.044754608878420754,4.0233771869679913e-10
49,-0.07703546096632863,-0.15176743010403015,0.0917995514601131,4.0097347664413974e-10
50,-0.022781197170445466,-0.005348670717410187,-0.03676480948848848,3.9955239117261954e-10
51,0.04379838653255774,0.1292637908231029,-0.26165399046426785,3.9813130570109934e-10
52,0.0023617439150029895,0.12438065429330436,-0.17654246831249054,3.9671022022957914e-10
53,0.0004058572947656103,0.08694347999781371,0.31108802349612574,3.9528913475805894e-10
54,-0.04127280164561853,-0.13529198628432937,0.16942062478561581,3.9386804928653874e-10
55,0.02383447622202084,-0.07956675122579782,0.47024353551590536,3.9250380723387934e-10
56,-0.17780549105975751,-0.463102854359704,0.8467253378416899,3.9108272176235914e-10
57,-0.1679702915806729,-0.28686768339363766,0.029783828945596724,3.8966163629083894e-10
58,-0.03844167984482283,0.15573755087649488,0.6400564509575446,3.8824055081931874e-10
59,-0.3229959952674335,-0.4348301867396742,0.6396604561692953,3.8681946534779854e-10
60,-0.23212295589274845,-0.45296321370744863,-0.0968253593140247,3.8539837987627834e-10
61,-0.05390223013779405,-0.14880789087104063,-0.001093187710608845,3.8403413782361895e-10
62,-0.04172285505768514,-0.3110068663605432,-0.3451876073866913,3.8261305235209875e-10
63,0.04674765232351774,-0.07002952759600589,-0.2904648682318651,3.8119196688057855e-10
64,0.14456945853720526,0.4779694921084001,-0.17170686318029027,3.7977088140905835e-10
65,0.1293039506427931,0.24416336814934425,-0.09264373592405661,3.7834979593753815e-10
66,-0.03634868470578567,-0.08419730473190157,0.17947747407451686,3.7692871046601795e-10
67,-0.057220833809651594,-0.0037998455930789987,0.08748525799711615,3.7556446841335855e-10
68,-0.043942606144867113,0.05680558851710771,-0.026510813888023677,3.7414338294183835e-10
69,-0.12785411659427837,-0.26683405079404565,-0.22842370437503234,3.7272229747031815e-10
70,-0.037587773595760154,0.16886326964410614,0.22000741057071593,3.7130121199879795e-10
71,-0.1622580801898721,-0.19207559774920924,0.7841311018482031,3.6988012652727775e-10
72,-0.035896074752940876,0.2025122485744646,0.04035200489697388,3.6851588447461836e-10
73,-0.07340968171234863,-0.16306245715728096,0.2619049601781569,3.6709479900309816e-10
74,-0.05850220613797319,0.03836955876442971,-0.11610207059781885,3.6567371353157796e-10
75,-0.10528177611553247,-0.26183102860082386,-0.06679980553215614,3.6425262806005776e-10
76,-0.016511730874242403,0.031582883604414747,-0.1808562792212598,3.6283154258853756e-10
77,-0.0031542451926611648,0.010941463727988321,0.3072408270363809,3.6141045711701736e-10
78,0.05954300112284727,-0.05294823289722217,-0.0038271824650735198,3.6004621506435797e-10
79,0.025620232645451324,-0.13183879500348894,0.08278374318250314,3.5862512959283777e-10
80,-0.0681666379795729,-0.03612435346599341,0.04184877745684901,3.5720404412131757e-10
81,-0.11414461422037903,-0.20988104683783604,0.1502348498376591,3.5578295864979737e-10
82,0.01051130472552586,-0.027783745870522125,-0.13743038924310724,3.5436187317827716e-10
83,-0.055612968495381665,0.06848583020070009,0.40606335586716114,3.5294078770675696e-10
84,-0.25977121971658335,-0.40511708054657447,0.03394407231077423,3.5157654565409757e-10
85,-0.07681002927722602,-0.14987913567082956,-0.1905438135239308,3.5015546018257737e-10
86,-0.04089441032681407,-0.02696171087973198,0.9557867390011694,3.4873437471105717e-10
87,-0.14829386423900814,-0.11902630086311206,0.32846316182060775,3.4731328923953697e-10
88,-0.1465019718330609,-0.3627988356499259,0.012767565514934631,3.4589220376801677e-10
89,-0.13123684162678728,-0.4013411148389139,0.3018732851767254,3.4447111829649657e-10
90,-0.07224842697860367,-0.22067901500309972,-0.37845752156788137,3.431068762438372e-10
91,-0.04607589090227293,-0.15792304038177463,-0.3352812391098894,3.41685790772317e-10
92,0.14165718277018868,0.2918433619078087,-0.8327220717804238,3.402647053007968e-10
93,0.12486121805920902,0.3854947407039617,0.4857440072401573,3.388436198292766e-10
94,-0.12918288835703606,-0.15860554721447784,0.30471954782328226,3.374225343577564e-10
95,-0.0824915459101021,-0.20919520287876026,-0.03919205842285578,3.36058292305097e-10
96,-0.03497434835747981,-0.2745228932084558,0.43472530301467316,3.346372068335768e-10
97,-0.06194137580195047,-0.09354583220996915,0.01388358703015058,3.332161213620566e-10
98,0.15160583823268325,0.3909037826724102,-0.32881315319734483,3.317950358905364e-10
99,0.05329245728415799,0.12014479316249549,0.6341484412278078,3.303739504190162e-10
100,-0.09775287088314144,0.02986567156230535,0.27146906404628623,3.28952864947496e-10
101,0.020901887324725976,0.05377680068986024,-0.12141691270318233,3.275886228948366e-10
102,0.07770950804695076,0.14452266620418186,-0.40573826267764446,3.261675374233164e-10
103,-0.09137350873311334,-0.2293118729887169,0.02053376671999274,3.247464519517962e-10
104,-0.07798763431623001,-0.15117677614563263,-0.08095330513455679,3.23325366480276e-10
105,0.04846466269998473,0.1789565262839119,0.09649958606993891,3.219042810087558e-10
106,-0.024677193565025846,0.002306134426476092,0.49818176985186824,3.204831955372356e-10
107,-0.12093510081746217,-0.10453350341728651,-0.13625175311364046,3.191189534845762e-10
108,-0.12527909087702938,-0.26039387340529174,-0.27214666579568814,3.17697868013056e-10
109,-0.0512629003130769,0.0747567550860424,0.2194891289648524,3.162767825415358e-10
110,-0.13049639610443364,-0.416310828696993,0.14125344145108443,3.148556970700156e-10
111,-0.010131750718301191,-0.11488523659474481,-0.20875245538310594,3.134346115984954e-10
112,-0.014177293438990546,0.08938159187334804,-0.11307000585594551,3.120135261269752e-10
113,0.06937441232116726,0.20320295562956403,-0.10548584132348537,3.106492840743158e-10
114,-0.004215225120162813,-0.055248887588930984,0.06422097277120997,3.092281986027956e-10
115,-0.0026879612412358256,0.006046939859317035,0.1010431773050442,3.078071131312754e-10
116,0.03741570985545195,-0.07726179242487774,0.06814422171895274,3.063860276597552e-10
117,0.10548716253043722,0.26991674522301423,-0.047651376037251225,3.04964942188235e-10
118,-0.04116234995052537,-0.16256246676880437,-0.10663062918212063,3.036007001355756e-10
119,0.10115860409246125,-0.028642309888965656,0.10710243601025127,3.021796146640554e-10
120,0.06514804936239216,-0.19563313272399796,-0.21470144294926286,3.007585291925352e-10
121,0.20697700464916124,0.4453788840132802,0.386826271735373,2.99337443721015e-10
122,-0.03388533734613475,-0.04502036886188421,-0.2206163596152777,2.979163582494948e-10
123,0.0887852380141112,0.2445856085365108,-0.4875881829339477,2.964952727779746e-10
124,0.008113409117299852,0.023160590496729583,0.5757948726781734,2.951310307253152e-10
125,-0.13664944522747646,-0.2618508903549355,0.3828993267738525,2.93709945253795e-10
126,-0.034456705418620004,-0.34066462772727846,-0.27421652392622775,2.922888597822748e-10
127,0.00403553607543472,-0.08948774277322968,0.24373099769512407,2.908677743107546e-10
128,-0.06470814846198891,-0.05154695386974595,-0.14663626911411143,2.894466888392344e-10
129,-0.06117376236659311,-0.24897952838844617,0.05925384306459591,2.880256033677142e-10
130,0.019395258823237782,-0.09320099465719522,0.16403968989790485,2.866613613150548e-10
131,-0.057063119358986114,0.10624384679115906,-0.1439738278771756,2.852402758435346e-10
132,0.08743497821154733,-0.01842947257782157,-0.45324106858842583,2.838191903720144e-10
133,-0.06200686116773113,-0.24953550758507959,-0.04812129462082737,2.823981049004942e-10
134,0.0557789045740833,0.152964908424309,-0.3595398908087333,2.80977019428974e-10
135,0.16360373846811171,0.38638181768124014,0.031039128856690468,2.795559339574538e-10
136,0.27842208872675656,0.5185253235175651,-0.21302783509314338,2.781916919047944e-10
137,0.2866907280177884,0.5225304569684397,-0.09371329374009463,2.767706064332742e-10
138,0.12100177061978457,0.2353833712286928,0.29091604938489013,2.75349520961754e-10
139,0.12397934551290746,0.20828680616301654,-0.2443414404234403,2.739284354902338e-10
140,-0.058898813864743715,-0.10436295634073645,0.3740082869336874,2.725073500187136e-10
141,-0.13063539529019863,-0.4291217030094856,-0.16607318189308273,2.7114310796605423e-10
142,0.04142355689566557,-0.11957588110601591,-0.3256769753018176,2.6972202249453403e-10
143,0.10002242541781925,0.47450422031045036,0.3890684365435817,2.6830093702301383e-10
144,-0.012261526398503975,0.05449224695541943,-0.12426237480879365,2.6687985155149363e-10
145,-0.07105105167903503,-0.14070739986635772,0.016008563367151396,2.6545876607997343e-10
146,0.035012032320935305,0.014042300406401864,-0.5952066144801762,2.6403768060845323e-10
147,0.11126614399069013,0.3960220434571511,-0.19790041273996906,2.6267343855579384e-10
148,0.1486093002060329,0.23263037227732752,-0.5510646575819322,2.6125235308427364e-10
149,0.16115508828374914,0.31764867435524025,0.05550649803960539,2.5983126761275344e-10
150,-0.03170693821749637,0.00927318698697377,0.18539189123957556,2.5841018214123324e-10
151,-0.023935445704182712,0.16968113377299687,0.5615218096017713,2.5698909666971304e-10
152,-0.18912615788599396,-0.3105096818308084,0.3862467872004345,2.5556801119819283e-10
153,-0.06778751210026712,-0.33757078736272206,0.08844416239327302,2.5420376914553344e-10
154,-0.05021716205953908,0.2526384925724301,0.10508670936204112,2.5278268367401324e-10
155,0.032388192817847994,-0.1702734742639791,-0.4188617166916515,2.5136159820249304e-10
156,0.1537507890321308,-0.06725708816463793,-0.4769091197874076,2.4994051273097284e-10
157,0.1675225052460405,0.21857068154267267,0.47480542566725603,2.4851942725945264e-10
158,0.08002945130260741,0.3455844426785575,0.24969019630626121,2.4709834178793244e-10
159,-0.010263101330622248,-0.15080676107794488,-0.6964889637260541,2.4573409973527305e-10
160,0.056519325699298406,-0.06970010895037149,-0.5777851042733175,2.4431301426375285e-10
161,0.154353796828957,0.26365420524055594,0.15311827062815553,2.4289192879223265e-10
162,0.03472660414661277,0.09283624319937189,0.08565678836619384,2.4147084332071245e-10
163,0.02549801500867943,0.035093863749608545,-0.00462042653798278,2.4004975784919225e-10
164,0.022120323853528134,-0.07609133714547056,-0.2557035763048532,2.3862867237767205e-10
165,0.14375522010413988,0.11133513495627767,-0.6293915951884941,2.3726443032501265e-10
166,0.14836990406746509,0.38888983691711587,-0.308713476654205,2.3584334485349245e-10
167,0.11211740185183316,0.3896877760729751,-0.7963172896763382,2.3442225938197225e-10
168,0.04059836681017259,0.04238498260309598,0.04533785704536797,2.3300117391045205e-10
169,0.1206451451561179,0.21285456694795357,-0.5218099107311929,2.3158008843893185e-10
170,0.10948478468424128,0.360988993365595,0.3416983774387887,2.3021584638627246e-10
171,0.17280920383717557,0.46588988905222095,-0.40893482330193365,2.2879476091475226e-10
172,0.12834914787379148,0.1375356853131393,-0.161298944223617,2.2737367544323206e-10
173,-0.08701086990095064,-0.06584591329189493,-0.00543846427808603,2.2595258997171186e-10
174,0.17190220889239072,0.005737195194683409,-0.5506032181131246,2.2453150450019166e-10
175,0.157102775446333,0.4912270544141677,0.1484438213570769,2.2311041902867146e-10
176,0.026612705347758947,-0.0005485808146943327,0.2429719922810989,2.2174617697601207e-10
177,-0.08430696839593566,-0.08353667372267637,-0.03932384184088278,2.2032509150449187e-10
178,-0.006307093558120869,-0.38722397025082955,0.057282535845686766,2.1890400603297167e-10
179,0.07600106149970998,0.034952921725476926,-0.29998500689202956,2.1748292056145146e-10
180,0.2567638869878124,0.6589954967084566,-0.13222141385644193,2.1606183508993126e-10
181,-0.019177117346032446,0.05875634440891986,0.2827776467346439,2.1464074961841106e-10
182,-0.18547321493656455,-0.3555417183046359,0.11315899839524945,2.1327650756575167e-10
183,-0.1558066013292887,-0.37537155141228595,-0.4302964909430216,2.1185542209423147e-10
184,0.12712026059273285,-0.010113328687111789,-0.47007194316390155,2.1043433662271127e-10
185,0.2653851359735313,0.43648467238594435,0.06190609434568728,2.0901325115119107e-10
186,0.07633121659267772,0.17475737172881622,0.53107042652627,2.0759216567967087e-10
187,-0.09308520850134983,-0.30070885954592086,0.01023715342223852,2.0617108020815067e-10
188,-0.10046275251988845,-0.28822320961808146,0.3125590950229622,2.0480683815549128e-10
189,0.03162191505236933,0.14832365513586865,-0.5530090374817291,2.0338575268397108e-10
190,-0.006301429670941161,-0.0210583424221511,0.10062628879062174,2.0196466721245088e-10
191,-0.022944774872598828,0.07688231444032567,-0.20079950213894904,2.0054358174093068e-10
192,-0.008460039376984696,-0.055343063771687184,0.025921930341070265,1.9912249626941048e-10
193,-0.012408400389176677,0.03341128084136358,-0.15328643562087052,1.9775825421675108e-10
194,0.08125553192746793,-0.05991794321829502,-0.39542771466994964,1.9633716874523088e-10
195,0.10789624851321378,0.2876176405915203,0.6627400044429947,1.9491608327371068e-10
196,0.1418668610185705,0.17409657547653978,-0.1848118325975321,1.9349499780219048e-10
197,-0.03474831055405048,-0.14096468391321082,0.4174604964865125,1.9207391233067028e-10
198,-0.08102429674789846,-0.14847106859443215,-0.10927158332965803,1.9065282685915008e-10
199,-0.05681553097690539,-0.18588202949507604,0.025472789517166916,1.892885848064907e-10
200,-0.03429549838551793,-0.12325730909302024,0.15365269720224717,1.878674993349705e-10
201,-0.025061583433398482,0.03061911062380318,-0.3247733264006598,1.864464138634503e-10
202,-0.016628252290558976,-0.07956992211427405,0.3564874720423461,1.850253283919301e-10
203,-0.10125494828668025,-0.2401909363004222,0.3063006832054782,1.836042429204099e-10
204,-0.0446833927058492,0.07396430010092558,-0.4747147844046111,1.821831574488897e-10
205,-0.004383675725421199,0.008504178886795444,0.0969430820446604,1.808189153962303e-10
206,0.0400532924687127,0.05365686617921028,-0.3353893613424077,1.793978299247101e-10
207,-0.03677923123660776,-0.31078660103241873,-0.09702093579119264,1.779767444531899e-10
208,0.06837471685668106,0.04818646020294182,-0.12971660142649455,1.765556589816697e-10
209,0.14039066272965783,0.1907695021838549,-0.19648552302273004,1.751345735101495e-10
210,0.0458161123773948,-0.04924836171855418,-0.022792898151280383,1.737134880386293e-10
211,0.10050124837812291,0.25693656920529406,-0.0424685489640666,1.723492459859699e-10
212,0.012832638275369845,0.18546133520493413,-0.15899631517689272,1.709281605144497e-10
213,0.09784974504066213,-0.07120662880751638,-0.0023630210532559204,1.695070750429295e-10
214,0.21362751059621132,0.25357682939250026,-0.43394018150387126,1.680859895714093e-10
215,0.1292980306465097,0.5848653678147855,0.29463895723212374,1.666649040998891e-10
216,0.012216983173857443,-0.014952856653764002,-0.0703732396801513,1.653006620472297e-10
217,0.12799824648431013,0.13381979523600762,-0.1359305448927728,1.638795765757095e-10
218,0.12094472317824057,0.018139800517815274,-0.10255526451538799,1.624584911041893e-10
219,0.08634638837639841,0.15871126463846963,0.2546390019395517,1.610374056326691e-10
220,-0.01028111599867998,0.025559547470351163,-0.28682747201835923,1.596163201611489e-10
221,-0.008794618801232446,-0.10488753853002208,-0.2381310878533185,1.581952346896287e-10
222,0.13284655998870676,0.24429805852076925,-0.2833593017023901,1.5683099263696931e-10
223,0.21238647903231822,0.4081766335109478,0.12750312404047293,1.554099071654491e-10
224,0.019482079659951523,0.0022824126441776116,0.42639086403178794,1.539888216939289e-10
225,0.003800002903119548,0.0486507854602678,-0.15890636940849845,1.525677362224087e-10
226,0.10858393968339897,0.4415176032137538,0.38464958089910795,1.511466507508885e-10
227,0.048213393048854414,0.10409914121109409,-0.007936176822866514,1.497255652793683e-10
228,-0.07949889315494829,-0.28707680469960906,0.1801578330871081,1.4836132322670892e-10
229,-0.04535651257998552,-0.15214749987634946,0.48294865669537046,1.4694023775518872e-10
230,0.041405190624118404,-0.024270930497152676,-0.514424434724134,1.4551915228366852e-10
231,0.04490332127261354,0.349323785787675,0.1281700680547999,1.4409806681214832e-10
232,-0.07969862282965323,-0.08371536938278723,-0.30026148244732553,1.4267698134062812e-10
233,-0.06379097894631514,-0.13058852541192323,-0.058372996075434,1.4125589586910792e-10
234,-0.02005625482610185,-0.2698461128539691,0.2195626597378606,1.3989165381644852e-10
235,0.09053515463119766,0.14909326142512214,-0.07132584643817097,1.3847056834492832e-10
236,-0.020458952775754824,0.14396848162849096,-0.03972540803039237,1.3704948287340812e-10
237,0.17298027645932734,0.4390743989407895,-0.41398821138558617,1.3562839740188792e-10
238,0.05264934441032665,0.37517958440759,-0.0152189425603666,1.3420731193036772e-10
239,0.04619875274215701,-0.15867245639907424,0.09257299890631998,1.3284306987770833e-10
240,0.11283523952192809,0.1068503171691475,0.18312405105369578,1.3142198440618813e-10
241,0.030880688785032362,0.19187970750724048,0.15305981940471725,1.3000089893466793e-10
242,-0.009917014815698622,-0.1646412210275514,-0.00730220672176074,1.2857981346314773e-10
243,0.016468412789436115,0.10714988702920891,0.12572608904693539,1.2715872799162753e-10
244,-0.10027866512132277,-0.1983139399747813,0.08777972872667306,1.2573764252010733e-10
245,-0.13960879086153,-0.34083465058776596,-0.40858368573501025,1.2437340046744794e-10
246,0.2118083261443644,0.3918997982493124,0.11180651629378247,1.2295231499592774e-10
247,0.030288932529799695,-0.03823286898361289,-0.2692077910277675,1.2153122952440754e-10
248,0.00310962186784991,-0.2142019414499714,-0.1392901855815012,1.2011014405288734e-10
249,0.14487600295694847,0.42751380977901476,-0.23046512696691934,1.1868905858136714e-10
250,0.0774551593182764,0.380743623161095,-0.0041663742207447285,1.1726797310984693e-10
251,-0.03800997873901224,-0.2337086843357099,0.20506499263386502,1.1590373105718754e-10
252,-0.06603111054829469,-0.15547428139410613,-0.03865402252127126,1.1448264558566734e-10
253,-0.07474724132134725,-0.14626750426140234,0.49731172313387617,1.1306156011414714e-10
254,-0.11876774744234808,-0.20188069672028064,0.3504958322136673,1.1164047464262694e-10
255,-0.06919122937642896,0.005866973109561968,-0.13193856173616325,1.1021938917110674e-10
256,-0.11171523367994496,-0.1525339439260165,-0.13593691498027738,1.0879830369958654e-10
257,0.07583022189766098,0.3416175227027338,-0.33972684490859706,1.0743406164692715e-10
258,-0.08000610498106653,0.08595638220347723,0.04132464266814395,1.0601297617540695e-10
259,0.06551900812979738,0.20827227173168694,-0.4271444565972189,1.0459189070388675e-10
260,0.11396920211456063,0.21794383242234971,0.0051282203938711746,1.0317080523236655e-10
261,0.06099124628832442,0.07927918845942372,-0.06341287038559074,1.0174971976084635e-10
262,0.0035939154463449086,0.1423728563554505,0.21058343793305312,1.0038547770818695e-10
263,-0.05293760706200601,-0.14232695794342476,0.5994841422307644,9.896439223666675e-11
264,-0.10154490284566009,-0.029756172517352297,-0.14534073035781603,9.754330676514655e-11
265,-0.06587081797380279,-0.2769185375519214,0.3103359280390805,9.612222129362635e-11
266,-0.020819253965555617,-0.12776605570311972,-0.12394921763439015,9.470113582210615e-11
267,0.13676314917017862,0.32909970358599594,-0.44693122321271517,9.328005035058595e-11
268,0.14475212488747502,0.1739279414702537,-0.04740293512742255,9.191580829792656e-11
269,0.009432691870983945,0.15849714443876906,-0.14875717906541297,9.049472282640636e-11
270,0.03976716660480406,0.2514549567898712,-0.09702622006543038,8.907363735488616e-11
271,-0.21375257379560253,-0.38363554401871625,0.5137178797130986,8.765255188336596e-11
272,-0.04664363603592392,-0.2088289924936646,-0.08725189107263986,8.623146641184576e-11
273,-0.04595267775147249,-0.04518783019653938,0.35641987286622623,8.481038094032556e-11
274,-0.062269088864240985,-0.22644654693988286,0.27108986215426967,8.344613888766617e-11
275,0.0692975039046928,0.3728225102710212,-0.622059610806005,8.202505341614597e-11
276,-0.00319687251231926,0.02358815522151758,-0.03290726480535966,8.060396794462577e-11
277,0.014814663753327295,0.002346823473544646,-0.33337308474796146,7.918288247310556e-11
278,0.11004680750863827,0.0940955045010412,-0.8189850842488084,7.776179700158536e-11
279,0.363663038334721,0.6853702774176043,-0.19279367757062005,7.634071153006516e-11
280,0.06709167892165624,0.26211444144578877,0.5705115261222886,7.497646947740577e-11
281,0.1455064396943726,0.1939475613009165,-0.41660277594633044,7.355538400588557e-11
282,0.21532748251576095,0.48493792758398513,-0.0621079380527334,7.213429853436537e-11
283,0.1373266507414428,0.3395914699658249,-0.11033086005657822,7.071321306284517e-11
284,-0.014025608942006329,-0.1425925521372733,0.2920150701493185,6.929212759132497e-11
285,-0.07952829784375126,0.03216106076385472,-0.1013306461561001,6.792788553866558e-11
286,0.030859713277550327,-0.029506250300642023,-0.35241184759713917,6.650680006714538e-11
287,0.05357273040885957,0.2948577105470065,0.5775940815499041,6.508571459562518e-11
288,-0.055856864292024966,-0.0698376926014248,-0.3889697042271507,6.366462912410498e-11
289,-0.06715095188729947,-0.17965442703078338,0.06415090948877378,6.224354365258478e-11
290,-0.04142773827413748,-0.1354205401036097,0.41287913203441917,6.082245818106458e-11
291,-0.22332620945599047,-0.589617158174093,0.014965615288062395,5.945821612840518e-11
292,-0.19833203046340486,-0.3755735290242228,0.10021986372278491,5.803713065688498e-11
293,0.06278851682736786,0.09080473641361664,-0.15016115627496163,5.661604518536478e-11
294,-0.024708868600100686,0.1912682627738036,0.1624992438708972,5.519495971384458e-11
295,-0.03730983028924584,0.009439976466637745,-0.33465698603488647,5.377387424232438e-11
296,-0.07554127541311573,-0.10319446532932375,0.05844176466500528,5.235278877080418e-11
297,-0.0861857864359763,-0.3490856606954935,-0.08872612559844129,5.098854671814479e-11
298,-0.09394155655223813,-0.2583631141018543,0.38705491873879794,4.956746124662459e-11
299,-0.09906514355810714,-0.17861318537575244,0.2693933036903644,4.814637577510439e-11
300,0.009781201006148876,-0.09013389114392112,-0.08151066428965237,4.672529030358419e-11
301,0.0301865393221874,0.005477073597660365,0.059284033807713854,4.530420483206399e-11
302,-0.09062019206868399,-0.018561594627954037,0.04934328569792967,4.388311936054379e-11
303,-0.0790290261949167,-0.3486849868479851,-0.3755190290730326,4.2518877307884395e-11
304,-0.025109490711031413,0.14172080213612048,-0.031029197020572497,4.1097791836364195e-11
305,-0.005942808752479323,-0.12459452584730002,-0.299967035991898,3.9676706364843994e-11
306,0.06325744505659259,0.31640249727007586,0.013057732556731594,3.8255620893323794e-11
307,-0.023068646258423087,0.18606078358013178,-0.26693821747228696,3.6834535421803594e-11
308,0.09624991996537346,0.1053848113336926,-0.24896739081864894,3.54702933691442e-11
309,-0.01833580349324393,0.05573244030932756,0.08728192665148526,3.4049207897624e-11
310,0.0732930167083623,0.13743123879021368,0.19988317171184633,3.26281224261038e-11
311,-0.05223011378660658,-0.17961138814425226,-0.09743815844709047,3.12070369545836e-11
312,0.07477691851534018,0.09389294662929615,-0.38587090568357496,2.97859514830634e-11
313,0.10026115419054804,0.16212123028640235,0.06120404058160034,2.83648660115432e-11
314,0.008621792850988186,0.21071916050863138,-0.014135784498364501,2.7000623958883807e-11
315,-0.0002906182841684313,0.12360180081614658,-0.1331988478857511,2.5579538487363607e-11
316,-0.05705648973997768,0.0003786686893363367,-0.1893131296662034,2.4158453015843406e-11
317,-0.019460841789509686,-0.04766548679219795,-0.0044669024234593735,2.2737367544323206e-11
318,-0.08687871550711179,-0.13725292731231775,0.36388982877288356,2.1316282072803006e-11
319,-0.044774034870386004,-0.010333580407689169,-0.20678741380081078,1.9895196601282805e-11
320,-0.006375500248907429,0.07282234531569998,0.11619807792666847,1.8530954548623413e-11
321,0.1723769703659741,0.3713988991686108,-0.012506532734363418,1.7109869077103212e-11
322,0.02035599373681407,0.19632547364250286,-0.26886534656755146,1.5688783605583012e-11
323,0.07150589226506554,0.22190352318250461,-0.039932086248228416,1.4267698134062812e-11
324,-0.07239333478776189,-0.25671658350182724,0.00956230406345071,1.2846612662542611e-11
325,0.011888697284859973,-0.06807690432921731,-0.8380623410447328,1.1425527191022411e-11
326,0.11164881284730654,0.13271322683127096,-0.5891918980344855,1.0061285138363019e-11
327,0.17255523824627517,0.30883869297329625,-0.08824551911143885,8.640199666842818e-12
328,0.1527003331646597,0.15383587476424054,-0.054608592853256255,7.219114195322618e-12
329,0.33186224031607026,0.5831486671415576,-0.17284789317136529,5.7980287238024175e-12
330,0.22223126580303187,0.5128132961368692,-0.033051576568169594,4.376943252282217e-12
331,0.11353788570454526,0.1638202162524749,-0.608926676619177,3.0127011996228248e-12
332,0.20673340861895895,0.325514805893107,-0.11357886749237878,1.5916157281026244e-12
333,0.06825186396383742,0.17715154218748808,-0.313278976602561,1.7053025658242404e-13
334,0.055022214798157165,0.1064510857832488,-0.34894523893970586,-1.2505552149377763e-12
335,0.04294156588440501,0.10171826492282321,0.20673446175371168,-2.6716406864579767e-12
336,-0.016949535095761803,-0.04704408634265178,0.10352671989406304,-4.092726157978177e-12
337,0.005230668320905352,0.0010358808256398788,-0.1383979319671198,-5.4569682106375694e-12
338,0.02641105552550016,-0.09817371292879784,0.08507506247369179,-6.87805368215777e-12
339,0.0515373140044062,0.07010994090498457,-0.06289212770639097,-8.29913915367797e-12
340,0.12163000778514288,0.3669295697316102,-0.6414766685243336,-9.72022462519817e-12
341,-0.10344703578277858,-0.17033918063995657,-0.07103907431694267,-1.1141310096718371e-11
342,-0.05496958441119659,-0.04526730260687373,-0.2985543526598491,-1.2562395568238571e-11
343,-0.018716550431349788,0.11743523047201165,0.3134329277021095,-1.3926637620897964e-11
344,-0.018710510999483176,-0.06532986465182944,-0.19730103854442405,-1.5347723092418164e-11
345,-0.0010905895597943527,0.0725741527152195,-0.39168867796145435,-1.6768808563938364e-11
346,0.058573712346344564,0.11440484513380511,0.08797091352784037,-1.8189894035458565e-11
347,-0.015497948041115706,0.0015344263004237746,0.2427532795154832,-1.9610979506978765e-11
348,-0.06998583198748065,-0.14671074556548547,0.4944833859674702,-2.1032064978498966e-11
349,0.10447741665342392,0.30291199378277156,-0.5241897607663049,-2.2396307031158358e-11
350,0.09731830052385249,0.12401148321512778,-0.043354304298389934,-2.3817392502678558e-11
351,0.01212051978262707,0.051602046948914904,-0.05460455023631994,-2.523847797419876e-11
352,0.09188759546344727,0.23782799221501705,-0.05101235874251131,-2.665956344571896e-11
353,0.10104848114355036,0.3558030731303745,0.26469422305079604,-2.808064891723916e-11
354,-0.007993719510693609,0.21400561197120282,0.06478598380509482,-2.944489096989855e-11
355,-0.09995509701076344,-0.2686759376019552,0.045863543410376906,-3.086597644141875e-11
356,-0.0751482230767806,0.033558147472746214,-0.2932455174974109,-3.228706191293895e-11
357,-0.1324051026001598,-0.3857615809754975,0.28253339162010604,-3.370814738445915e-11
358,-0.06850627416304178,-0.13739445178586607,-0.049522367820429736,-3.512923285597935e-11
359,-0.028464996265142872,-0.13741146918437153,0.07856399037515871,-3.6550318327499554e-11
360,-0.08814495979629555,-0.045765405352199195,0.14817575153776374,-3.7914560380158946e-11
361,-0.08462023411959763,-0.17774356879658626,0.37306239304787425,-3.9335645851679146e-11
362,-0.029784847665325742,-0.1581972378033356,-0.29616554871671497,-4.0756731323199347e-11
363,-0.004406149917770108,-0.0833440559417511,0.1609831633758887,-4.217781679471955e-11
364,-0.020323549695888232,0.14026583290771555,0.1471474487917277,-4.359890226623975e-11
365,-0.03542233206724177,-0.22445723599062717,0.3211396159804991,-4.501998773775995e-11
366,-0.007937576687993442,0.00475395513583976,0.5159713577251352,-4.638422979041934e-11
367,-0.10406165738856998,-0.3559268764650767,-0.16722952750413356,-4.780531526193954e-11
368,0.04241802251453919,0.03594617879122097,-0.40888999364693746,-4.922640073345974e-11
369,0.12584368216158737,0.2565904881295751,0.12093766647637949,-5.064748620497994e-11
370,-0.07068451712910928,0.10864640675433179,-0.17722860715622346,-5.206857167650014e-11
371,-0.09065508247999787,-0.17212163897460186,0.11879967581079143,-5.348965714802034e-11
372,-0.12424656746202345,-0.19600866651688875,0.1024960240815318,-5.4853899200679734e-11
373,-0.1251295977299378,-0.3014739682312495,0.5697723500063887,-5.6274984672199935e-11
374,-0.002382077183369802,-0.018902150646994187,-0.5150875422794883,-5.7696070143720135e-11
375,-0.04392673861872254,0.127873543889109,0.8124826648299432,-5.911715561524034e-11
376,-0.054186119243126996,-0.09174087498269046,-0.022625038080192894,-6.053824108676054e-11
377,0.06641637103342646,0.18282880702543025,-0.20998651626894116,-6.190248313941993e-11
378,0.11714279767829794,0.09183831420915567,-0.8608013903554053,-6.332356861094013e-11
379,0.23222866547968124,0.2824542468870561,-0.43597483831044315,-6.474465408246033e-11
380,0.2009547286978659,0.3932653048743191,-0.20828156685678323,-6.616573955398053e-11
381,0.1484541125847727,0.29340500231364786,0.16480809199647695,-6.758682502550073e-11
382,0.14461639253386238,0.074500940955744,-0.5949152016662254,-6.900791049702093e-11
383,0.16550723189408245,0.1929221662362295,-0.16109300498959556,-7.037215254968032e-11
384,0.11826135464519894,0.12082293683079115,0.12154392791936175,-7.179323802120052e-11
385,-0.0681309590638648,-0.08372209972571909,0.37148211733008907,-7.321432349272072e-11
386,0.0018951979229768767,-0.028143259236713902,0.5114664971985974,-7.463540896424092e-11
387,-0.021762943063322382,-0.056549939593423915,0.15012522286821195,-7.605649443576112e-11
388,0.00657869099961772,-0.10385053115959408,0.05006861105452742,-7.747757990728132e-11
389,-0.13425289702468035,0.10428968415718032,0.8534255452099444,-7.884182195994072e-11
390,-0.37099849449862177,-0.7145691058470334,0.36903868670593454,-8.026290743146092e-11
391,-0.2717244731737196,-0.5681902420720917,-0.1940587837755885,-8.168399290298112e-11
392,-0.07412352772331587,0.060893684202568465,-0.3570665920418463,-8.310507837450132e-11
393,-0.035607387234335874,-0.05554711826209768,0.2776204692416968,-8.452616384602152e-11
394,0.025815733989929868,-0.026184945017405425,-0.27526671344149634,-8.594724931754172e-11
395,0.1651389112842594,0.45234451884715554,0.6980217681654892,-8.731149137020111e-11
396,-0.10266287338760094,-0.38493355287306485,0.0518914787561755,-8.873257684172131e-11
397,-0.07935914947904621,-0.1541310220158323,-0.1399697735304386,-9.015366231324151e-11
398,0.025915355684276165,-0.16427793244545796,-0.09251926931274568,-9.157474778476171e-11
399,0.03233027148161227,0.038015141839196076,0.02644365857553055,-9.299583325628191e-11
400,0.1806841428581265,0.13873413961889014,-0.47368784540852005,-9.43600753089413e-11
401,0.10292077180497472,0.2002012090123344,0.38701132762287216,-9.57811607804615e-11
402,0.001319457148156289,0.12168342805529164,-0.1525524385568815,-9.72022462519817e-11
403,0.09780019358589698,0.2146536522460849,0.3505566272847034,-9.86233317235019e-11
404,0.08779674164418338,-0.0031823854359345205,-0.18272929921832315,-1.000444171950221e-10
405,0.1026697396983991,0.043745662541425645,-0.09340679915082717,-1.0146550266654231e-10
406,-0.03621740336234325,-0.008561347163634991,0.2328717818107009,-1.028297447192017e-10
407,-0.1081259350053756,-0.03304307927425043,0.2888632365928885,-1.042508301907219e-10
408,-0.024881766976363906,-0.18903033672631864,-0.08130684353501749,-1.056719156622421e-10
409,0.02758626439941736,0.2087930132906024,0.017042456078826262,-1.070930011337623e-10
410,-0.04689615165437999,-0.1613547175231247,0.165207626976013,-1.085140866052825e-10
411,-0.015612026111398336,-0.06626086538858544,-0.4087655675868689,-1.099351720768027e-10
412,-0.0844623669524367,0.016192241769829252,0.36789706655865473,-1.1129941412946209e-10
413,-0.07607049836309443,-0.24395689451014846,-0.028002748802236965,-1.1272049960098229e-10
414,-0.059247736709608034,-0.1963775729743702,0.33939604592661965,-1.141415850725025e-10
415,-0.11203359152199255,-0.14672215640979402,0.1590953310009695,-1.155626705440227e-10
416,-0.11721253675034404,-0.1396607894272961,-0.31783696140477957,-1.169837560155429e-10
417,0.08191106217509514,-0.25381828549970464,-0.18216628633838639,-1.184048414870631e-10
418,0.1411345186261883,0.4552483100626432,0.7911566343181846,-1.197690835397225e-10
419,-0.03171991032115784,0.009671536435945427,-0.5081620541209872,-1.211901690112427e-10
420,0.05262058344885645,0.28704056039646275,-0.12955127774124264,-1.226112544827629e-10
421,0.0830925545849368,0.28221059658045533,0.09594024269048873,-1.240323399542831e-10
422,-0.11554545287526707,-0.17678299376018458,0.664023644721965,-1.254534254258033e-10
423,-0.18978680838040418,-0.5437856122554194,-0.04964242007656594,-1.2681766747846268e-10
424,-0.06046773818400197,0.09242593200511351,-0.04021178490137345,-1.2823875294998288e-10
425,-0.11370847638573878,0.024665451119460613,0.3666046524647584,-1.2965983842150308e-10
426,-0.20143088319974822,-0.3620294768711574,0.5669047706444843,-1.3108092389302328e-10
427,-0.06826382759584249,-0.1754026960018109,-0.40362137617499627,-1.3250200936454348e-10
428,0.05937910902952126,0.11623118284833822,0.052874718693061595,-1.3392309483606368e-10
429,-0.004415192998806106,0.10934936786725302,-0.27342173075182075,-1.3528733688872308e-10
430,-0.019508717681958387,0.015323195916010945,-0.1133293954467689,-1.3670842236024328e-10
431,-0.08441930323516544,-0.17793131534023132,-0.03411907617893917,-1.3812950783176348e-10
432,-0.044073332646632934,0.1381273285034581,0.1728146796630483,-1.3955059330328368e-10
433,-0.12666116194026245,-0.27141842970092966,0.09754085511791288,-1.4097167877480388e-10
434,-0.2662502187250766,-0.25011599496735926,0.3728683416316585,-1.4239276424632408e-10
435,-0.13964219972370984,-0.12232358325465498,0.08406549539270713,-1.4375700629898347e-10
436,-0.18753540006775893,-0.44726701057496143,0.4734144571495307,-1.4517809177050367e-10
437,-0.06739837095983603,-0.18589998400278773,-0.0629146544390693,-1.4659917724202387e-10
438,0.013084274443713184,0.09124322903198845,0.4670253335594765,-1.4802026271354407e-10
439,-0.09128484454964791,-0.15526177494064086,0.2852975233232229,-1.4944134818506427e-10
440,-0.154113685246557,-0.46089442705283545,-0.24864993827995363,-1.5086243365658447e-10
441,0.08329945284572204,0.00039752434767592604,-0.41221259986247105,-1.5222667570924386e-10
442,0.0881310367686865,0.2258234559121206,0.5134597104212588,-1.5364776118076406e-10
443,-0.20215805975050216,-0.32473780144400166,0.07468282445682917,-1.5506884665228426e-10
444,-0.24934931162442808,-0.4908674990382167,-0.023997671892772132,-1.5648993212380446e-10
445,-0.05319916523455959,-0.30295699125645115,0.3850787245224865,-1.5791101759532467e-10
446,-0.04731372442523707,-0.01577531194840276,0.023704821592517078,-1.5933210306684487e-10
447,-0.035175105999940115,-0.13701304352218813,-0.38895148871822016,-1.6069634511950426e-10
448,0.028543183964643504,-0.08463241330107962,-0.2230399804769405,-1.6211743059102446e-10
449,0.013802061962053358,-0.09485665859909886,0.22258124829917847,-1.6353851606254466e-10
450,0.06493713537770418,0.20326025706290807,-0.40014822063034217,-1.6495960153406486e-10
451,0.07975304472120115,0.34831357090266124,0.0001787852592656236,-1.6638068700558506e-10
452,0.02801423138987502,-0.10039931712364591,0.023243795750815366,-1.6774492905824445e-10
453,0.099269007740304,0.25270056405665287,-0.5350718011408446,-1.6916601452976465e-10
454,0.12531908229237843,0.2528166571142094,-0.5067749632622451,-1.7058710000128485e-10
455,0.15667221550779686,0.1868236039767055,-0.3707382592852184,-1.7200818547280505e-10
456,0.20359487461450954,0.3317059488820462,-0.16978659858828848,-1.7342927094432525e-10
457,0.14543265508336845,0.36217787119815625,-0.06127863760768548,-1.7485035641584545e-10
458,-0.0793709200887065,0.09870939112963129,-0.240227632243176,-1.7621459846850485e-10
459,-0.04534729943429738,-0.20305504964866827,0.16740076920781632,-1.7763568394002505e-10
460,-0.04584443690180251,0.07077034036831265,0.014549509978337483,-1.7905676941154525e-10
461,0.04160367661154396,-0.04334811273187711,-0.6620015369596217,-1.8047785488306545e-10
462,0.05650284250475579,0.23119574839867596,-0.020704160436409325,-1.8189894035458565e-10
463,0.14732031540557955,0.237866415498587,-0.03986852907870286,-1.8332002582610585e-10
464,0.05469756533284453,0.3813871156905009,-0.05275364489862966,-1.8468426787876524e-10
465,-0.017832522200819767,-0.18494208058450567,0.09764209443939365,-1.8610535335028544e-10
466,0.11779225967353568,0.036283879669753105,0.03628720573030364,-1.8752643882180564e-10
467,0.027513920036085437,0.10226827930608806,-0.0832120446602147,-1.8894752429332584e-10
468,0.13740487758201425,0.08209600594565813,-0.21083870372416413,-1.9036860976484604e-10
469,0.03323151944880465,0.2043132954954956,0.19782727002822753,-1.9178969523636624e-10
470,-0.03796244104711377,-0.15596154364266113,-0.11966270592692752,-1.9315393728902563e-10
471,-0.014249677204759337,-0.2291763080344822,0.45431613496351986,-1.9457502276054583e-10
472,0.05976699927350637,0.16261205987137828,0.11831137151125404,-1.9599610823206604e-10
473,0.0324929599078132,0.11843238524852495,-0.11212388597805045,-1.9741719370358624e-10
474,0.10887844937343516,0.2079550360556368,-0.026315205018320853,-1.9883827917510644e-10
475,-0.05851646057794824,-0.16001565728385003,0.19327875217688018,-2.0020252122776583e-10
476,-0.06613806798446831,-0.126048829836634,0.28840877700848466,-2.0162360669928603e-10
477,-0.13082590615312029,-0.3134332470509946,0.05292772005809354,-2.0304469217080623e-10
478,-0.07595634559930886,-0.3127172823649289,0.17364255088349978,-2.0446577764232643e-10
479,-0.08658153390831558,-0.3581062311925791,0.33155466373088416,-2.0588686311384663e-10
480,-0.09457421432796309,-0.3779662889672295,0.29513624524670945,-2.0730794858536683e-10
481,-0.09707641722002336,-0.28156984106777827,-0.061108382739774925,-2.0867219063802622e-10
482,0.08671805330493498,0.14662993954897274,-0.23495859471256608,-2.1009327610954642e-10
483,-0.09910367539816889,-0.17691848523148224,0.2962739804041803,-2.1151436158106662e-10
484,-0.04973100192154334,-0.08207082159071888,-0.12274444394340378,-2.1293544705258682e-10
485,-0.12937727434541557,-0.15949317678266084,0.8053883074519774,-2.1435653252410702e-10
486,-0.20047994911027445,-0.5122257828839452,0.17779702008415654,-2.1577761799562722e-10
487,-0.07859153836346877,0.0428490159632986,0.6641130750618771,-2.1714186004828662e-10
488,-0.19194926779169919,-0.3817424861367442,0.37640625624047175,-2.1856294551980682e-10
489,-0.19428585147119293,-0.3180426148686877,0.05934023757637874,-2.1998403099132702e-10
490,-0.01666959109996924,0.08658421689662532,-0.37020897391101926,-2.2140511646284722e-10
491,0.03546923663458301,0.15814048657304625,-0.44777775774078066,-2.2282620193436742e-10
492,0.05167341841661255,0.11664477179812138,0.2543483953177912,-2.2424728740588762e-10
493,0.07634294726932467,-0.17788821616028372,-0.3883064987568332,-2.25611529458547e-10
494,0.1383168583554948,0.29480766179747775,0.5758308463357906,-2.270326149300672e-10
495,-0.11586793496792325,-0.33767532391419763,0.058942835796045756,-2.284537004015874e-10
496,-0.03956352672992125,-0.09223098157940512,0.2778138881282928,-2.298747858731076e-10
497,-0.0603827120155529,-0.3331915552883231,0.006400209642677623,-2.312958713446278e-10
498,-0.05032309810042079,-0.2117503952065647,-0.36049040451385395,-2.326601133972872e-10
499,-0.16442153961372696,-0.0332088507672097,0.4685527636375184,-2.340811988688074e-10
