,tas,rlut,rsut,rsdt
0,1.5003108713611937,-4.082967061577108,-2.781167821682388,0.004629110664325253
1,2.2858345421218473,-2.639621332416141,-2.9681003774908703,-0.013647484249645458
2,2.81364077265971,-1.8347711378703195,-3.4469937798017014,0.004577958795721315
3,3.431513032143414,-1.0807790970961264,-3.46033455050906,0.004602465133586975
4,3.4543443562675975,-0.7241306056582459,-4.2110059904627235,0.004628142008641589
5,3.6092731632908226,-0.7824830217521708,-4.226513324007541,-0.013648452905329123
6,4.062766696564324,-0.35986609014128135,-3.5938405654083283,0.004576990140037651
7,4.149174078854287,0.09221789131692049,-4.038546215985079,0.004601496477903311
8,4.088835303850601,0.08726903418886423,-4.244906048891465,0.004627173352901082
