,tas,rlut,rsut,rsdt
0,1.3755493265196606,-4.29763021440246,-2.637628999142521,0.00815669186613377
1,2.3140620511670136,-2.6295472380712113,-3.0995343542948035,-0.024304706142686427
2,2.7202375861228347,-1.9196163594029372,-3.335427847619286,0.008170337595004185
3,3.056284944600691,-1.6303654375953158,-3.5426913770822637,0.008168924893880103
4,3.59005853448366,-0.8873839717889211,-3.622266558741856,0.008155723210450105
5,3.7828179584261648,-0.34824377494607006,-4.0738132437613075,-0.02430567479837009
6,4.008180615255526,-0.2628581087494979,-4.160817515021691,0.00816936893932052
7,4.333683857856784,0.1133193752237105,-4.058488930728544,0.008167956238196439
8,4.187432833013702,0.18616053541956035,-4.269541740077003,0.008154754554709598
