,tas,rlut,rsut,rsdt
0,0.9385271117832872,-0.7953325998930438,0.457987909298609,0.07564980876560412
1,0.9700405710308928,-0.8829154221261319,0.22718812233910057,0.0011813180549893332
2,1.0958628997543656,-0.7080502538647977,-0.14162290448216197,-0.018238855556319322
3,1.1369571979886928,-0.8082739685798686,0.20579421627172678,-0.02706632453543989
4,1.1460512304149688,-0.670849458324966,0.1964176724345208,-0.027828302414889095
5,1.0871800250865817,-0.8240814423840561,0.3043696550308681,-0.017421740006568598
6,1.1339692484398824,-0.9277567166619463,0.06953876081472288,0.08297267378407014
7,1.1601439403848417,-0.8690194206235446,0.40875482895420134,0.13113942210208052
8,1.1500684510274368,-0.7182599705981261,0.5019587458221508,0.17630309252291454
9,1.185997343643237,-0.7387521669199373,0.09555113310817376,0.1930776855865588
10,1.2276758650288002,-0.5861951447667764,0.08543624930136673,0.15015647275072297
11,1.3154528983099567,-0.7268403282656664,-0.1670731880842169,0.09990531994480989
12,1.4965083715779315,-0.49125501328498444,-0.11003160367214093,0.0529657539129289
13,1.4396304037870777,-0.39081680804912367,0.028772503180235276,0.03067974662639017
14,1.4426875490009365,-0.6471903571337521,-0.14572499418314067,-0.0012820376602462602
15,1.418563401523329,-0.6699102170949516,-0.032104038466712836,-0.019435998266317256
16,1.4207078378493634,-0.5228272753036549,-0.057975749587726,-0.036995409520102385
17,1.4199013568163537,-0.7699551854628623,-0.07967474620117798,-0.03276877595760652
18,1.5512196581761373,-0.6788821493975661,-0.044949306449609594,0.009201684020865741
19,1.4971887448657526,-0.6228002458463493,0.11915394518696587,0.08436943779673811
20,1.6058183902929954,-0.5694102428958558,-0.10688039274799621,0.0930604017308383
21,1.6558110103273407,-0.7967782346102013,-0.18386141824926483,0.1280443899508441
22,1.6190028889471364,-0.6909054973111495,-0.17237205899836283,0.09215044673999273
23,1.6618978195332943,-0.633335793674064,-0.1076133393447094,0.09068507648771629
24,1.655829690271844,-0.5508422133002853,-0.29974862793038426,0.04516286065972963
25,1.6407269877976205,-0.8224561306993792,-0.3116992830456553,-0.001530422901851125
26,1.6793268122013956,-0.6957128405508683,-0.0045195810768206,-0.04077944187451976
27,1.6360987557740145,-1.07943400260217,-0.2874995965409397,-0.051680165035065784
28,1.8241085038585538,-0.645994017360124,-0.16838020037974388,-0.046557828014897495
29,1.7765686505247231,-0.6228019799518734,-0.286578752288392,-0.022043219371028044
30,1.852676661721489,-0.6599165349757925,-0.43204920885729337,0.048050759570344326
31,1.927122579405136,-0.5545773368519065,-0.4184420663257242,0.09634371582353651
32,1.9683968248655788,-0.30283117984112096,-0.24712226937793957,0.1502735055254334
33,1.9618335980728716,-0.5060504010915565,-0.15253738140553708,0.15600168621085686
34,1.932450780394106,-0.7347576761402763,-0.3168300428124695,0.10972351837932592
35,1.9159090920053359,-0.6709695699990164,-0.2412037806014382,0.045243309059401327
36,2.046126996539556,-0.7268726435278552,-0.5432406325004138,0.011751881163775124
37,2.0843262032979624,-0.4527622637475588,-0.43047090193856263,-0.019765585418326737
38,2.0356142278330935,-0.7014798256836627,-0.24148133608720457,-0.04200465618259841
39,2.0912052337204727,-0.7388262644253416,-0.3859213866870874,-0.03316000929390839
40,2.1185036710149916,-0.7302002293754413,-0.3882243909727947,0.00811067967646295
41,2.238757851404557,-0.41895971018956857,-0.4432953377913691,0.057017288347935846
42,2.2771266613390253,-0.5834591453048006,-0.4471272029238804,0.06047009271622983
43,2.302501667829233,-0.41819547926994005,-0.6364329869959136,0.06832273539367861
44,2.315238649647256,-0.42425036218517675,-0.554332557855318,0.07437893159561781
45,2.328316010067624,-0.37783175918835354,-0.5697636939648447,0.03334053152616434
46,2.387276839222068,-0.260690158463575,-0.5076318887591782,-0.004040724465994572
47,2.439750508355303,-0.4412892711426082,-0.6698505028729471,-0.0325725704336719
48,2.4893927493369006,-0.3428777293206906,-0.6793435770260601,-0.04314563870252641
49,2.48974964416999,-0.36759128861555723,-0.5220250826370716,-0.046696556355470875
50,2.49847185849751,-0.5976509726806682,-0.5818532919544737,-0.03407681660047501
51,2.538012267462136,-0.547919895499632,-0.6938753949246319,0.020895107736293994
52,2.6517567191450553,-0.466661146618236,-0.7990123464392411,0.07110104278245899
53,2.743246669887526,-0.18217816360282768,-0.802850911977842,0.09927777573182084
54,2.708717031912329,-0.19787991816480144,-0.6605048630916883,0.08849385135289367
55,2.772312858898431,-0.3740352388414294,-0.9446355109770792,0.05730136313741241
56,2.8412453429085645,0.002640834699690231,-0.7082967165475083,0.013167792680860657
57,2.7666381418294463,-0.37806844474187074,-0.6332643949290002,-0.007554825911370244
58,2.809907081280585,-0.36388810782162295,-0.6831748869271337,-0.024100532113607187
59,2.815093659234037,-0.35596466405655747,-0.860984798332268,-0.04727848397243406
60,2.8425334643903852,-0.30432525728650717,-0.5538319900830544,-0.05669691230173157
61,2.8520518143159848,-0.3589806243913358,-0.8689307341161907,-0.06596504435509587
62,2.874863451613237,-0.3944315039796322,-0.715662265310641,-0.05361066744484333
63,2.9669636503361403,-0.3273748871324642,-0.9694986374371126,-0.018912559724014955
64,2.9792348435454983,-0.37361500137049575,-0.7025417356481398,0.020445602360439352
65,2.9885430072448003,-0.2712054871274461,-1.013868823885403,0.04673683095739989
66,3.0006753728754916,-0.5881093432724072,-0.42319378704058863,0.04785031884404134
67,3.0917562620728063,-0.11824286080599222,-0.9383103713158931,0.04764991430459986
68,3.0850484129573488,-0.10087444895324893,-0.8018303887939595,0.020127628479031046
69,3.0917188575384102,-0.3130415429019422,-1.217420253486452,0.0053497247068321485
70,3.1897613853723215,-0.32360729225786145,-1.0029337597126897,-0.03616593831799264
71,3.1690548059216326,-0.08765766315110568,-0.7660581709388481,-0.0596864766708336
72,3.1032583971114605,-0.5310374928163526,-1.0259997808703076,-0.06169494480479898
73,3.248383975309366,-0.19210186404507112,-1.0620406705307062,-0.05830654551749603
74,3.2682698615722643,-0.13928346620761545,-1.1445222370808494,-0.02574256223061866
75,3.3570326750192407,-0.16771702111418563,-0.8110026121340184,0.029177162627149755
76,3.3758341497830884,-0.026503290278697023,-1.103549835721637,0.06758749488665217
77,3.4361824678135235,-0.033522870713341035,-1.178426959108407,0.1204482619589271
78,3.424968866948234,-0.018675349870648006,-0.9460723205825019,0.09888228610913075
79,3.448418979902499,-0.23330444799276506,-0.9867558627311581,0.056170536829085904
80,3.3832330593163533,-0.2717901912968159,-1.0286276949716608,0.020173676636943583
81,3.5401147496239673,-0.07756589693613591,-1.0615584724696419,-0.019583403559749968
82,3.506237855891527,-0.19989074737310375,-0.9954169700762208,-0.03367080315564408
83,3.5390836529886656,-0.1782512715168707,-1.2189492661915438,-0.04635856248205528
84,3.614464071664429,-0.1999407074398789,-1.3469219468397569,-0.027234318005696423
85,3.695420122209839,-0.0535636758533542,-1.3336581816612636,0.014625113757858799
