,tas,rlut,rsut,rsdt
0,0.4955223637267636,-0.9334530501874099,0.32474632468994,0.10782250828975748
1,0.6330662970493677,-0.9548946206597293,-0.015128298297071296,0.05309901441512466
2,0.6947158777864502,-0.5748162970507167,0.47555090692307544,0.019713322848247117
3,0.5447573263052163,-1.208363323615771,0.12768950955695857,0.011157923995881447
4,0.6712712973000521,-0.23940960053408844,0.41989744985936284,0.010426323531874004
5,0.7194506015648585,-0.8534191188523721,0.049574175396188025,0.03566712351272372
6,0.7707264873087638,-0.8470376887250097,0.2857376134519285,0.09100250821410327
7,0.7114714406303619,-1.0462253700343354,0.5230757541254292,0.16358283774951587
8,0.9543610348124503,-0.6309004270177923,0.23551731577191504,0.2089011702590824
9,0.9417804061762922,-0.5206481132579199,0.48885820926020074,0.23141659674519133
10,0.8246028157214482,-1.1073663086178271,0.3221868540636166,0.186382142237278
11,0.9627008178474057,-0.6587035923775773,0.21452266087963778,0.13780847871367996
12,0.9568340412184853,-0.7764594600561452,0.2892100067759884,0.09210750383505228
13,0.8898250990289398,0.17786594500236674,0.6464751744513961,0.07549412242588005
14,0.7094919977075733,-0.35993912664898176,0.11024989798507079,0.03719126119796101
15,0.7757320675069082,-1.0886815411380155,0.05900925346696795,0.017433557332481087
16,0.882864412297522,-0.9919373548943327,0.20605611473048668,0.002598324533721552
17,1.0330677234780978,-0.8763601075352483,-0.10596594272456628,0.017558257203404537
18,0.9486648915283808,-0.9342057610953987,0.3483353101558748,0.05039098266695419
19,1.0377733126090334,-1.0250524388251847,0.2512011759922643,0.11261399048413523
20,1.0276013520218044,-0.8440027905136844,0.8500193961215246,0.1329710317341437
21,0.8205228152198742,-1.3592437508202124,0.0018101442211104768,0.1640531783347683
22,1.0766387638154242,-1.150624062525452,0.12006695982304905,0.1332801495322542
23,1.2041628550464338,-0.7909210932529334,0.3907093764247094,0.12273743871389797
24,0.9176082942912558,-0.5111503522980172,0.5573363694870892,0.08129885479269205
25,1.0743570882596032,-1.0806083600722616,-0.539763155089787,0.04519423592410021
26,1.2741871037467263,-0.9262469767139692,0.19341906098637196,-0.0004267948586402781
27,1.2128841270270527,-0.8456646000641399,0.34626132524016384,-0.012965128559585537
28,1.1907879406925872,-1.2577909647557988,0.14826367388316442,-0.007381268514450312
29,1.1197775583392513,-0.4239607220992241,0.557155646245846,0.029187024537463913
30,1.0010224659776554,-1.5222807421785376,-0.16802800527570128,0.08206060018460448
31,1.219782713829602,-1.1031187194738266,0.259639223198846,0.13378456593255805
32,1.3300100698381812,-0.7783393480916345,0.04670219359249472,0.18060579950446254
33,1.4450747146690333,-0.9194333694147474,0.162487210465045,0.19522580804454037
34,1.4175180070598685,-0.9175415595067875,0.08181533034075983,0.1453756713597727
35,1.498873169609169,-0.879886678965363,-0.5203141038005157,0.08561166401744913
36,1.707807473141827,-0.4553260867552922,-0.02961795441393633,0.048295081240269155
37,1.4221226958064221,-0.9166965491162955,0.04746203046546782,0.027255041963371696
38,1.4540500697107177,-0.16838732825760871,0.3101750114267787,-0.001009499664348823
39,1.2768210313043937,-0.45012968223562666,0.12344815185815605,0.007607344667007965
40,1.4178131003973817,-1.0345699455765782,0.5045476041734105,0.04546559068791112
41,1.3004679843608073,-1.5970401855068985,-0.23505859566641618,0.09773552072755365
42,1.65109713365149,-1.2455530360641376,-0.26420949539635785,0.0974859855654131
43,1.7107710977173838,-0.6277683148091455,0.6239818105018458,0.10501788383800204
44,1.4843075392986407,-0.5122971489823271,-0.006599867296031903,0.10517201358368311
45,1.5865656691929644,-1.0616189789529074,-0.4099601174801393,0.07918901228720188
46,1.812377921447137,-0.9849495313321199,-0.07640048294967983,0.034357156213104645
47,1.846684614330968,-0.8542568871112621,0.23131697032225418,0.006420415436593885
48,1.7237221422632842,-1.1233095849703432,-0.29652809991432605,-0.005506395770225936
49,1.8789368464933887,-1.059090752732402,-0.19853861324538968,0.0009617271913384684
50,1.9412360087003435,-0.7355245675703941,0.0059991393915481694,0.007915629101375998
51,1.8071268157202098,-1.1390482886934308,-0.3252222936702367,0.057276559959859696
52,2.0064085682029713,-0.7084338122437828,-0.018496625394760713,0.10509993241169013
53,1.7794869758795926,-0.338664173509585,0.6074113036388553,0.14012517052105977
54,1.6198189420088056,-0.5736001410775202,0.3363902911113428,0.1223549974369007
55,1.8380118722955103,-1.3290642840478597,-0.6019097958783561,0.09237628102954432
56,1.9938960050724859,-1.0791898697393947,-0.466821359717116,0.05282035069041058
57,2.1034004191188274,-0.8358503525468564,-0.15052217581614968,0.038119242203379144
58,2.0551099585435395,0.12302098933844263,-0.2222011371812016,0.011775567007362042
59,2.023908877772442,-0.14032916809716767,0.3471983173911042,-0.008632592222397761
60,1.8792339213811715,-1.5415888697087041,-0.6442664934369446,-0.019799939936149258
61,2.156702928507798,-1.09196845755622,-0.18698487924241647,-0.01761483726215829
62,2.0973514785971474,-1.0992208151581622,-0.040998645640314635,-0.014076448046921541
63,2.034964031609661,-1.45899179927477,-0.597420822940137,0.018623903403465647
64,2.020762302866217,-0.45036046801237717,0.3133295413760351,0.05481914848911629
65,1.9879022794870025,-1.5088216222257245,-0.10889877167160478,0.0889219888883872
66,2.179169899206329,-1.170259614947696,-0.30448150764154036,0.08495626990878691
67,2.2139748441803135,-1.2834322927827202,-0.2944919704594895,0.08067167776988526
68,2.3383691571103213,-0.8437836982022588,-0.06637613674627119,0.057879300928789235
69,2.1191073503871394,-1.340495673812967,-0.637594383531976,0.047866084021109145
70,2.418969807461224,-1.105958851398782,-0.2551329939280862,0.0027147103425591013
71,2.440061426249997,-0.982361931838966,-0.19184806334531856,-0.02029479308612281
72,2.4721858628849986,-0.8763621954443579,-0.8895850418251143,-0.0242750775352647
73,2.5928390729898183,-0.6386735682300468,-0.052021948135219986,-0.008872346492637462
74,2.52798611264609,-1.0548127031651688,-0.432482377350226,0.013736566901798142
75,2.6747715567502155,-1.09133727671869,-0.3168406089160811,0.06336437900910141
76,2.741035565083507,-0.5695077749857091,0.16496489144000748,0.10641423530654492
77,2.700543384336413,-1.1282147926055757,-0.26607041862727954,0.15676243618861463
78,2.5662644247520916,0.1724315366745941,0.6936332155681129,0.1328481343453518
79,2.311609870661698,-0.7688824108720098,-0.37295099964269696,0.09341291297550924
80,2.5310261583264264,-1.2230918562609077,-0.45543259616464127,0.05697428420205597
81,2.637568188955811,-1.2641926122509233,-0.718037430027124,0.02940257641654398
82,2.826884226483571,-0.8429379055880872,-0.16573695646891906,0.003442113533083102
83,2.732522392428791,-1.1235064307640243,-0.9508916780314394,-0.005560782214388382
84,2.7599866853161643,-0.04851629792443646,0.14185553156139008,0.012078905730959377
