,tas,rlut,rsut,rsdt
0,0.5311279429799924,-0.8934286160966849,0.25621786146193415,0.10786211772239085
1,0.4406432892234875,-1.3182879520828124,0.09141490567066057,0.05309901441512466
2,0.6599816579596904,-0.8880693349426849,0.07103475428326078,0.019713322848247117
3,0.6525839061464467,-0.7232117875962558,0.09908736021753839,0.011157923995881447
4,0.7035147059583551,-0.7409444572558357,-0.2866885722451826,0.010426323531874004
5,0.712608049059952,-0.7571051716307977,0.32794120577953834,0.03566712351272372
6,0.867714868160931,-0.8050829344288672,0.6404013095564522,0.09100250821410327
7,0.7164359805584581,-0.6538616166600946,0.7274409495326211,0.16358283774951587
8,0.46794080912019353,-0.524515450092423,0.5615152830624908,0.2089011702590824
9,0.4794307714672641,-0.4048494229180619,0.34033916687641863,0.23141659674519133
10,0.6069044491533191,-1.1453116096632527,0.06556223456421151,0.186382142237278
11,0.7968019983464387,-1.1297631084198656,-0.010016612011284565,0.13780847871367996
12,0.8758525573986731,-0.8235248538973394,0.39336143889768493,0.09210750383505228
13,0.7201972069124736,-0.14171412139293693,0.45538777113171136,0.07549412242588005
14,0.4979643744781015,-0.5701314000057778,0.4261277106266732,0.03719126119796101
15,0.6551808387101232,-1.2882998596109587,-0.10655564023166164,0.017433557332481087
16,0.7137050505793923,-1.1567317367167504,-0.014794203218343682,0.002598324533721552
17,0.845154538984275,-1.1444582373219134,-0.1581193659619089,0.017558257203404537
18,0.8130814813742973,-0.21203747549918717,0.6652020024010454,0.05039098266695419
19,0.5005996815542062,-0.947980744276407,0.4087542071788164,0.11261399048413523
20,0.7494694672792548,-1.4210353862905833,-0.08401928615738541,0.1329710317341437
21,1.0187929139582934,-0.8770043337873119,0.356991730013803,0.1640531783347683
22,0.9838731161853502,-1.0937905666011432,0.051804199059404255,0.1332801495322542
23,0.8062812339733796,-0.49068429059084906,0.6069539117595468,0.12273743871389797
24,0.8769032715418348,-0.6149319712973522,0.14635356204155414,0.08129885479269205
25,0.9655019217545373,-1.239920971554909,-0.19310707383915826,0.04519423592410021
26,1.1885261366330155,-0.940943902440182,0.091954986646968,-0.0004267948586402781
27,1.1803409630708188,-1.0185876208624336,0.07262665875030905,-0.012965128559585537
28,1.1465460726005858,-0.08800755880793076,0.6103038043714264,-0.007381268514450312
29,0.9384056028309828,-0.6593005975585413,0.4377899554414739,0.029187024537463913
30,1.0186684845483,-1.5047882754650743,-0.46908750679379807,0.08206060018460448
31,1.3478287405865217,-0.9145808585508348,-0.1394922306595987,0.13378456593255805
32,1.3485429568329437,-1.217998422225719,0.08899711681985423,0.18060579950446254
33,1.5149770750814469,-0.6535790446111207,0.30281941297545245,0.19522580804454037
34,1.3183678094497964,-1.319755085861516,-0.04586051688610837,0.1453756713597727
35,1.3754798256882736,-0.9946816276185473,-0.3031323054060522,0.08561166401744913
36,1.5349864534647395,-0.8770572164999351,-0.32306409643736345,0.048295081240269155
37,1.6468261798585218,-1.0325626479275911,-0.06219551760730724,0.027255041963371696
38,1.480455448862017,0.11924218980078649,0.3668342253687058,-0.001009499664348823
39,1.2333962595628236,-0.6354785725354191,0.007552250495308499,0.007607344667007965
40,1.507660222374227,-1.268989801424567,-0.7950323177608709,0.04546559068791112
41,1.7213981348174343,-0.7371296805655447,0.22382981756037168,0.09773552072755365
42,1.5510343616484192,-1.3859927138891521,-0.5177550189688702,0.0974859855654131
43,1.5568572847094515,-0.3128587458574259,0.11426405736696665,0.10501788383800204
44,1.476570587448009,-0.40277890660428284,0.03646717152737722,0.10517201358368311
45,1.7011931265018347,-1.353186069338932,-0.1664141863661257,0.07918901228720188
46,1.6822078516153738,-1.337444855622607,-0.26266411524599675,0.034357156213104645
47,1.588788683947314,-0.5331435351339167,-0.23165856548216368,0.006420415436593885
48,1.6421012529565928,-0.2191040633097998,0.20036368690036,-0.005506395770225936
49,1.6214177912441414,-0.7125596205257807,-0.3294432415468549,0.0009617271913384684
50,1.79091742441193,-1.2942733581381844,-0.6374655209983473,0.007915629101375998
51,1.8380636150164378,-1.4141286181662167,-0.6081076694163841,0.057276559959859696
52,2.122132280384335,-0.858254169225404,-0.5640065029360812,0.10509993241169013
53,1.9862790403491886,0.05393668147874564,0.7701597339271444,0.14012517052105977
54,1.6046318131741941,-0.861026454509215,-0.1993396804234493,0.1223549974369007
55,1.9103675346543127,-1.4345703160036294,-0.6009336248602182,0.09237628102954432
56,2.1317067357596216,-1.4519565692172591,-0.22780379975806397,0.05282035069041058
57,2.215647498068165,-1.122218507914397,-0.7707874355230331,0.038119242203379144
58,2.150316658430711,-0.3441904297663143,0.3929345249373455,0.011775567007362042
59,1.940353869917601,-0.578161770208311,0.17158948964807053,-0.008632592222397761
60,2.135455431367518,-1.3893335847955655,-1.1223821113577657,-0.019799939936149258
61,2.2244194851336374,-1.402666721039509,-1.1241163390901079,-0.01761483726215829
62,2.4810480799416723,-1.1495977537405508,-0.6649119114245252,-0.014076448046921541
63,2.4043898328296223,-0.16684188287223378,0.07690908202400237,0.018623903403465647
64,2.183511865372111,-0.5744719977005843,-0.357039489325075,0.05481914848911629
65,2.358838467333669,-1.4703205387532705,-0.5631524747182937,0.0889219888883872
66,2.439664748953021,-1.4227048540843725,-0.8294596475498679,0.08495626990878691
67,2.5876677191181443,-1.2204648189123475,-0.5834190610680849,0.08067167776988526
68,2.6413163441517327,-1.4110838545114746,-0.4493955039453965,0.057879300928789235
69,2.8080009647987367,-0.747551836003538,-0.21884905273815036,0.047866084021109145
70,2.697282364360717,-1.1262130343450565,-0.6050982659960482,0.0027147103425591013
71,2.834288025344904,-1.2354706198160272,-0.8843457410717122,-0.02029479308612281
72,2.9329647279457163,-0.8425189587408113,-0.37573350671463857,-0.0242750775352647
73,2.6563326884233334,-0.35021738123438695,-0.2573335578000666,-0.008872346492637462
74,2.5761776574922237,-0.615405400672671,0.1823721364821438,0.013736566901798142
75,2.6532411345380638,-1.509229950518602,-0.8083039616937668,0.06336437900910141
76,2.927016043647427,-1.1576440172666764,-0.9618436642876276,0.10641423530654492
77,3.1106781286590603,-0.8993883489708026,-0.5662341012466356,0.15676243618861463
78,2.932970167965607,-0.202137268632697,-0.22426446991116222,0.1328481343453518
79,2.775623383675679,-0.5880581385087851,-0.31479811881462183,0.09341291297550924
80,2.916055582881768,-1.5653339388984193,-0.9113501468679175,0.05697428420205597
81,3.1627127546184965,-1.1502966789851712,-0.6601971951287737,0.02940257641654398
82,3.169647267094092,-1.2611064456013992,-0.7440707829274231,0.003442113533083102
83,3.3803636506315797,-0.9831816531770414,-0.6678322113068447,-0.005560782214388382
84,3.3127944235606037,-0.9588301470237184,-0.9942747739587077,0.012078905730959377
