,tas,rlut,rsut,rsdt
0,1.8248011119482612,0.5703863904691389,-1.2217628047722968,0.08231592738218296
1,1.7681939897547068,0.13332881621801107,-1.3464032359264877,0.005592296339500535
2,1.8902402344446614,0.6589759191298299,-1.75836550602844,-0.01474500346256491
3,1.9351625248155528,0.42601064202861494,-1.5260278960229812,-0.027374088258113716
4,1.8590053249178595,0.32394757683152875,-1.4871363076891981,-0.02685815105559186
5,1.980489070843305,0.2464807354926961,-1.7453294472658314,-0.01823860152234147
6,2.045869011722118,0.3963447099812072,-1.8824734406273365,0.04387045298773273
7,2.368952778932737,0.9213437687335215,-1.7558671064977176,0.12076849782221188
8,2.034501323680388,0.45539262066762376,-1.397036255946432,0.17452930352533258
9,2.0533093524928745,0.5204236633294101,-1.6923463463998019,0.18658612293819488
10,2.2534292630247137,0.628706729488016,-2.239858608248298,0.14713539627382488
11,2.3487875819014334,0.9617199253669355,-2.1028289011196506,0.10386052401543111
12,2.441124674012144,0.5056945001401516,-2.0893662867064933,0.058144481442184315
13,2.371527636732253,0.7760849666704246,-1.9670484321289479,0.027076172641500307
14,2.4694399107751224,0.7113710333976258,-2.327119775895383,0.0037460660860233475
15,2.56289864962298,0.7913225927441943,-2.3736715006145204,-0.015999591696072457
16,2.68168370897547,0.9807247747457666,-2.4335426906886255,-0.03474844839581692
17,2.6735979340139124,1.1314435685732178,-2.1741683191030035,-0.03242319238603386
18,2.5538553762602874,0.7598189284149157,-2.2259991686061795,0.0020200522839672885
19,2.761518985723683,0.9797937469838587,-3.093986890292001,0.07850237576900554
20,3.03975729747458,1.3426047809580837,-2.535096392961094,0.08701292105291714
21,2.8595958939737898,1.1796517386004552,-2.332619056322102,0.13191416697048908
22,2.9736690995210893,1.2047121604028064,-2.96586967335719,0.08882230078785369
23,3.0167366750079623,1.2323096183041287,-2.7061728919984915,0.08734865587848617
24,3.021085194877344,1.1814080301979573,-2.7506881505518663,0.04853399163141603
25,3.050369418532796,1.3258349536249625,-2.731339349382182,0.003397118633131413
26,3.219164974430214,1.1351203069673375,-3.2198379346079236,-0.0362688274645393
27,3.4095236356684495,1.5864361817637302,-3.0101767094113683,-0.04935451443293459
28,3.3643582461624533,1.657181831826989,-3.2451134953586944,-0.04545683914795973
29,3.2528164981398504,1.3667519958099206,-2.9986828077578735,-0.025044984636338086
30,3.3642169862476408,1.13932586236254,-3.383853361773845,0.040849716759908006
31,3.3822990477710277,1.4106468124172125,-3.1194094801449523,0.09119104367539421
32,3.4793643071437828,1.6535121412722447,-3.461447600965812,0.14640062700590306
33,3.643034743866963,1.6656340305162303,-3.775251196684181,0.15289202320661843
34,3.824299609994682,1.88034672825151,-3.6095510818516487,0.10876194649733861
35,3.8448676144483898,1.8773420090950026,-3.8137987507698057,0.049258547420606646
36,3.7733105557941258,1.8789058326526913,-3.490450973361149,0.017187023821009006
37,3.795971540292669,1.7593930541792133,-3.4518629893521506,-0.015966737710186862
38,3.792153590409214,1.6011581153210557,-3.5404719030239136,-0.04107220733931172
39,3.788298905313013,1.7350222832080533,-3.4833879056801322,-0.03498341491774681
40,3.8740921082658133,1.9305723040141345,-3.893997272524274,0.006014195819830093
41,3.897498547873454,1.7517524296938802,-3.6977288301463602,0.05384904840292393
42,4.126314699533339,2.0538520187466247,-4.220540440974133,0.057636606854146066
43,4.103443085048696,2.3769320242793697,-3.7115631612887796,0.06487182834365512
44,3.9431031134411683,1.6724887107652933,-3.8384696355866055,0.07625128439474338
45,4.153597950072935,1.7205179213734993,-4.265420510260796,0.03939629551962298
46,4.4775068723944855,2.2151368620565393,-4.466783336984449,-0.003762826550769205
47,4.65415736933204,2.647652037924445,-4.569774851425862,-0.0298359413268372
48,4.3742439458793,2.313008031520951,-3.9726343383537,-0.040924479680541026
49,4.237782762321615,1.7930229755251048,-4.260904887005509,-0.044145071943887615
50,4.535400941439832,2.2125439808893077,-4.609529679936287,-0.03570625990903409
51,4.62417818806523,2.177365641680808,-4.473266851498181,0.014776000061090144
52,4.782648739557203,2.6144447258083687,-4.240365869264693,0.06654026144502723
53,4.667082969329783,2.4400752262439767,-4.501213753496415,0.0957651275761009
54,4.835542314482041,2.3671204072077785,-4.754934321309165,0.08951232712018964
55,4.96265033254349,2.501522478406258,-4.9690187724934844,0.05732351609287889
56,5.020377829945517,2.8162547587982374,-5.344254784514945,0.014025626847399053
57,4.911460449340552,2.2864334804251882,-4.631311468285745,-0.0011619417290944511
58,5.1154630850682,2.441519731958522,-4.95016055352464,-0.0215741325680483
59,5.359532027757552,2.851577586323174,-5.046548157974939,-0.0448627477275636
60,5.2093532387482355,2.5662008757164188,-5.325316330089251,-0.05399984371149458
61,5.226361239926575,2.359454337992588,-5.181375609728221,-0.06318653138265518
62,5.558818858002326,2.9345772665005825,-5.23044598421852,-0.05413987861044234
63,5.409913058729785,2.82632617608607,-5.253629103288674,-0.022083497846324462
64,5.356014046779649,2.5144035501919006,-5.531270784346958,0.018741257509589104
65,5.556942343914955,2.8669775979104486,-5.61693863764242,0.04464560398929507
66,5.804983247535802,3.179705903072204,-5.653932186507674,0.04290861051339334
67,5.9036449374260656,3.472406929279032,-5.598069412458912,0.047117298442401534
68,5.579738981168077,2.784471752098341,-5.643182920143744,0.02480050551878321
69,5.82784391884519,3.218592494074983,-6.379632258583371,0.006739390369489229
70,6.000707477336562,3.3036992438143216,-5.715437565340935,-0.031175441757682165
71,5.967697350825233,2.9886841494379723,-5.758013102827846,-0.055675199412007714
72,5.934743637181327,3.0478637760851655,-5.673474614721684,-0.059816256935960155
73,6.041803505051973,3.035675685819541,-6.0302615065912875,-0.056667603911705555
74,6.320163866815051,3.525631922636393,-6.223149941890185,-0.028880874890035102
75,6.301296590834113,3.4224284942415863,-6.356426392315399,0.026266511738299414
76,6.182205666349034,3.427020789824809,-6.17511854479865,0.060189758009698835
77,6.343470581544409,3.548712322041979,-6.568029817034827,0.1144846450799264
78,6.510115710615423,3.6214472992962214,-6.041585086822749,0.10168521701638156
79,6.4656707378752,3.3758701096780044,-6.261581706039038,0.06149897603881982
80,6.5520728898101765,3.6515429162371618,-6.307045634764421,0.017986102137115267
81,6.528602236687561,3.2118873018835927,-6.27049513915432,-0.015737849158085737
82,6.56244877513285,3.375119495538854,-6.839646601604713,-0.03094526759105065
83,6.83552412241238,3.7467472259970975,-6.727771423023341,-0.04420356325783814
84,7.066814845918088,4.122231851131261,-6.966231491713586,-0.028977702972667885
85,6.921898213483246,3.622507668986941,-7.004415000493111,0.004072106271678422
