,tas,rlut,rsut,rsdt
0,1.7036180219644734,0.24246372175946362,-0.9453456091814587,0.08231592738218296
1,1.8647664209294703,0.18963014048651416,-2.3194034058695365,0.005592296339500535
2,2.2609623917404065,0.7345309215552902,-1.4614239522653207,-0.01474500346256491
3,2.1164145606757643,0.7674557566173235,-1.6162420875323988,-0.027374088258113716
4,2.0635975755730556,0.47323130949220626,-1.7198558845608005,-0.02685815105559186
5,2.0582470934252797,0.4027938698985736,-1.5041657944227467,-0.01823860152234147
6,2.152561907716688,0.7590858427524552,-2.071756417085524,0.04387045298773273
7,2.1203109110182936,0.6490833869955566,-1.8158786863226197,0.12076849782221188
8,2.362640861878674,0.9671839800133455,-1.9548458994394053,0.17452930352533258
9,2.3118358745015257,0.9174315784491398,-1.7038481224758328,0.18658612293819488
10,2.229102346372997,0.5853627698255082,-2.190310273527203,0.14713539627382488
11,2.4367224676943806,0.756128108395842,-2.2893076639103924,0.10386052401543111
12,2.441997103028882,1.1349926556003993,-1.9712374008188505,0.058144481442184315
13,2.399921972696575,0.6945957353569838,-2.0457978834328685,0.027076172641500307
14,2.316159915999947,0.6456235361297615,-1.8309111839458012,0.0037460660860233475
15,2.381639881872843,0.6221842183114745,-2.4084225486317052,-0.015999591696072457
16,2.696321266475536,0.9523333255108071,-2.748552493231557,-0.03474844839581692
17,2.7666032588761027,1.197364451640965,-2.348865741529437,-0.03242319238603386
18,2.678466591123936,0.821278195402158,-2.4349516412002714,0.0020200522839672885
19,2.7137634438201417,0.9546802688466585,-2.560941865065402,0.07850237576900554
20,2.756013174698637,0.9509646136755237,-2.285440424223154,0.08701292105291714
21,2.8366094700214717,1.1116627684533,-2.7874960459892577,0.13191416697048908
22,3.0316232887922183,1.2977779613543134,-2.9151977115375587,0.08882230078785369
23,3.0039600275379144,1.4311787967398004,-2.455023097443487,0.08734865587848617
24,2.905985709783863,0.9530602740924223,-2.699723630277475,0.04853399163141603
25,2.8858224919988515,0.7056464353998138,-2.669700397986688,0.003397118633131413
26,3.006243329042718,1.2219405104654584,-2.805105375180375,-0.0362688274645393
27,3.048492458734131,0.9980376893562095,-2.651275506504092,-0.04935451443293459
28,3.1541685535118518,1.1421561765151864,-3.2582963088202916,-0.04545683914795973
29,3.2499513216231435,1.3006048473607734,-3.0876168498550953,-0.025044984636338086
30,3.236798617375541,1.421477201268658,-2.772782669766599,0.040849716759908006
31,3.24409966313965,1.3204214509102314,-3.1701225487763054,0.09119104367539421
32,3.49277553561825,1.503349418446163,-3.38947878158109,0.14640062700590306
33,3.510892674390334,1.5754042723897044,-3.3205821029276734,0.15289202320661843
34,3.4223499738213263,1.3212430678463534,-2.693334509572324,0.10876194649733861
35,3.611342363606866,1.61563624197845,-3.378117930772362,0.049258547420606646
36,3.8424115584542733,1.6299403388198357,-3.417861286271105,0.017187023821009006
37,3.80946160422576,1.8945931678235866,-3.4012823086737853,-0.015966737710186862
38,3.5920217536282735,1.5468048033007733,-3.5282423100194933,-0.04107220733931172
39,3.6235681721956894,1.3688259314406537,-3.588195274117851,-0.03498341491774681
40,3.722283083319894,1.7674551073307327,-3.652760204005631,0.006014195819830093
41,3.825163701294855,1.7877438601127267,-3.951738190437709,0.05384904840292393
42,4.023968607444488,1.7824592028516975,-3.9721250489629654,0.057636606854146066
43,4.288592711027434,2.180281047120758,-3.844837588805632,0.06487182834365512
44,4.200427863345681,2.204664138922908,-4.09100346244216,0.07625128439474338
45,4.110010811777158,1.8095085696122055,-3.897220664015535,0.03939629551962298
46,4.311959228427952,2.116454769903214,-4.489097809422148,-0.003762826550769205
47,4.375659054039204,2.126701976277758,-4.285645423710193,-0.0298359413268372
48,4.508426766189757,2.334829441100311,-4.061773974318243,-0.040924479680541026
49,4.31704015866319,1.9286085749582753,-4.125274038068909,-0.044145071943887615
50,4.401936051786663,1.8919731213547095,-4.5030354633938,-0.03570625990903409
51,4.518139994754563,2.338453290436121,-4.638944431388865,0.014776000061090144
52,4.8166222936486065,2.4726871019855423,-4.765309610771325,0.06654026144502723
53,4.778578448512462,2.6227192728832165,-4.401880829367315,0.0957651275761009
54,4.592500203230429,2.1314250452133763,-4.730269343912937,0.08951232712018964
55,4.748497269232871,2.2242772774108346,-4.9074384110869005,0.05732351609287889
56,4.857136580804877,2.544515837194041,-4.864264185777955,0.014025626847399053
57,4.968943052638281,2.554904682434284,-4.533899690180533,-0.0011619417290944511
58,4.942433829894185,2.602371322155932,-5.1454266640669175,-0.0215741325680483
59,4.952014080698859,2.3047340328145935,-4.848010453206072,-0.0448627477275636
60,5.117042630513254,2.497315142382149,-5.216173254811338,-0.05399984371149458
61,5.275261952139886,2.496930226884132,-5.223088844357179,-0.06318653138265518
62,5.559691595918764,2.869451529643669,-5.458212485099949,-0.05413987861044234
63,5.528945087646662,3.112172089045231,-5.173655787044012,-0.022083497846324462
64,5.5099598328095,2.788568646851161,-5.7661684753174995,0.018741257509589104
65,5.712396137951487,3.078441212756559,-5.829736581594787,0.04464560398929507
66,5.917767425839145,3.2747736691447358,-5.565791370215933,0.04290861051339334
67,5.653614911319096,2.8492850310693143,-5.555069597923605,0.047117298442401534
68,5.787972373020182,3.067219812058113,-5.744058781127933,0.02480050551878321
69,5.905014708857152,3.1217877096383404,-5.843112641380813,0.006739390369489229
70,5.780632347510448,2.9691678367431393,-5.584375119722452,-0.031175441757682165
71,5.843140518283235,3.269294845019317,-5.899396305707981,-0.055675199412007714
72,6.049584036223621,3.3124849238898264,-6.260031791825995,-0.059816256935960155
73,6.125991441491863,3.5256199424989916,-5.983058764892164,-0.056667603911705555
74,6.121977020478482,3.21611818617734,-6.236203979700917,-0.028880874890035102
75,6.227356470413326,3.2828580505563423,-5.890950086873531,0.026266511738299414
76,6.1469479096394934,3.2979207164038655,-6.192085929528687,0.060189758009698835
77,6.20300580230321,3.1283861843149054,-5.9600003574979326,0.1144846450799264
78,6.3409389909116385,3.5479297793755507,-6.142046460404373,0.10168521701638156
79,6.411748734418666,3.4585998341724746,-6.414524802027032,0.06149897603881982
80,6.439214442513389,3.32046387780008,-6.441101073269607,0.017986102137115267
81,6.574307558868384,3.480643977736662,-6.504598598270761,-0.015737849158085737
82,6.7519855413121945,3.5355917601591784,-6.481139662755311,-0.03094526759105065
83,6.731548304801095,3.5343754148900643,-6.754256136367175,-0.04420356325783814
84,6.892082273940389,3.747689648702533,-6.755834425260815,-0.028977702972667885
85,6.815946612540245,3.531527088857814,-6.491324634599238,0.004072106271678422
