,tas,rlut,rsut,rsdt
0,1.348473208384405,-0.2524714350446118,-0.7071523082836677,0.06525909317502965
1,1.3293512058860983,-0.2943916428787361,-0.6318033973290369,0.024288418314426963
2,1.2803548322796132,-0.2663829513471683,-0.3338833219133903,-0.026734981162007898
3,1.360766870749444,-0.26879138133330116,-1.2610886862738795,-0.03441280947998848
4,1.6538595063939283,-0.008653533293426108,-1.1180137613109906,-0.03566840160351603
5,1.5785756204042514,0.006989381669541217,-0.22980083503280468,0.006370336044255964
6,1.5520583358488693,-0.17520711937336841,-1.334851289649336,0.04626631526218716
7,1.8464376427529032,0.12679963351183687,-0.7585371411539654,0.12450416478560555
8,1.590830243615926,0.13252484877932602,-0.6015947360567679,0.1684470288906823
9,1.649636662819887,-0.13476742450598067,-1.7851246927545787,0.2180780182141575
10,1.8001857979743932,0.1280032986315689,-0.7484711554950536,0.14303980172826414
11,1.7278778423304857,0.03788383750236335,-1.0381148576257004,0.09410362915190262
12,1.7498276490206877,-0.028146343406774577,-1.0090428815805836,0.043439576385083
13,1.969532033808946,0.15186356235392395,-1.4148803398536387,0.0558116246498912
14,1.9910178031221335,0.2323095485205613,-1.0104781882392757,-0.009490576585335475
15,1.8461281774225995,0.18322239254709416,-1.7076641216815034,-0.02751653940140386
16,2.102395126129011,0.20608013436913097,-1.9567601419776395,-0.04495949106046737
17,2.3079979347565995,0.5201585876998536,-1.6603413832609988,-0.00922809968619731
18,2.193281442206228,0.31011416634623856,-1.1692975345336265,0.0017348643432910649
19,2.034536668818248,0.26474647607270185,-1.7948702502693266,0.07697697462236874
20,2.337123197602807,0.38680348681052124,-1.2258086878251788,0.08550523443580005
21,2.1253559275490375,0.49489421449905535,-1.2124871812536497,0.1512066325980186
22,2.0570702745961285,0.20786896109012787,-1.946466745212902,0.08554021952181756
23,2.3056299880447,0.333575665147265,-1.5217144696440528,0.08509572609790439
24,2.293377950637023,0.3288432170746489,-1.3260728073363026,0.0361762754822621
25,2.2724365905995683,0.3303753390381985,-2.400743337145798,0.0229052195290933
26,2.4636218424312233,0.5492147717935723,-1.8812613998602643,-0.04890301731057889
27,2.6481565966813605,0.5255891001283146,-2.1533000546343715,-0.05990475335005385
28,2.642784893579176,0.8719733445856832,-1.7651795748702597,-0.05456052205755668
29,2.5897816592811296,0.73357163418234,-1.9162909295720283,0.0017839588947481388
30,2.7314731915431025,0.9180523636534019,-2.0214042809764123,0.0410341136063721
31,2.611871434395482,0.6450756294746895,-2.006630312844166,0.08902996291584486
32,2.6340305164226834,0.6623599836280789,-1.8025919688422931,0.14259088071838733
33,2.6288812085435325,0.6453559593650766,-2.0134103406991954,0.17992197160174328
34,2.6448640412704094,0.608701119428531,-2.02062812731765,0.10424227740543301
35,2.687933851438629,0.5166460495531453,-2.2107029424954874,0.036275008671111664
36,2.8142127229030507,0.746304989001942,-2.2862802985752353,0.0029773808829531845
37,2.82784350541516,0.6728796587607064,-2.27476001512467,0.0038818943955902796
38,2.957880486299416,0.8850015132869089,-2.32160639996178,-0.04973747684459795
39,2.7838036816614817,0.4881700243860223,-1.7385307057887331,-0.04121373196056766
40,2.8391364580380127,0.7515508458579632,-2.5393855000975663,-0.0002805699370469483
41,3.0916941779912577,1.0069734008341698,-2.8828365500551456,0.0826023092330388
42,3.0802169996877637,1.1480657646341115,-2.4140072265175974,0.05223361303001184
43,2.9675255091551094,0.8774508401728838,-2.3619177016109063,0.06067132342667492
44,2.9929485506751234,0.7468618932774973,-2.860713186469809,0.06690140058282168
45,3.244133761113062,0.9474477097809597,-2.5113493771232385,0.05589358021688895
46,3.1645558675282928,0.9806620602743692,-2.2527442505998323,-0.011250987244238786
47,3.159563334883103,0.7752188034608878,-2.3162830282803526,-0.04073149308248958
48,3.304449149974289,0.9154675515435429,-3.193495792108436,-0.05100975349591863
49,3.638342019658637,1.1873241827075276,-2.8104483993397054,-0.023140288079616766
50,3.506651969288896,1.1465677907792724,-2.9094054815595314,-0.042154268623960434
51,3.4441572962326745,1.2563311505111585,-2.751831111765725,0.013776903486188985
52,3.497992621036076,1.084616673529581,-3.109211107741416,0.06369218304496371
53,3.685760777451776,1.2135177409418247,-3.2409189665661273,0.12386896112633394
54,3.9752486997952587,1.62262584162346,-3.3451492746914937,0.08026894962182496
55,3.935628665544641,1.7865217412873164,-3.3429896638673426,0.04966782159289096
56,3.9977036528320014,1.6750663125586698,-3.522201433574793,0.005460452259228532
57,4.081709538526866,1.8269350817415955,-3.220670836489518,0.01575034001240283
58,3.891672244299855,1.5084034066612446,-3.23178750459428,-0.03183859719553084
59,3.8947917019692113,1.3546886571116659,-3.34334090479328,-0.05522603863425957
60,3.9881033116881213,1.3551008038325278,-3.1977422179243575,-0.06476652614526301
61,3.949365002662887,1.3234458343465008,-3.275126506635189,-0.042464369782067024
62,4.13121431740575,1.6590472545409511,-3.73295724368748,-0.06164215883529778
63,4.174951501022235,1.677598129991452,-3.7850437358104756,-0.02620425111950908
64,4.337347048294532,1.9217928845354493,-4.193459782661066,0.011059193036828674
65,4.591062898572886,2.3119977109722356,-4.148875902466898,0.07051694600096425
66,4.334688459218739,1.7224155529369796,-3.255320144836645,0.041521457660508077
67,4.258521409503771,1.7159275498291038,-3.8932786913862003,0.040054165515527984
68,4.481090012346442,1.8407758738427447,-4.120582339070182,0.011240698686322048
69,4.774861627896314,2.5023840108924276,-4.383779364707507,0.03007388934543087
70,4.5692799122743395,2.0324912972876916,-4.092708751819686,-0.04432165810482047
71,4.713397687714462,1.9205421944766954,-4.362576394446961,-0.0678922050122992
72,4.900065996919636,2.197936060750294,-4.341842385111761,-0.06985471802090615
73,4.819268734311663,2.218039699313664,-4.33531804633445,-0.03464606747132848
74,4.796154431334799,2.0553170349495815,-4.52482078593512,-0.033653643733316585
75,4.995892792177415,2.3016904101325224,-5.020040028686807,0.020446640908915015
76,5.238232939594241,2.7657110138177075,-4.814901693213173,0.060774217128539476
77,5.255712320405792,2.9328697454984365,-4.7931553768165,0.14462184605855555
78,5.24466900684871,2.6523394914283642,-4.696943956876339,0.09135504045320886
79,5.167577483540867,2.4412809166300633,-4.986413604299472,0.04718186752904785
80,5.347702238727493,2.8674552503157713,-4.893097485957114,0.013245628064908033
81,5.442503690156798,2.7577350052995087,-5.377881441042518,0.004130911825484418
82,5.482207036584498,2.9852114903943345,-5.093825934438115,-0.041310484746077236
83,5.466768211532383,2.9342715411846143,-5.192726119672912,-0.054456728624927564
84,5.608307377035658,3.064983420688577,-5.455192141774987,-0.035756082119348775
85,5.5557365235241605,3.0120327015173984,-5.169786006752048,0.030389692094729526
