,tas,rlut,rsut,rsdt
0,-0.13094257258006792,0.013371261034990312,0.37811500665989684,-1.1625280649241176e-07
1,-0.1410331473621227,-0.34136813885027095,-0.31689868372924934,-4.253536189935403e-09
2,0.09577063055070312,0.07198535710347187,-0.46010424092759195,7.003677637840156e-10
3,0.08822876179408468,0.4018982272544065,-0.07818079142566603,6.191271495481487e-09
4,-0.08729473451745662,-0.12689872428950366,0.4041355227978727,-2.1682183160010027e-08
5,-0.09955604359458903,-0.254856392470316,0.40415245826065416,2.9441082460834878e-08
6,-0.11429281072798858,-0.46610114277680736,-0.28238786745475863,5.194306140765548e-08
7,0.07987782318178915,0.09519718746756212,-0.15265834532542044,1.2265104487596545e-08
8,0.15904678629402724,0.4642310200168822,0.05225830568758738,-1.673976157690049e-08
9,0.03104470043854235,-0.26935380320165336,0.2378563343345519,-1.7385673345415853e-08
10,-0.03591109610346166,-0.24593032144687754,-0.0295126478663974,3.0486944524454884e-08
11,-0.05944849613763381,-0.09548071277200165,0.2811488324051794,6.240554739633808e-09
12,-0.10110022399095442,-0.17937837533543188,0.12320077780744043,-1.1710085345839616e-08
13,-0.03931731680671646,-0.2676732079597457,-0.22951094144333695,-3.6554695270751836e-08
14,0.10014950934242961,0.24815314284720102,-0.09351380913997787,2.988713276863564e-08
15,-0.02069058742404195,0.006872714263835178,0.5553328448314687,-4.245526952217915e-08
16,0.011266417025865394,-0.0035564404426224883,-0.09757609539310863,-6.403695351764327e-09
17,-0.14783034019865227,-0.032350327408153134,0.5202163854231259,-2.188772896261071e-08
18,-0.19816292326839857,-0.40959441065839997,0.5165135493503925,1.987081077459152e-08
19,-0.10940800625854763,-0.24019459277209876,-0.384478297221051,-9.2707068688469e-09
20,-0.03226431940066732,0.03271618228262696,-0.4274953157342054,4.119783625355922e-09
21,0.033641638533822515,-0.018249442451718778,0.09562992820703187,8.496954251313582e-09
22,0.09726578269368247,0.28849359758126525,-0.07824686147044702,4.637564643417136e-08
23,-0.031370733703454334,0.3846588538179958,0.19974891252346083,2.1693153939850163e-09
24,-0.1378293688024428,-0.3459175489228983,0.1093320376305087,-2.5041913431778084e-08
25,-0.055077448764848214,-0.045450632507652244,0.35042790119499045,4.769128736370476e-08
26,-0.21723386283639456,-0.4324981018570213,0.47968510753725013,1.4462614217336522e-08
27,-0.08439054938139634,-0.12128634108955794,-0.3710501153960877,2.9664590783795575e-08
28,0.0362897558864006,-0.048723876466510774,-0.11068687357099805,3.31135652231751e-09
29,0.07964469847001965,0.2302267318623592,0.3175638989819589,-2.5987333174271043e-08
30,-0.04641635471779182,-0.06461081461156937,-0.004682030729810549,-2.402373411314329e-08
31,-0.008309107025809226,-0.06153117966337618,-0.16078597103343384,1.703085672488669e-08
32,-0.05076823210885095,0.02077906467258117,0.4009759911743487,5.975186923024012e-08
33,-0.04763374204350157,-0.12714708437650302,0.000601156643028844,-4.377426421342534e-08
34,0.011794749649880032,0.011373815099545936,-0.2708949974477832,4.0088366404233966e-08
35,-0.14306270951794886,-0.06442575703115949,0.2795100948647473,-1.506822400187957e-08
36,-0.12449045817197657,-0.26567930155636077,0.14969030081498147,2.151068656530697e-08
37,-0.032217936060305874,-0.04078257921079853,0.2172691509909015,-4.644562068278901e-09
38,-0.1382052106363858,-0.29373192208160503,0.3521759943476894,-1.1544045719347196e-08
39,-0.11356717057196875,-0.2725208478254615,0.2621440090349978,-4.415414878167212e-08
40,0.10293017774017699,-0.021504823627140013,-0.41622372823519527,6.107484296080656e-09
41,-0.09748787992498364,0.2988371682573643,0.3796140746552368,4.02610567107331e-08
42,-0.21616212470712526,-0.1690176467566289,0.0479117945391323,1.3009355370741105e-08
43,-0.11419805424952756,-0.36107319029656537,-0.14330102389322974,7.793232725816779e-09
44,0.06893530251744551,0.13243372770247674,0.2722666680187018,-3.4895037970272824e-09
45,-0.017765918024679195,0.25275828434459413,0.21874952804149927,4.3405350425018696e-08
46,-0.18061634144049776,-0.19029705219321613,0.45987147464904865,1.1193549198651453e-08
47,-0.2761287884903254,-0.5805129994937204,0.12642944432342063,-1.8110540622728877e-08
48,-0.19780155751936945,-0.4953350536626431,-0.03132479629836382,5.76220031689445e-08
49,-0.22097420659787304,-0.21826143888432625,0.23714662083929738,-8.41026803755085e-09
50,-0.2175269792535346,-0.2847876512866492,0.649147912344219,1.643849145693821e-08
51,-0.06897134603525501,-0.14044454633011583,0.10115084874009028,1.2030284324282547e-08
52,-0.11723426579794705,-0.188264809160529,0.5880207257545607,1.1039162473025499e-08
53,-0.19933972639461217,-0.22510710071784956,-0.29459760770895116,4.114383500564145e-09
54,-0.1816511074740106,-0.19321251230405778,0.021469400018872875,-1.817841166484868e-08
55,-0.07538257500175405,-0.06432946677486484,0.07500841132210212,5.299870053931954e-08
56,-0.09592271603656854,-0.00976271718579369,-0.06446380813336816,1.7634079085837584e-08
57,-0.09689422286839999,-0.07552990815580074,0.3080357263366835,-3.2783930237201275e-08
58,-0.1110703341692556,-0.254735360142746,0.400750774901411,1.5025648281152826e-08
59,-0.15976451171371764,-0.3212820204432205,0.08737607519191215,-3.179940222253208e-08
60,-0.16280291759886723,0.04811495340481997,0.22892859225211737,3.430039896556991e-08
61,-0.19895832091509646,-0.6547568737189522,-0.45935926709002217,1.9416006580286194e-08
62,-0.07480556398155613,-0.21775530572901403,-0.12731988808018002,-1.7562967968842713e-08
63,-0.17404477992783995,-0.1575898370798825,-0.012916686763446705,-3.413055083001382e-08
64,-0.027390012070554803,-0.03558898833514945,-0.24711985173411222,-8.304425591632025e-09
65,0.11309213325932888,0.36133410594806037,-0.13228718395642147,1.845256747401436e-08
66,-0.02819239013007291,0.3168567669158904,0.07538197246269362,2.2977815206104424e-08
67,-0.06489199585467986,-0.2626312552169736,-0.025800215283922512,-1.3748206129093887e-08
68,-0.06860600292276331,-0.4602104900729387,0.011537594389210426,-3.804836978815729e-08
69,-0.12759197141929235,-0.5617136162827876,-0.1570675603540792,-4.146380661040894e-08
70,0.137996842619998,0.08764194629887356,-0.3435601765040275,4.4703881485474994e-08
71,0.08094447209839473,0.393073360898228,0.15068024876781294,-3.435570761212148e-08
72,-0.06254433782015667,0.21858728967364982,0.22608426752071864,1.245120984094683e-08
73,-0.03693207900772677,0.11181905231313749,-0.3328805929391052,-3.447172503001639e-08
74,-0.05168765918375584,-0.14258570370935786,0.0031221882603773565,1.5065836578287417e-08
75,-0.026377163877157273,0.0859920427314762,-0.2709795131411994,6.047798706276808e-09
76,0.06361570366829028,-0.1928888874523409,-0.014975552177460827,1.2853718089900212e-08
77,0.1783669570577331,0.21269236602591945,-0.21201795679154145,-1.7336503788101254e-08
78,0.05070603951594421,0.1808119602643501,0.22290798532281997,4.117191565455869e-08
79,0.06755724294418997,0.14827909365007486,-0.06827751358963496,-4.191974767309148e-09
80,-0.05753406954363527,-0.19787422530706067,0.20331139212943583,-1.2136354143876815e-08
81,0.026099126473070555,0.04300095399861448,-0.6289749728655778,1.516934844403295e-08
82,0.17462719013332162,0.12244615259800185,-0.09707439936627793,3.804643711191602e-09
83,0.14244012939713002,0.07492181550631472,-0.12080718943835222,2.1715152342949295e-08
84,0.19729852191773034,0.32328994410997325,0.5300012685924145,-5.73839997741743e-09
85,0.04157381874796329,0.03490590815439987,-0.37483121196423497,-2.982596924994141e-08
86,0.11268362986459124,-0.034320934120614766,-0.11354267872339108,1.6896137822186574e-08
87,0.036377540826322274,-0.06502476041882232,-0.10009791415497205,3.602258402679581e-08
88,0.05655262085792856,0.250790514759899,0.4328646654578847,2.3354914446827024e-08
89,-0.1150196077778105,-0.2562722204714021,-0.10372788133294364,7.694211490161251e-09
90,0.03628837872480517,-0.04552009681728464,-0.16624787866882684,-2.6213399451080477e-08
91,-0.035058034075746036,0.060348710233398606,-0.15274009715811587,4.5515776037063915e-08
92,0.1261430923879061,0.3978835366020519,-0.28032128045533966,4.7199932851071935e-08
93,0.10905311363455894,0.22808701273763177,-0.15713575628272736,-7.904191079433076e-09
94,0.04312108832584727,0.45467342527547316,0.3352185174358624,-2.0990626126149436e-08
95,-0.10376805812643397,-0.40069092420100105,0.07009517719809821,-6.921760586919845e-08
96,-0.01952276896463445,-0.13480363073836088,-0.28281473472186747,-6.845789357612375e-08
97,-0.04412914781630661,-0.048464452954306125,0.14501944281262524,-2.4638950435473816e-08
98,0.00728431727344514,-0.1386614749132491,0.33006173890873924,9.812424650590401e-09
99,0.050909056288958254,0.15261017821589462,-0.03229322331051776,2.921973418779089e-08
100,0.09369202085503048,0.07962596793959165,-0.23905913112658084,-3.760663958018995e-08
101,0.14023443703399607,0.19003423718410772,0.3187059174737641,-2.4768382900219876e-08
102,-0.018491911747446466,-0.11979669514619218,-0.2936151556626925,2.0996878902224125e-08
103,0.033209783837776286,-0.17197022606089263,-0.0416488801830468,5.628294275084045e-08
104,0.15016787041167845,0.006059590812640181,-0.1632951758450929,-3.9949100028024986e-08
105,0.23380536245019812,0.5218659636943244,0.253151338184594,-3.191405539837433e-08
106,0.09113749907214697,0.25868627039699277,0.08995010866006226,-3.468500153758214e-08
107,-0.048852151604194205,0.05567632061973882,-0.05662768946383778,-9.8208374765818e-10
108,-0.03413577901955023,-0.39368568600917797,-0.01220693729442246,1.6503918232047e-08
109,0.008326941656775944,-0.28498005233700496,-0.2164174686119651,1.207411060022423e-09
110,0.10671445699222204,0.30795929973615443,-0.23174640512554845,-1.4035208550922107e-08
111,0.27449218698518507,0.29611246453109175,-0.16847093441502636,4.846293677474023e-08
112,0.24975018929217185,0.6196826608298807,0.3727338999044605,3.020966232725186e-08
113,-0.09571922490880524,-0.034493129596143035,-0.1484131915334217,-1.49084939948807e-08
114,-0.05015404783836175,-0.0475782460457026,-0.6339678647200202,-1.356755774395424e-08
115,-0.08240625409160884,0.008144075932165151,-0.23006492298239323,3.770168177652522e-08
116,-0.02814082806173701,0.2193126333251314,-0.02879009301635449,-3.4736785892164335e-08
117,-0.042004787400856,0.27979041607991917,-0.06353385370070441,-7.310234195756493e-09
118,-0.11711050443051363,-0.19013198019592892,0.3171556376740625,-5.05809794049128e-09
119,-0.03027559009677816,-0.1789948662055849,-0.05772508404633925,4.401499609230086e-08
120,-0.005112049407273389,0.13698296869065985,0.15973105415794464,3.98655402022996e-08
121,-0.1414985967329585,-0.34399021779501027,0.29607379731641004,-1.016295527733746e-07
122,0.04092396138617005,-0.035883261296220326,0.07660975473798715,-1.1138979516545078e-08
123,-0.03201863308402153,-0.08370440480845787,-0.22149551108317667,-1.8974446902575437e-08
124,-0.006917015790463665,0.017753486031722332,0.07881119253670477,8.968640941020567e-09
125,0.06754968487530277,0.25583194800768183,-0.31479220155497956,5.3445546654984355e-08
126,0.07163725105766616,-0.1405834204477685,-0.18262321100131373,-7.510664090659702e-09
127,0.10769635384912135,0.7840586972057793,0.0785818519498207,4.0443580928695155e-08
128,-0.03328733154648944,0.06704735877048051,0.07088258405121906,-1.3047838365309872e-08
129,-0.09603091978607381,-0.15135716973813373,-0.3085208352067923,-4.968558187101735e-08
130,0.021674039038941828,0.04432083579754931,0.09861269387535287,7.06925789017987e-08
131,0.032744211462045314,-0.029972019805171612,0.22868067889258725,1.4990405361459125e-08
132,-0.039341280487349195,-0.01037028100245152,-0.22814074553031105,-5.463562047225423e-09
133,0.12576931815829084,0.3419010715784907,-0.4653149790878359,2.934353915406973e-08
134,0.05390778810794927,0.20435408744458528,0.32221158591578103,-1.2549890016089194e-09
135,0.011253280739936145,-0.2709215667989042,-0.07005498610489269,-2.0892741758871125e-08
136,-0.03285751510151158,0.09160270008649718,-0.0376713963433275,-6.659905693595647e-08
137,-0.048301549493601215,0.03609869910306429,-0.18961148048249754,-2.543129085097462e-08
138,0.04747513158218908,-0.00019395019086232423,-0.011785732036017293,1.3256453712529037e-08
139,-0.053317753101111975,-0.2663398665648913,0.6813477539892574,2.8169210963824298e-08
140,-0.1005088143065791,-0.5065031072904276,0.08215397129659152,2.3814834548829822e-08
141,-0.018524425579073522,-0.024627472885271118,0.02927458910752989,1.7735601431922987e-08
142,0.05924148487048342,0.16205573148951657,0.4242794784493924,1.4005308912601322e-08
143,-0.031079008927804352,-0.315008280761532,-0.34350738318957497,-4.3213105982431443e-08
144,0.0940162312464281,0.11194507135010667,-0.17278772683580712,-3.6657297641795594e-08
145,0.038821379855392024,0.05500045221450023,-0.21158248749419784,6.340030722640222e-09
146,0.1531538042101488,-0.06149853506491354,-0.22999280255299936,-2.7959231374552473e-08
147,0.12011177666147432,0.13638380818341034,0.1542414985728442,6.424954790418269e-09
148,0.0909112909448595,0.11231746038183132,-0.4845486838497237,4.70566874355427e-09
149,0.19488059443125394,0.3715896304276214,-0.5870483828040989,-3.989822516814456e-08
150,0.13216883799424295,0.14003831924193832,-0.21178278098960845,-1.0654616744432133e-08
151,0.22907988817428304,0.21375941706062918,-0.5030144860813408,1.986944653253886e-08
152,0.18359033118230172,0.12936278117908273,0.044064431465415055,-4.2713111270131776e-08
153,0.076063318308627,0.21241061609146072,-0.037958782051461526,4.415483090269845e-09
154,0.03860009029108369,-0.13235749775301997,-0.0971024547153263,-2.5576127882231958e-08
155,0.11686104917362172,0.07193519723583108,-0.20567111568566077,4.4315640934655676e-08
156,0.19530016875972933,0.5189257933438967,-0.38506552416126283,1.788066583685577e-09
157,-0.05116815073427006,-0.012029491768203115,0.3492729368425245,1.9892524960596347e-08
158,-0.0025536010266478115,-0.18568802205442125,0.2659276380334745,7.104512178557343e-08
159,0.024633301716505684,0.21405986723519277,-0.10183591545566628,-5.0353776259726146e-08
160,0.08070714658424549,0.11531406680097689,-0.15134329456965645,8.28083557280479e-09
161,0.1398804496479329,0.220038796961461,-0.016340245692944677,-4.789313834407949e-08
162,0.011101090372449107,0.22178516015318905,0.23406010138822353,4.976300260750577e-09
163,-0.08741791973648105,-0.211132729752876,0.21096379071768467,4.447372248250758e-08
164,0.08837002942141226,-0.07510642004547208,-0.312704142969892,2.8360261694615474e-08
165,0.08025816120408535,0.3352248842601284,0.2791139195234109,-2.8477700197981903e-08
166,0.025240658390089266,0.025299687684707806,-0.08972065813669872,4.0003158119361615e-08
167,0.012754563422276988,-0.040312228383101,0.05382328811620596,-2.8598662993317703e-08
168,-0.019993384027088723,-0.021276760560027697,-0.16703071291587435,-5.166765504327486e-08
169,-0.0018980992241495187,-0.10625989756152876,0.009730281464456425,-1.6283365766867064e-08
170,-0.10666115655072872,-0.3739372586575769,0.6441028767337116,2.2699850887875073e-09
171,-0.06286109976048238,-0.2735705602435985,-0.046968360001812925,-3.752239763343823e-08
172,0.11172173350990988,0.040510312511230495,-0.40604584090705487,-3.8465998386527644e-08
173,0.1300742847716947,0.28103499701745704,-0.11882073976228469,-1.335024535364937e-08
174,0.07206628328202669,0.2342103570096583,-0.07177286858645004,7.62025820222334e-09
175,0.014358401545848665,0.13950365373813156,-0.1830420815153957,2.7557632620300865e-08
176,-0.10323923621217546,-0.03814782759044988,0.041351848563394356,1.107650859921705e-08
177,0.002907686073911009,-0.2766148403868556,-0.1658359726930172,-2.7064459118264494e-08
178,0.1117215655281143,0.16585309457974517,-0.02310849185414554,-5.517841827895609e-08
179,0.15543692120633068,0.35989420305458,-0.2677093365574734,3.6852725315839052e-09
180,0.0697123354489122,0.5226975526734634,0.058114594460306535,-5.120961077409447e-08
181,-0.0063303362027227195,-0.08931754490839694,0.055890139654991344,-3.3877881833177526e-08
182,-0.009303215268403164,0.05635707742129625,0.2219547975031304,3.6803839975618757e-09
183,-0.11407592999069038,-0.213520975465741,0.4063145219324724,8.973643161880318e-08
184,0.08410758776363991,-0.15367321993500127,-0.32632518723730186,2.7611804398475215e-08
185,0.1499046310229346,0.32883924659310537,0.32587264504510927,4.024172994832043e-09
186,-0.11185309154791412,-0.008759982276245637,0.278866126909719,-7.391918188659474e-09
187,-0.05922556809088064,-0.13490636346648444,-0.2573048716469657,4.308424195187399e-08
188,-0.01395964889223933,0.14784022800827756,0.32395930427954056,1.2181601505290018e-08
189,-0.015013789595286653,0.08157514149505118,-0.15240230749668626,3.474269760772586e-08
190,-0.004920079672558586,-0.12029343806034376,-0.07641013448609613,1.723151399346534e-08
191,0.05583290860579382,0.19826322701612753,-0.0021563628188658868,-3.7341180814109975e-08
192,0.11361165505678628,0.3032750938717754,0.2098265365581824,2.7190253604203463e-08
193,-0.004634722582693485,-0.1771805145303631,0.3313608798347758,1.0618464330036659e-08
194,-0.15756881200809403,-0.36152585395538495,-0.24547469860290505,3.3995263493125094e-08
195,0.007706914622588101,0.002145811686204979,-0.08858270832008941,-1.729114273985033e-08
196,0.007583804525722826,-0.12068599422082116,-0.05940902428980621,4.9272500746155856e-08
197,0.2723895709858084,0.1527125379377594,-0.2186981979832865,-1.497880930401152e-08
198,0.19005157487316637,0.7769856085190838,0.22231178997046186,-1.5538944353465922e-08
199,-0.044526235279590765,-0.2587222139908647,-0.021580298124376895,-1.8594562334328657e-08
200,0.13181105291988615,-0.03033851236111218,-0.6838166757692505,-3.3310243452433497e-10
201,0.022340884525988258,0.13181319908733258,0.2631761538300168,-2.421000999675016e-08
202,-0.06172026670952846,-0.06290864754146241,0.04480030218157083,5.207499498283141e-08
203,-0.03556617841906018,-0.10573586994010498,0.3256030292284464,-2.3725704068056075e-08
204,-0.04391694586132644,-0.0456239338474802,0.3471055411948072,-3.652212399174459e-08
205,-0.037915350867024245,-0.12101888769890934,-0.38022250224382503,1.1399038157833274e-08
206,-0.048080722492386485,-0.00880720317553596,0.2842403317865063,2.886503125409945e-08
207,0.0900869360463048,0.21138115149037162,-0.5344531984060978,9.017014690471115e-09
208,0.06633891785685364,0.02786379462341415,-0.2374108989194923,1.5102159522939473e-08
209,0.11321611742312143,0.6264043910961732,-0.143155287682589,1.0582539289316628e-09
210,-0.04525706224535497,-0.05266738161446938,0.1276583284893178,4.434411948750494e-09
211,0.019499028998041013,-0.09688333703672924,-0.2128139821166002,3.024189254574594e-08
212,0.03960486363126847,0.23174599030031118,-0.048563069216129406,-6.045189593351097e-08
213,0.07255504544815494,0.654477434494737,0.017410637141480834,-1.6545129710721085e-08
214,-0.020805492749161658,0.13807247996095384,0.28971481410809474,3.116326752206078e-08
215,-0.14097185003782897,-0.4640905226895313,-0.15959881748621285,-9.200789463648107e-09
216,-0.16172966078772788,-0.31070425523594736,0.07991655806617359,-1.6478509223816218e-08
217,-0.060969044225828384,-0.29589700857783896,-0.47302657043196916,-6.270340691116871e-09
218,0.04745817867490132,0.340416488449506,0.2603840164120754,1.7670060969976475e-08
219,0.04719070701526107,0.24435728124214506,-0.18186747340914167,-2.966999090858735e-09
220,-0.033424734712525606,0.012097999863556197,0.2424998650394059,-2.1334642497095047e-08
221,-0.008115360635827074,0.09568092837312747,-0.2900277448830195,-1.0359542557125678e-08
222,-0.01877466608920031,0.1646768751392642,-0.38595230689227833,1.7715251487970818e-08
223,-0.03560847945561818,0.028572423243161893,-0.2858546512654385,-5.317144768923754e-08
224,0.16771009030463802,0.3901529180573675,-0.05857116880966373,4.378193807497155e-09
225,0.005577986442233396,0.09463323512019883,0.3535195793144368,1.1300528512947494e-08
226,0.052223819385346815,0.10399724179254122,-0.3616206349091726,6.853383638372179e-09
227,0.13561221474805052,0.10928667074509235,-0.08869264159771717,-5.303490979713388e-09
228,0.11117884651338272,0.24054379302884854,-0.09475384707570811,7.356277365033748e-09
229,0.010385174844259382,-0.07240253503704253,-0.09173410255861825,3.928960268240189e-09
230,0.10154199214525761,0.20555124315959006,-0.17683927227106722,-3.4578420127218124e-08
231,0.14746099212749186,0.28064749749688644,-0.5182163706406442,5.8804857872019056e-08
232,0.19627317793361954,0.3913954767364203,-0.3167572051369376,-1.3826934264216106e-08
233,0.06144242496765173,0.2309025096287769,0.4913282472110012,3.109357749053743e-08
234,-0.027468731995611506,-0.1821302034528003,-0.09656841159690543,-5.180606876820093e-08
235,-0.012636971540928243,-0.18052730684695462,-0.26805947001345487,2.758901018751203e-08
236,0.007340286819328412,-0.1084010880665005,-0.2167470363541497,3.099404466411215e-08
237,0.06511300979661883,-0.08963977074657237,0.0010638098374187166,-1.9020603758690413e-08
238,0.08721579708031868,0.09142654262680594,0.27507633082352356,-1.0884548373724101e-08
239,-0.003433200634106015,0.05429330775325525,0.5901666458970425,1.013881956168916e-08
240,0.10203576161313777,-0.06447958445150448,-0.3204966452857292,1.7231968740816228e-08
241,0.051124285628816324,0.1830240660512743,-0.03636488055435905,-1.4788554381084396e-08
242,0.03577771290304099,-0.0787165207529199,0.272325315166114,4.87381157654454e-09
243,0.056326503070465606,-0.1474015810773892,-0.1579862550540838,7.039432148303604e-09
244,0.1320753446578351,0.24387786862632765,-0.24019552776830722,-9.106543075176887e-09
245,0.00025296905545246773,-0.08833066927209643,0.1375089519789583,-3.071039600399672e-08
246,0.0759535128993889,0.01928152613720613,-0.34167413275636704,-3.927272018700023e-08
247,0.17799964516228783,0.25453961161176153,-0.16083035131356382,-1.1363283647369826e-08
248,0.01634173618725754,0.04186270651010204,0.08526586992496732,-1.528070470158127e-08
249,-0.060212413268288856,-0.10406884545528783,-0.09375766902860505,-3.48975390807027e-08
250,-0.010240607759214981,0.03658434361139484,-0.32141255972426563,1.781387481969432e-08
251,0.18307416797739506,0.2150124662443318,-0.12291799900032174,-8.83665052242577e-09
252,0.10938440759861123,0.3448753725402298,0.180462906236329,-2.442180857542553e-08
253,0.020416133825278848,0.2900407739925015,-0.037180752297061304,-6.048327350072213e-08
254,0.06660038802039026,-0.19881663535929306,-0.32436667984514145,-1.4659519820270361e-08
255,0.0630321169068111,0.12675129182341038,-0.17991589946363717,4.522121344052721e-09
256,0.04332193604363965,0.026512925370781204,0.06699057996991087,-5.018188176109106e-08
257,0.2035346973701735,0.4266411734049882,-0.17385344926519508,-5.543370207305998e-10
258,0.013858113990181664,-0.02403138267311533,0.29996532373661466,1.61284106070525e-08
259,0.015217042439701345,0.07570603008230137,-0.22962122642066163,-1.1134659416711656e-08
260,0.023992554269341326,0.20609244260171522,-0.02972388242561408,2.1036044017819222e-08
261,-0.05928623665784016,-0.11083883105354175,0.010484800426468155,2.7083672193839448e-08
262,0.13612737170547007,-0.08173343288171964,-0.7502590655478087,2.301703716511838e-08
263,0.13790999595192943,0.3151712542826033,-0.2151401226511922,3.248680968681583e-08
264,0.0920933134929669,0.4775979803916073,0.1630114943270229,-1.6194746876863064e-08
265,-0.020701081759625595,-0.117780840752431,-0.16889197508439224,3.314437435619766e-08
266,0.10399301979799702,0.19643279847949202,-0.10502011032198766,1.1769259344873717e-08
267,-0.042233063831076834,-0.033388316292558784,0.37924809313456365,-1.34437527776754e-08
268,-0.05860444004611054,-0.2984695896481355,-0.24604476911852657,1.5048726709210314e-09
269,-0.025626067506493655,0.12981622077845145,-0.05723531392969505,-4.679174026023247e-08
270,-0.09092481137918185,-0.33947033718527564,-0.11127480835108372,2.9430395898089046e-08
271,0.004226413928847705,0.005840494476757385,-0.2614118466951396,5.763808985648211e-09
272,-0.002921394229474572,0.31094841791238537,-0.2203382506827296,1.332637111772783e-09
273,0.09907609077725965,0.08941936987045551,-0.3732392713291972,4.807560571862268e-08
274,0.1572646680644425,0.3818233673049747,0.0883722546093395,3.677996573969722e-08
275,0.05601989760862125,-0.1533091964512323,0.1491522007530932,2.0072434381290805e-08
276,0.13050752511668406,-0.009916794999469403,-0.22827177148793965,2.6194072688667802e-08
277,0.14714396025317455,0.07450895453092699,-0.13705879454748526,-1.862076715042349e-09
278,0.23247918921146038,0.2447544640355659,-0.4389589823376667,1.4242175438994309e-08
279,0.17862745347980535,0.359365927226321,-0.08017788155079586,1.046805664373096e-08
280,0.20387204392324065,0.32916121435505374,-0.2910567952357752,5.256100621409132e-08
281,0.15444509429704567,0.4249477970293185,-0.022754877448804223,-1.3472799764713272e-08
282,0.0798480969179991,0.0911775508588164,-0.18010880348562353,5.1922484090027865e-09
283,-0.008521261644602873,-0.08248672887796715,0.12492295119297125,-1.724481535347877e-08
284,0.09672181868381813,0.16594885757160682,-0.3058726132012879,-3.1956631119101075e-08
285,0.21380438850354722,0.2869042507733752,-0.3527235928032155,8.79231265571434e-09
286,0.07575436942499891,0.4482076329365725,0.2510521804038319,-3.0480691748380195e-08
287,-0.0405828139271307,-0.24655875800081617,0.05544840518969352,-5.552237780648284e-09
288,-0.012001887133635591,-0.3416098547808133,0.010493977724479464,-1.0145015494344989e-08
289,-0.11241091280044202,-0.11683565930064788,0.09564935628399951,-2.158321876777336e-08
290,-0.029083335883171912,-0.19398103514305376,-0.08199679251225689,-8.912252269510645e-09
291,0.06259445237554928,-0.18172638649184591,-0.13416784272413906,5.289280124998186e-10
292,0.3337375867170067,0.24376446382160566,0.18615668676685004,-1.5688215171394404e-09
293,0.2432898687955003,0.8793402609528869,0.07446795620191438,-2.6702764444053173e-09
294,-0.036157278656901326,0.08264313649721089,0.282098911991568,2.10653752219514e-08
295,-0.028566337994959667,-0.2359188289266001,-0.18645938750579205,-7.179380645538913e-09
296,0.03869320804153631,-0.059879438213016556,-0.05584266665228199,-5.107364131617942e-08
297,-0.09630603473874544,-0.15178846320262096,0.17686428003088395,3.801983439188916e-08
298,0.004140990296491509,-0.024498790466054743,-0.12182702377124599,-2.2128119780973066e-08
299,0.15865753862800602,0.33989999037089547,0.07781149126427067,-2.304022928001359e-08
300,-0.09052242299463842,-0.10230919691286999,0.4440502218999285,3.6181120321998606e-08
301,-0.12432981561232737,-0.2588193756882049,-0.2050790365061772,-9.741199846757809e-09
302,-0.09165906579869443,-0.06375423297444627,-0.28555986741066874,-4.268724751455011e-08
303,0.007363542487439645,0.05018369421784996,-0.12055029480112012,-2.4969608602987137e-08
304,0.00725139962639787,0.0363386618814161,0.017682878154815285,-9.868244887911715e-09
305,-0.013842359309592212,-0.24452467404594813,-0.11975061979674706,-6.056893653294537e-08
306,0.12991177458036418,-0.12416244730596304,-0.06971562063613135,-1.9827552932838444e-08
307,0.18526341684975023,0.4032386975542295,-0.040673168198210874,4.2456917981326114e-09
308,0.006239677768007823,0.20749828608990128,-0.09813703035872834,-7.221217401820468e-09
309,0.010909667201758566,0.027981496068747447,-0.18910984344108783,-6.3371885516971815e-09
310,-0.003745628320814376,0.03748311675974492,-0.1385423450236516,7.274365998455323e-09
311,0.18646790156708448,0.3192542069084823,-0.3357018550629931,-9.882342055789195e-09
312,0.010522573166326765,0.2767448851973313,0.2916607316874007,1.5205500858428422e-08
313,0.03392343018373367,-0.04002956579816441,-0.13608808931445537,2.2071844796300866e-08
314,-0.03565673504959932,-0.10665808473129346,0.2725301307167882,-7.343260222114623e-09
315,-0.1343503433537876,-0.33443687010395706,0.2650957821070534,-1.440616870240774e-08
316,0.08772947658661678,-0.22091444028865226,-0.12746338291641734,3.363498990438529e-08
317,0.028426245241007564,0.24886333325034116,0.47059645748880996,1.6344074538210407e-08
318,-0.1753813009262899,-0.342588401519464,0.5131075542305581,4.5467913878383115e-09
319,-0.1468414874351538,-0.258806448065684,0.059746131186301454,1.808257366064936e-08
320,-0.1572460187029492,-0.4648830115453677,0.16561846445777917,-1.5212151538435137e-08
321,-0.15170498147472244,-0.19627984492271366,0.09795478855023987,3.009893134731101e-08
322,-0.030413535974105343,0.026360749598609345,0.16426125235120992,1.4007355275680311e-08
323,-0.03105570453163864,-0.2090329444758936,0.25376225695603694,-6.406651209545089e-09
324,-0.06825210658735159,-0.03775990496720283,-0.11330394275424283,-2.7290298021398485e-08
325,-0.017425855687690728,-0.08878150677534791,0.23822657520460666,-4.600565262080636e-08
326,-0.12990513483703126,-0.395869896952064,0.0850709133356844,-5.941444669588236e-09
327,-0.03574201343724326,-0.017046935022023035,0.12146494712762035,2.3655900349695003e-08
328,-0.03487871002164411,0.08779982408628939,0.03218522390415046,-1.0820826901181135e-08
329,-0.05978838733909697,0.030573289263401193,0.1490737891952847,-2.6584132228890667e-08
330,-0.07374335560490408,-0.2089432922696517,-0.27726191930469213,-1.7308252608927432e-08
331,0.16437361608979018,0.1947455799035822,-0.2830484107238078,-6.776002692276961e-08
332,0.2102387103983574,0.4742648438390802,-0.011578123270012952,-7.721098427282413e-09
333,0.05836036139572798,0.5867622729815025,0.028359953517338,-4.040890644319006e-08
334,0.06920702811157753,-0.07205104137059948,0.12922641249060973,9.727102678880328e-09
335,-0.009603025106855512,0.09443879819656331,-0.05668586344873461,2.8468775781220756e-08
336,-0.05916060805759571,-0.1683145248750293,0.022244045333550844,-1.880869149317732e-08
337,0.024945816587887748,-0.08218879175018401,-0.09374935697287867,2.0901893549307715e-08
338,-0.007654462296272868,0.1191108243934309,0.06079521732678472,1.715051212158869e-08
339,-0.07053270163152092,-0.132148460690928,0.043134344815101144,-4.8644892558513675e-09
340,-0.05220150280882763,-0.03613455307632307,-0.09404534602366255,-4.982894097338431e-10
341,-0.02670700230288503,0.11446559954472946,0.3861681221102913,8.289703146147076e-09
342,-0.13188724564560061,-0.1941051135017915,0.11445164889293835,-1.64660605150857e-08
343,-0.24890835374429798,-0.21589345847138475,0.451707416912285,3.8271082303253934e-08
344,-0.2180767088493667,-0.3902514742569849,0.2681464442281083,1.2181544661871158e-08
345,-0.22491119752118038,-0.3310299073587828,0.22624086348069739,1.2608097677002661e-08
346,-0.1684352863006211,-0.35679222875651817,0.10483123690950436,-1.0731469046731945e-08
347,-0.14139535340569864,-0.20172310468490195,-0.018411190444155068,-1.2199507182231173e-08
348,-0.042808561010417634,-0.12537717352878985,0.6885777018587191,5.8930709201376885e-09
349,-0.20310494627483422,-0.378291282333862,0.46891194940256753,5.251007451079204e-08
350,-0.14462215657380284,-0.3236538282236836,-0.22376771300217513,2.2831670776213286e-08
351,-0.19417213218588358,-0.3921508509027376,0.21500650096901097,1.0433836905576754e-08
352,-0.039329801320548086,-0.2860332893398265,0.1168737727218172,4.930450359097449e-08
353,0.03425440092257759,0.19125909849557843,0.08547170724565945,6.328986046355567e-08
354,-0.10794700729792339,-0.02350342098517899,-0.007336353499880488,-4.860669378103921e-08
355,-0.028210086571675674,-0.2660976074132577,0.21911188346020083,-3.27969473801204e-09
356,-0.033966302543717575,-0.2097683952012801,-0.055515582037543254,1.786168013495626e-08
357,-0.07375257417498915,-0.22499364482564488,0.06650948490032249,5.107892775413347e-09
358,0.0122675180818419,-0.13777290870740444,-0.029718062707857484,-2.081077354887384e-08
359,-0.031115556963754898,-0.01531457246343848,0.19677751112048725,-1.794325044102152e-08
360,-0.13719062479430022,-0.24812011408218382,0.46164094399725286,2.690444489417132e-08
361,-0.07450600158875886,0.01503050679892226,0.092877497576481,4.3741636090999236e-08
362,-0.11698469868730399,-0.07610761480304973,0.7945562808285587,2.6402290131954942e-08
363,-0.2354571573237081,-0.3618552872191003,0.18533718117434717,2.8357021619740408e-08
364,-0.06981990821270756,-0.08972493740884602,-0.27211143513352454,2.3644304292247398e-08
365,-0.030109637680766355,-0.14700763884420098,0.08131226904269795,1.4857334917905973e-08
366,-0.04431788905196754,-0.04810360397746649,0.38265845291303435,-6.810978447902016e-09
367,-0.12369958954644744,-0.307582333556212,0.13549187532694873,2.747282223936054e-08
368,-0.05688016311074762,-0.2372609927422502,-0.13499874886336727,-2.1177697817620356e-08
369,-0.03390830758331731,0.21645371821736603,0.02536974769373046,2.846138613676885e-08
370,-0.03231187311695294,0.05958068059192101,-0.012089604871633242,-1.1658585208351724e-10
371,-0.026367414615947382,0.18064230308826268,0.262925963143644,-1.4763827493879944e-08
372,-0.12081144849480552,-0.27659024817955924,0.060726785387487325,1.5597493074892554e-08
373,-0.016014376041653122,0.08626162412397775,0.35639697467868814,3.347366828165832e-08
374,-0.031459823925729324,-0.22326652805716662,-0.019326816954290393,-4.9657273848424666e-09
375,0.1188741541555487,0.13173570896836395,-0.4438685394025441,1.5220280147332232e-08
376,0.21408734343452807,0.2941406787808205,0.04465284902374833,-5.2053962917852914e-08
377,0.08991231329849825,0.33199718382266497,-0.025697463179668034,4.370741635284503e-08
378,0.008958868298407197,-0.23389391568568385,-0.003991929688311302,1.5611760773026617e-08
379,0.07457746374313956,-0.12898278708604494,-0.18021576097979164,-1.0215956081083277e-08
380,0.08474891940323914,0.4952917174154834,-0.3167931680384726,-4.435196387930773e-08
381,-0.03566403064360202,-0.22094952733431228,0.024195688885839672,-1.1672227628878318e-08
382,-0.013132876557563122,-0.2384416859864018,-0.29956751729913833,2.322730097148451e-08
383,0.16496727928500832,0.06768671996610465,-0.5256628256870641,-1.969641516552656e-08
384,0.1748978524945528,0.5804590486753796,0.3027860442829535,-7.2325292421737686e-09
385,-0.0735881175198756,-0.1724137289874932,-0.07803953624035387,-1.6677972780598793e-08
386,0.028094880949709022,0.0032134663282761267,-0.3291707248221627,-2.9548516522481805e-08
387,0.03803660733194647,0.21458598663545558,-0.051963188665112625,-1.5513990092586027e-08
388,-0.030337714089625933,-0.15534349831943928,-0.05117904513711835,2.8993326850468293e-08
389,0.042708872479806814,0.3117769838641209,-0.07735524591470266,-3.1351589768746635e-08
390,-0.08135362371353949,-0.14867698933556994,0.5075885589781137,-2.7478904485178646e-08
391,-0.058317781605751406,-0.23461679739406804,-0.16716405596736195,-6.043904932084843e-08
392,0.03992113371600681,-0.05257319108528691,0.003364188649285893,-4.5220986066851765e-08
393,0.01971502787398549,0.15352293601526412,-0.27865421874551544,1.084714540411369e-08
394,-0.03697241273727059,0.058134269816832784,-0.010236347827159875,1.218660372614977e-08
395,-0.1425602428382149,-0.13325223505268013,0.4048648109613566,-1.0567362096480792e-08
396,-0.12433164397856444,-0.012817224926578774,-0.24074740966381114,-7.292032933037262e-08
397,-0.08186843179532843,-0.3210116625775754,0.36468310788858105,4.040083467771183e-08
398,-0.13049000551313839,-0.1633105165969937,-0.17014057139783745,2.79709411188378e-08
399,0.010040906161577823,0.14117922919157877,-0.24371455752309146,-2.0380070964165498e-09
400,-0.152402714058951,-0.24143392512178252,0.4787074045521962,-5.066232233730261e-08
401,-0.1134423388060668,-0.21472593271209917,-0.22448225813103306,-2.1533594463107875e-08
402,-0.01465162644768725,0.2023521523391878,0.024361878559119532,-3.452669261605479e-10
403,-0.027474276500129236,0.15492498060757498,-0.018632032047165126,5.142339887242997e-08
404,-0.15410821515382622,-0.10122158938776238,0.13566203298113066,-5.7593410929257516e-08
405,-0.04920569352498205,-0.21070756187484108,-0.14546901993412575,1.4776560419704765e-08
406,0.010748307730352735,0.0015420349000407896,0.035026546484417054,2.5886265575536527e-08
407,-0.05552054777990634,0.009318894940690825,0.24127291075485857,4.0188297134591267e-10
408,-0.04529800511755866,-0.18198015783622168,0.033751548979509494,9.417931323696394e-09
409,0.03439358128764525,-0.2062482642377006,-0.28496998754880565,-3.775988943743869e-08
410,-0.03692152643895952,0.09858858190887076,0.24875295325915658,-1.9603760392783443e-08
411,-0.052050072061206265,-0.15877960191357943,-0.20831187352672487,9.028212843986694e-09
412,0.07434023812652413,-0.17262276401794452,-0.39757900067381513,-2.227199047410977e-08
413,0.14182079683297388,0.4097486117221649,0.1520731631321155,4.636149242287502e-09
414,-0.09874414519242691,-0.09657136004577183,0.41731653099857624,1.96077394321037e-08
415,0.007569566162601404,0.038118501141212846,-0.17724278380747194,-5.603055797109846e-09
416,-0.048187476787347805,-0.06846804818127339,0.09334057623665615,3.2327989174518734e-09
417,-0.015513751629555372,-0.01627448702740253,0.14207201087461385,2.873343873943668e-08
418,-0.08530722534914048,-0.09771670521075748,0.3599560415345593,2.941669663414359e-08
419,-0.03250164588581583,-0.2275407912166827,-0.20599788659431795,3.909576662408654e-09
420,0.019825958479884775,-0.14902464026158668,0.00153735211515027,-4.787904117620201e-08
421,0.14598823758967683,0.4094004590058091,-0.3617432166223864,-3.843410922854673e-09
422,0.14474827962465042,0.4857566444474912,-0.19922478623065842,9.421967206435511e-09
423,0.04889382325734459,0.18688773007204418,0.33527960874390317,2.7333840080245864e-08
424,-0.006061662117247124,-0.19295631585822548,0.15956965045505456,3.879904397763312e-09
425,-0.028171405506498104,-0.21633706447633472,-0.021336431324584737,1.6567469174333382e-08
426,-0.1338762802773772,-0.40575222498196695,0.14486097876056192,-1.803272198230843e-08
427,-0.04912560436429203,-0.284666678443557,-0.3854813387138023,-2.8009310426568845e-08
428,0.08608510151952942,0.3705063163200748,0.026453807578235455,-2.2694223389407853e-08
429,0.004012678035337558,-0.02316549891841646,0.3041616069612303,2.768030071820249e-08
430,0.04022682783431719,-0.16477111602264927,-0.12305028769212356,2.4993369152070954e-08
431,-0.05699438449681793,0.06512587226157507,-0.035858053118857924,2.350861905142665e-08
432,0.07274654354608856,0.10375490677961352,-0.0016204126058170232,1.5221246485452866e-08
433,0.0098104441921123,0.1253814545216585,0.1739377237269224,2.4089217731670942e-08
434,0.05864046038630022,-0.07070446343939807,-0.08620267947463844,1.3132307685737032e-08
435,0.015039491716095199,0.10007381260291481,0.12573983622897345,-2.807496457535308e-09
436,-0.006032119114422585,0.005410222284012889,0.07019640769448188,1.682610673015006e-08
437,-0.06449648663760854,0.0033731370717191567,-0.06795764071705435,3.272657522757072e-08
438,-0.009122296791417739,0.03794361426614046,-0.022544400152739286,-3.1736249184177723e-09
439,0.04680029493249549,-0.12952681312282266,0.18492029086733908,-1.0361304703110363e-08
440,0.18687265666648045,0.717875694631914,-0.0694913740999823,-5.086519649921684e-09
441,-0.07494264288368413,0.08996436897649573,0.22028868614496844,-3.186534058841062e-08
442,-0.13161043643111725,-0.1400724304592984,0.152363755020275,-1.1985775927314535e-08
443,-0.028371942961769037,-0.3721288539085208,-0.39338976315950447,3.418779215280665e-08
444,-0.07853623217351924,-0.144437674846273,0.3520505891801946,5.4600661769654835e-08
445,-0.09992767641244882,-0.3350080694494011,0.34973325022161816,-7.2095247105608e-08
446,-0.0251398416546067,-0.05164239682119387,0.001380961770124145,5.179572326596826e-10
447,-0.06748515695312562,-0.2865081534490628,-0.07322058332680115,-1.7623165149416309e-09
448,-0.1470815260011591,-0.11113917283410046,0.28165335069674313,-3.409394366826746e-08
449,-0.20128779152730658,-0.6379110561990728,0.2060095304315155,-1.0222095170320245e-08
450,-0.017800203307615448,-0.054422194509214705,-0.15284322262820638,5.28733039573126e-08
451,0.07021948717914483,0.13376825781097068,-0.4892177778976077,-2.6863062885240652e-08
452,0.08611543016291989,0.29007778162127806,0.16028810235830804,5.416569592853193e-08
453,0.027107546262016058,0.017389513640210907,-0.2661322544346376,1.9257186067989096e-08
454,-0.05005395255551548,0.0902147964233393,0.022192681546457038,1.9759511360462056e-08
455,-0.06319769417069665,-0.25576951025934136,0.15347943143174803,-2.062506609945558e-09
456,-0.0479236245409993,-0.1432286710989672,0.0579846919364968,2.2838435143057723e-08
457,-0.06711119215492545,0.001663540554403653,0.23096997494405969,5.926960966462502e-08
458,0.024331440758089684,0.022461314659437903,-0.22717146828928492,-5.9346461966924835e-08
459,-0.09812326759788448,-0.03693777271962517,0.17623381895437262,8.709662324690726e-09
460,-0.03790986618480474,-0.05675863340468368,0.16247445541419836,-1.882824562926544e-08
461,-0.18755173596150598,-0.3679108600368295,0.48533511886486735,1.600238874743809e-08
462,-0.13638428560119564,-0.3393584583843108,0.2977267669503334,2.4821986244205618e-08
463,-0.041741089425727296,-0.07375825753757681,-0.21853859352982852,4.664684638555627e-09
464,-0.02418539430510691,-0.13244863637444837,0.3696916868137663,-6.828599907748867e-10
465,0.06214468980596166,0.09624477164837231,-0.25158323999994536,5.630397481581895e-09
466,0.06884574555795098,0.1997171046193955,-0.3740006932644775,9.750237950356677e-09
467,0.11483251046246323,-0.09976375584000152,-0.10018669081004816,-6.260029294935521e-08
468,0.04016368332264619,0.08792455889445705,-0.2795847117584316,3.1435206437890884e-08
469,0.1623627296356176,0.3957363151458537,-0.3069471955271581,-3.877886456393753e-08
470,0.04500362493939747,-0.03953504548150022,0.3872780095204007,-4.971826683686231e-08
471,0.05949033446501062,0.15034809141386063,-0.3921993604423051,-6.04725869379763e-08
472,0.24071755063687306,0.322035971401732,-0.39053898926079,-6.570530786120798e-10
473,0.1899228100826349,0.5260452713426673,-0.08910737768147214,-2.3545737803942757e-08
474,-0.01756804546823787,0.2783366838363861,0.512052746618366,-4.3023192120017484e-08
475,-0.03840572143752752,-0.08193477942913319,0.1380194613557677,-4.8573895128356526e-08
476,-0.1298154104485434,-0.30507686420574487,-0.32915719034052415,1.1591339443839388e-08
477,-0.07003612630620637,0.08869672162884967,0.09884723276961438,2.5770646061573643e-08
478,-0.01182047580437029,0.061904651538043254,0.014653874129180622,6.184677658893634e-09
479,0.01669873147307044,-0.11505052960700368,0.2653594310350087,8.592394351580879e-09
480,-0.1161184947975471,-0.40089006010867934,0.2819662024506471,-3.295588157925522e-08
481,-0.056377276324383274,-0.24075180444401667,0.01940517376517903,-3.588866093195975e-08
482,0.07091057630407249,0.009060310701755725,-0.24301760927302496,4.1168846109940205e-08
483,0.1486844600757422,0.5138049536472522,-0.21599016576486463,-9.354891972179757e-09
484,-0.039012307637221966,0.07512551905605847,0.09100403058455697,2.689671418920625e-08
485,0.11359628241052633,0.09987228669223214,-0.33907388301427943,1.3836199741490418e-08
486,0.07374394824233832,0.2367298136715874,-0.09709551581944709,2.8300576104811626e-08
487,-0.1657721985049534,-0.33983624530932843,0.28389653095418055,3.697977035699296e-08
488,-0.07163206663989286,-0.23255549082566063,0.005158312355050043,-4.432081368577201e-09
489,-0.11058000909332577,-0.09003514179798344,0.32308262809362986,-3.4220420275232755e-08
490,-0.15287573204750515,-0.3047018120044527,0.18859779552040834,1.0134158401342575e-08
491,-0.07170552147454146,-0.1290872667162546,-0.4321019513807016,4.5592514652526006e-08
492,0.26450061290262283,0.3277383674762291,-0.4727709674184837,-2.3663915271754377e-10
493,0.18186354774229585,0.8575599987798057,0.13213643322110613,1.694161255727522e-09
494,-0.08016321315324149,-0.1374902254529502,0.1742017089835599,-3.6948790693713818e-09
495,-0.1409680382375882,-0.18118774674067595,0.11564191303537541,-2.7271482849755557e-08
496,-0.09777508836373272,-0.09814982978014086,-0.047862035899257194,-1.5562420685455436e-08
497,-0.026092788703067527,-0.10082213096561077,-0.5056976591829851,3.65297978532908e-08
498,0.080742787079771,0.25966676236527064,0.07392757655097171,3.252625901950523e-08
499,0.004378731943745606,-0.06417297678305545,-0.02755370080603825,3.914675517080468e-08
