,tas,rlut,rsut,rsdt
0,1.8440766149668093,0.4849912370665663,-1.5934375295945529,0.08231592738212612
1,1.8740347801087296,0.2481452753556539,-1.7600215714726204,0.005592296339443692
2,2.156541274954975,0.5682563040672903,-2.1510882487212086,-0.014745003462621753
3,2.1421204322937797,0.5629341860796444,-1.6653669277372956,-0.02737408825817056
4,2.1172676465278073,0.5868498592634239,-1.9557814450197526,-0.026858151055648705
5,2.321472112838876,1.0617752210995661,-2.3397550276360874,-0.018238601522398312
6,2.2973516860834593,0.8880484573725198,-2.093036247238544,0.04387045298767589
7,2.3838525494030023,0.9774254664551734,-2.0947409589981305,0.12076849782215504
8,2.349499195429928,1.0706873837627597,-2.0310015333216427,0.17452930352527574
9,2.377315028172916,0.995329370575206,-2.353031364577589,0.18658612293813803
10,2.289384106975149,0.6168400947655357,-2.014495958515681,0.14713539627376804
11,2.491597002269259,0.9796648465265037,-2.425975270947461,0.10386052401537427
12,2.687778636759674,0.9753778996270341,-2.2239001627480803,0.05814448144212747
13,2.6125449634844813,1.1482876103808621,-2.1375139961760965,0.027076172641443463
14,2.4479781014944137,0.8519002085227498,-2.2787391806292874,0.003746066085966504
15,2.531854121673746,0.9334985820759982,-2.034608209311614,-0.0159995916961293
16,2.460363689119788,0.45809696437157754,-2.187538873325181,-0.034748448395873766
17,2.7011617280943483,1.0324696647933251,-2.5833613481288324,-0.032423192386090705
18,2.7504369917717213,1.1013594479859137,-2.810683241642124,0.002020052283910445
19,2.717655621919448,0.9728654832726136,-2.779781252686945,0.0785023757689487
20,2.868634292048398,1.0354880382844271,-2.8904168713086023,0.08701292105286029
21,2.9321534335441015,1.1302726479439116,-2.8563648217933633,0.13191416697043223
22,3.020018578086706,1.3248538316686904,-2.762483484493046,0.08882230078779685
23,2.9869416504650985,1.1628444260880144,-3.010719800515929,0.08734865587842933
24,3.114817143549544,1.150247948577288,-3.045586668034943,0.048533991631359186
25,3.139685807464332,1.1449087764065382,-3.0782579499355336,0.0033971186330745695
26,3.0844392496217665,0.9771297862739914,-2.6671131903699035,-0.03626882746459614
27,3.165881827865803,1.0162309107447243,-2.901350529612799,-0.049354514432991436
28,3.1875932275622745,1.0142658910897637,-3.268497819552863,-0.04545683914801657
29,3.5466019443142045,1.6335307212901,-3.278117974804232,-0.02504498463639493
30,3.4276866838127376,1.4194748743090884,-3.3056635813392177,0.04084971675985116
31,3.4025298399703274,1.2871685818970775,-3.4301003495042153,0.09119104367533737
32,3.466161824980702,1.433277925480155,-3.413131774088228,0.14640062700584622
33,3.6502813423988982,1.5517427460663953,-3.880963963772871,0.1528920232065616
34,3.714424586677751,1.3481735602350398,-3.752270996998689,0.10876194649728177
35,3.9023384796360006,1.691920932016842,-4.042780476955741,0.0492585474205498
36,4.097317413939663,1.8809946005603422,-4.089819606386982,0.017187023820952163
37,4.089016175175857,1.8028854076142409,-3.518883190130012,-0.015966737710243706
38,3.924971067268757,1.553654139067902,-3.773247711197527,-0.04107220733936856
39,4.1006051543512285,1.5120994650789612,-4.033668344819887,-0.03498341491780366
40,4.2536464222162635,1.9630806222749868,-3.9559480768756714,0.006014195819773249
41,4.0774545782526275,1.51266608988729,-4.1498378665047255,0.053849048402867083
42,4.306928571642402,1.857737926259773,-4.430827189943088,0.05763660685408922
43,4.622122915093996,2.135073161903591,-4.481982518630517,0.06487182834359828
44,4.5070777044621195,2.0542291829354156,-4.074958134935017,0.07625128439468654
45,4.476091626027994,1.894070108050613,-4.472053137094036,0.03939629551956614
46,4.6350725897605685,2.23361576310856,-4.526853101304781,-0.0037628265508260483
47,4.676824268121493,1.9719136180438852,-4.724313043311298,-0.029835941326894044
48,4.8984124526156165,2.278736663821462,-5.16817023920872,-0.04092447968059787
49,5.100028155412417,2.5274113453227756,-5.323734206577981,-0.04414507194394446
50,5.235538221041793,2.4462873116197272,-5.236031972650096,-0.03570625990909093
51,5.039217980976616,2.379306420611613,-5.294827633911282,0.014776000061033301
52,5.098372316796372,2.170652696823879,-4.931825909747445,0.06654026144497038
53,5.203775400822508,2.391278026609882,-5.299868708676058,0.09576512757604405
54,5.3882816221284315,2.5082647938854734,-5.3636955117020335,0.0895123271201328
55,5.427249604624194,2.6697134773385187,-5.543841168831477,0.05732351609282205
56,5.724548812726937,2.7465753038737546,-5.735400666410939,0.01402562684734221
57,5.722079071903579,2.874655966746417,-5.585717413775171,-0.0011619417291512946
58,5.690055071793779,2.7421210693843534,-5.896037632629302,-0.021574132568105142
59,5.8048045672061335,2.536306695871957,-5.626988927846185,-0.044862747727620444
60,6.028030654773147,2.833454510230098,-5.7938291339119985,-0.05399984371155142
61,5.824119105335399,2.9050911666631407,-5.609421667203989,-0.06318653138271202
62,5.844499736628279,2.3967332086014324,-5.874630996134499,-0.05413987861049918
63,6.225345264045984,2.8388453623007877,-6.002183762424295,-0.022083497846381306
64,6.233885116982776,3.052521790070273,-6.148729569467989,0.01874125750953226
65,6.122469642238627,2.608417559947952,-5.758663462545854,0.044645603989238225
66,6.337169233417001,2.80303921496332,-6.343166391449557,0.0429086105133365
67,6.560380548352555,3.3212248603240653,-6.364683435611397,0.04711729844234469
68,6.68870963854755,3.3926695620122587,-6.455033382437577,0.024800505518726368
69,6.511695184823509,2.985657089214641,-6.420832649868501,0.006739390369432385
70,6.719085790955205,3.3111035823318105,-6.885606321646932,-0.03117544175773901
71,6.762581910223389,3.2764244311018444,-6.726718707406178,-0.05567519941206456
72,6.93406133926635,3.4955338508216585,-6.715528805566549,-0.059816256936017
73,6.797347784488181,3.1348234128879255,-6.89690797138482,-0.0566676039117624
74,6.867542890655898,3.0663715675085257,-6.844057762822246,-0.028880874890091945
75,7.116443466995179,3.18481829070501,-6.880957753906131,0.02626651173824257
76,7.226407629549044,3.494439100386984,-7.009231253996987,0.06018975800964199
77,7.280316123406806,3.4807460319169365,-7.228682506018089,0.11448464507986955
78,7.477075377668029,3.6001273515948355,-7.349159673756361,0.10168521701632471
79,7.521211802751793,3.9304084896203904,-7.40346546116163,0.061498976038762976
80,7.527067955066798,3.7279412387623836,-7.865675255934036,0.017986102137058424
81,7.848232250205626,3.9863589130065122,-7.929111117577989,-0.01573784915814258
82,7.855836285744942,4.113782380861096,-7.7872389630158665,-0.030945267591107495
83,7.732232087208331,4.075500160246634,-7.837760574348195,-0.044203563257894984
84,7.778673029776655,3.539324347160999,-7.488794924820866,-0.028977702972724728
85,7.902666083540396,3.9113917769344937,-7.7396019134353224,0.004072106271621578
