,tas,rlut,rsut,rsdt
0,1.223589624171268,-0.8212858111521371,-0.6619140987773733,0.07197742200861512
1,1.324097839287731,-0.2552507986369221,-0.19571340007657057,0.00033845248265151895
2,1.3287968285641227,-0.5764222739079798,-0.9703631970146489,-0.018420828205535145
3,1.5445623277664708,-0.32357332163189767,-0.5307108682570885,-0.025919206175274212
4,1.3756632862210267,-0.47159959677452434,-0.3514578850019774,-0.027157383749056407
5,1.3128264570577244,-0.5232079667106291,-0.5838186378342414,-0.01717027638073887
6,1.4388698585237307,-0.542685423761327,-0.6472833661453592,0.053323238842892806
7,1.5451816809015781,-0.10731673121082963,-0.2543438552722961,0.12993047008745862
8,1.4074526247744643,-0.48435209641118604,-0.446376903661843,0.17304712582915727
9,1.5976001639223227,-0.1355855599902327,-1.7428855639079472,0.19109363294620607
10,1.6717515591543588,0.3122100575924094,-0.4614350432960066,0.14831325583230637
11,1.41769727092651,-0.4914627637964486,-0.6806550942071965,0.10044898464241214
12,1.4793944843307258,-0.44932669378442824,-0.5883875762239086,0.05050868204170911
13,1.511738469727561,-0.12706601172183696,-0.8996933740047837,0.03125083609785406
14,1.5418196394136885,-0.20468693817812778,-1.6760573809305725,-0.0014031397155349623
15,1.6951339667412526,-0.015017691796259669,-0.4016183784050895,-0.019165624331265008
16,1.4975542544444238,-0.6696889396485517,-0.7463902331141696,-0.03629359415151612
17,1.6205404634608271,-0.570020671501311,-1.134682244474618,-0.03254645360681252
18,1.7793025547277352,0.08395667867711154,-2.2243147718078546,0.009486786306524664
19,1.9317369724875562,0.7102878203928924,-1.3566969914570848,0.08363179246026675
20,1.9114105443837843,0.3039714242501361,-2.4193648765399303,0.09148200048133504
21,1.993706704973306,0.6892119847775859,-1.307287207156051,0.12508436229109066
22,1.862867263839803,0.30448510296216114,-1.494690153675407,0.0916054921604541
23,2.024311724809195,0.7737574034429713,-1.6330653776923612,0.09156025925710765
24,1.998840033033673,0.5478271508148396,-1.6939549449710256,0.04326163513997017
25,2.077581606454885,0.5805097530266892,-2.478732669088302,-0.0006571730525024577
26,2.125178528227991,0.7556026335588513,-2.1578959949285945,-0.040239726027664346
27,1.9674633011622973,0.7423283968232965,-1.5203427738872506,-0.05105624264257358
28,1.9521502004611762,0.3786463532730693,-1.9896821150849888,-0.04575797303101581
29,2.127898877371308,0.721283246005612,-1.350217302213295,-0.021691978141234358
30,1.9521990980528585,0.4851304408035446,-1.6235044265807659,0.04810816098546411
31,2.036494118204587,0.4624749751376953,-1.6780929918795522,0.09529795189405377
32,1.9641643992190438,0.39579079619318236,-2.048797660259183,0.1476222208099216
33,2.1835481126498735,1.2096656240310324,-2.010457733678166,0.15322290707922548
34,2.070149592829466,0.9083629315350947,-2.2308017093673413,0.11027949084950706
35,2.113097140672835,0.8672503928142419,-1.7793686966481488,0.04342333649918828
36,2.0701364519474055,0.49213888918279736,-1.8276165453105904,0.010768440977983573
37,2.23655017795312,1.111407887076382,-2.4437280046456777,-0.019613271217053807
38,2.0974875454668336,0.9541313577598771,-2.6372179120490102,-0.04101788246492788
39,2.1428723190700794,0.8317232098914928,-2.557464816756749,-0.03274193332640607
40,2.2047411834000172,1.2279136028647883,-1.7975539372246772,0.0074118418233979355
41,2.0299579347428676,0.5974238568451824,-2.6775290306431003,0.057904219953741176
42,2.1988332169612477,0.8492784795379862,-2.671963666113939,0.058969576064612284
43,2.2623402481629,1.5866548942900636,-2.257118783979891,0.06722345221510295
44,2.040563022756089,0.8116942645482936,-2.320669045119601,0.0736653367132476
45,2.2312893089609247,1.156052515906623,-2.776126378979754,0.031272491036816064
46,2.2133832174367285,1.4702378705532055,-1.8098999702644534,-0.0031688951468709092
47,2.0794925201495857,0.707464080293903,-2.5150393778484244,-0.03223784982367306
48,2.1976109664304317,0.987285805873654,-2.5622048558050636,-0.0422971124521041
49,2.381998208195,1.240412217281289,-2.7648971298675065,-0.04627493244350944
50,2.274424532525927,1.4986490270728723,-2.2068544068730205,-0.03364266173502983
51,2.1352439266075294,0.7583111331776422,-2.5432150317822106,0.021227692904290052
52,2.24408904240903,1.281428355867746,-2.7014043577630247,0.07021994394773401
53,2.365884146170515,1.5871467547807185,-2.9921092226257144,0.0986407554310631
54,2.393730007771353,1.7790839170713184,-2.5344488054557672,0.08654684824466585
55,2.2554856644279653,1.5099696610050444,-2.7237209118304264,0.056553754414323976
56,2.2820293869555712,1.5332578657426552,-2.816833843534127,0.013062025096132857
57,2.3419103446072427,1.515967181286527,-1.8777442505561908,-0.008002461472813138
58,2.207515647427158,1.0043289793727581,-2.7612123943278135,-0.023539253130650195
59,2.3223329278529263,1.9024786844714185,-2.7417655868271993,-0.046561797677952654
60,2.2069564509210977,1.4356417922215314,-2.629281322970911,-0.055938637093618127
61,2.2127211307474113,1.199919535700559,-2.6161361027188406,-0.06538328405957827
62,2.2218237647423393,1.5069454247141323,-2.371728361898704,-0.05285953887545247
63,2.0461207246415825,0.910596278611564,-2.884336737704288,-0.01806314546786325
64,2.2599359415773392,1.3179069008095325,-2.899211608051729,0.018463218375131873
65,2.3534039604449504,2.280059993777428,-2.7772308800540344,0.04565872819426886
66,2.0491663995286444,1.1936871693785633,-2.5860224892512917,0.04847905407189046
67,2.112866067716652,1.1761508811260342,-3.1946202491201348,0.04715827001263051
68,2.476415572698272,1.9585864163697693,-3.2982606792519533,0.018640972816513113
69,2.438625230585444,1.9860311988576314,-3.2371178928812157,0.005936045189230299
70,2.328235493138777,1.8968038939767382,-2.8540409734772965,-0.03579862411731938
71,2.4605814015611713,2.283931778589107,-3.2406918289154873,-0.058984040561028905
72,2.202080911224982,1.5930911389479263,-2.6498646152050327,-0.06091082847302687
73,2.3369562670199002,1.6273807633798185,-3.0691004892714204,-0.05760681988471106
74,2.344190054696355,1.950774065639905,-2.3581779938294147,-0.02530835295402767
75,2.302854406103563,1.586701564309294,-3.278995117394203,0.027769240287739194
76,2.4320327571361418,2.00800286568645,-3.0590455641476524,0.06740279524268544
77,2.352949707135849,2.251852225978297,-2.566649266165186,0.11814826024698277
78,2.177895729936438,1.7534229933897336,-3.2209377140758164,0.09755140330668155
79,2.2443505919653717,1.95238500953036,-2.9608249795766,0.05402313650444057
80,2.1528594291387435,1.4853398452610236,-3.928182914758466,0.0209430015248131
81,2.3827301529505576,2.378070589997492,-3.724426406514098,-0.01976903628025184
82,2.3057268131923934,2.233345355295171,-2.875077702575936,-0.03271827175217368
83,2.320756378908129,1.8546575259467488,-3.2029433833699557,-0.04570855963748954
84,2.43157518772108,2.1827041736021897,-3.8277891198815723,-0.02740712623096897
85,2.3799340456297955,2.0142750162623884,-2.845849001165206,0.01477636049838793
