,tas,rlut,rsut,rsdt
0,1.631987627757269,0.08562427387644789,-1.2264118166083051,0.08231592738189875
1,1.8903355672569546,0.3577624110216675,-1.8578687568531649,0.005592296339216318
2,2.014359221986126,0.5063158616654562,-1.6168815201862259,-0.014745003462849127
3,2.0240470655387526,0.752649818490795,-1.5633003445784652,-0.027374088258397933
4,1.8724660874227084,0.20682821128622209,-1.1149473793090436,-0.02685815105587608
5,1.860736525584798,0.17502531614707095,-1.3710302356923876,-0.018238601522625686
6,1.9836968331677554,0.4188979069150207,-1.7269125238703111,0.043870452987448516
7,2.0051417210312366,0.3614999774037244,-1.543847876469357,0.12076849782192767
8,2.0405628474744617,0.47035649746996455,-1.7763267386203125,0.17452930352504836
9,2.274969474157672,0.7661588565379986,-1.6674287650921116,0.18658612293791066
10,2.2487929493412366,0.746877176498657,-1.6536323255708112,0.14713539627354066
11,2.295058362270595,0.7770335656115606,-2.2609859814496787,0.1038605240151469
12,2.275932327018211,0.6056429048308019,-1.7480965816961742,0.0581444814419001
13,2.3918903211998668,0.8607898460809338,-2.2034235975995813,0.02707617264121609
14,2.3013706594399537,0.6697812763194406,-1.8196065571325875,0.0037460660857391304
15,2.345782267717766,0.6281568503013375,-2.125490511608561,-0.015999591696356674
16,2.5607573613818886,1.1814897503155635,-2.585111271340992,-0.03474844839610114
17,2.439974139159176,0.8799868429471474,-2.0174561938067086,-0.03242319238631808
18,2.4898322099200527,0.9489343921729585,-2.42836077987063,0.0020200522836830714
19,2.393539497744314,0.674226890847109,-2.0293658953930276,0.07850237576872132
20,2.357940253648337,0.8212203903116801,-2.1727208221486904,0.08701292105263292
21,2.4648369583032377,0.919236955918393,-2.038460454814526,0.13191416697020486
22,2.4428797029794964,1.1449030730299796,-2.022970889955161,0.08882230078756947
23,2.404540870136316,0.8107723684459813,-2.237265674268528,0.08734865587820195
24,2.546072827582236,0.9647205980354556,-2.4693743343337218,0.04853399163113181
25,2.6933915853251165,1.0280126980464672,-2.4391433592091687,0.003397118632847196
26,2.755530743924737,1.2946240828791247,-2.5403298205296068,-0.036268827464823516
27,2.6894018913662308,0.9652697516148123,-2.3859428411768704,-0.04935451443321881
28,2.852470700725803,1.4119925653344012,-2.733753661121483,-0.045456839148243944
29,2.8632778977760722,1.6111804909167233,-2.5505908143134093,-0.025044984636622303
30,2.784411462726723,1.2041647021598862,-2.3820141355327706,0.04084971675962379
31,2.729093442806459,1.3950420783911284,-2.6354793324082806,0.09119104367511
32,2.8652233734143806,1.3777639231083185,-2.9700512559352177,0.14640062700561884
33,3.0014985062792903,1.6093443798963563,-2.846426962603033,0.15289202320633422
34,3.016406906237819,1.6274418694900419,-2.7464193886025896,0.1087619464970544
35,2.9252764056361684,1.5379593398637041,-2.4991238079674787,0.04925854742032243
36,2.889507468421641,1.695791889352904,-2.764976397593145,0.01718702382072479
37,2.8644060911359475,1.5838281872111963,-2.564261633913418,-0.01596673771047108
38,2.8223626099727426,1.3673371216371777,-2.331113752135593,-0.041072207339595934
39,2.99320230436291,1.7716933418477936,-2.816714834963861,-0.03498341491803103
40,2.9878520489771176,1.6149621805319327,-2.8215458813124883,0.0060141958195458756
41,2.9359403503123076,1.661847048843839,-2.584438041961974,0.05384904840263971
42,2.942138164601488,1.6832976357219707,-2.6474224673472975,0.05763660685386185
43,3.0021790073539023,1.9103295499662636,-3.02739154902207,0.06487182834337091
44,2.8178593634885374,1.4977569086984772,-2.843893592641834,0.07625128439445916
45,2.8411987838225627,1.6247217928365387,-2.757227832198609,0.039396295519338764
46,3.0403063473022485,1.7829557265873461,-3.094814021354921,-0.003762826551053422
47,2.947719046639804,1.7807500889352355,-2.6996411739599324,-0.029835941327121418
48,2.870801441773665,1.777333751317201,-2.68711614924608,-0.04092447968082524
49,2.930259732295724,1.7171473147829204,-3.1362304858193397,-0.04414507194417183
50,3.2099158314162537,1.97314142684138,-3.2984243309542762,-0.035706259909318305
51,3.2360343795439235,2.132234471387619,-2.6494991915372594,0.014776000060805927
52,3.101840412718957,1.9918529777193612,-3.119646885698373,0.06654026144474301
53,3.087386516310687,1.928458608101522,-2.986946951246935,0.09576512757581668
54,3.064026981348775,1.8399894923111049,-2.5097768356983465,0.08951232711990542
55,2.9529773788503917,1.8153658975696487,-2.791144473969851,0.05732351609259467
56,2.9466471063630024,1.6295311077557528,-2.705602301664399,0.014025626847114836
57,3.0645145973898593,1.7411462248315104,-2.728327126241382,-0.0011619417293786682
58,3.1208030609765274,2.1886970980608282,-3.0545228670343505,-0.021574132568332516
59,3.085064192912853,1.9088793609234358,-2.8133467728700623,-0.04486274772784782
60,2.879395520222488,1.7981279489651172,-2.876882309712059,-0.053999843711778794
61,2.9271904764615897,1.974636029584758,-2.7760038813615466,-0.06318653138293939
62,2.822756951147369,1.583675816450608,-2.7113067828252184,-0.054139878610726555
63,2.77962992831209,1.6517789915561139,-2.395241803941815,-0.02208349784660868
64,2.85243816102809,1.6403148637911613,-2.926310155248842,0.018741257509304887
65,3.014884193388127,2.1032908052984567,-2.8953599938702865,0.04464560398901085
66,3.1600220853094356,2.4440865463652983,-3.1091471088789717,0.042908610513109124
67,2.8913120313566196,2.0876348464598493,-2.855594779840132,0.04711729844211732
68,2.858365799719934,1.9514075733648326,-2.772216406281103,0.024800505518498994
69,2.9518637864924244,1.9666021148074435,-3.0245930262439487,0.006739390369205012
70,2.9067641359930576,2.103006034943462,-2.9317601912494666,-0.031175441757966382
71,2.9822234837961332,1.9824144542010913,-3.2020168492398113,-0.05567519941229193
72,3.046987149113363,2.080745605340212,-2.741367647089845,-0.05981625693624437
73,2.970435736084653,1.935632884340123,-2.7004554493528303,-0.05666760391198977
74,2.952955375154943,1.9305552363901484,-2.5326429507735924,-0.02888087489031932
75,2.8611860325307816,2.049566490971955,-2.7601984008722695,0.026266511738015197
76,2.8642962867682513,2.0316351230960095,-2.6492474890489888,0.06018975800941462
77,2.8995512778828925,1.9724023585239365,-2.6530791103158577,0.11448464507964218
78,2.879797644348855,1.8145863246965348,-2.266281667355045,0.10168521701609734
79,2.8504220735393346,2.0493328366980847,-2.5294705766755925,0.0614989760385356
80,2.766023720588805,1.8785644166171096,-2.5679624312642204,0.01798610213683105
81,2.8119681254173656,2.0677431023063946,-2.7506601153240666,-0.015737849158369954
82,2.792656058708758,1.979366015203027,-2.3200894107766032,-0.03094526759133487
83,2.8084246834135342,1.8487345375975792,-2.865830081916215,-0.04420356325812236
84,2.8742798306487316,2.134514233614169,-2.585206422144225,-0.028977702972952102
85,3.0079645075080066,2.1557803101921706,-3.20715718968286,0.004072106271394205
