,tas,rlut,rsut,rsdt
0,1.0151102347505798,-0.8193786496808855,-0.13248237900968718,0.04098120126189997
1,1.144970429512739,-0.33582287477975115,0.12137744110046356,-0.023151590433201363
2,1.0133051522694814,-0.7849453225347531,-0.2254650245560299,-0.05085910950452899
3,1.3149742256123318,-0.429804973252061,-0.22407522092539978,-0.05857252864109341
4,1.2488251023405041,-0.5129593525663836,-0.2344048030776662,-0.05972975474372788
5,1.135297439029614,-0.7368175689574912,0.019527496280474566,-0.041688881074207984
6,1.1548086144231888,-0.5084357951141953,0.22261433156801047,0.021205203044416976
7,0.9044808209040411,-1.102326004099723,-0.1503518167463369,0.09905798670746435
8,1.2093669556075497,-0.7023985657870071,0.009900418728378213,0.14373816294852304
9,1.2559039895623982,-0.6766547822595896,0.2503795523964101,0.16963731298511675
10,1.2538926429832031,-0.6729548626643123,-0.20985542526364043,0.11813371237070669
11,1.2692585140148367,-0.8452510876817598,-0.06472274240125842,0.06893673203637718
12,1.4369249018108121,-0.569726013464134,-0.1125342683197772,0.019757553622525847
13,1.5308150444895432,-0.42250192394703845,-0.17578578142089896,0.007524989791988901
14,1.3521857576434968,-0.6722212446676394,0.002281090284228071,-0.033849318016450525
15,1.4062911509732317,-0.5603911879467489,-0.42257638493440197,-0.051514010753123785
16,1.3401522002275215,-0.8640376123457258,-0.2185562203825384,-0.06883538073600448
17,1.3768040820013425,-0.7683310094009244,-0.3622908521767272,-0.05706332623975641
18,1.4312019354547942,-1.0927281153590798,-0.45412207719193987,-0.022731152114431552
19,1.6416692265709685,-0.35278145097220204,-0.32737941406426785,0.05219448717986097
20,1.648520693305727,-0.6810110561165175,-0.6818703477382826,0.061181812672373326
21,1.8121206138165462,-0.2936721187804494,-0.7971028331295003,0.10324764972068579
22,1.848426629704818,-0.43799262561748264,-0.6089829625636582,0.059805775994334454
23,1.768671752852356,-0.37448333916032084,-0.36881599828848266,0.05994554696206933
24,1.5203988095937007,-0.9119185717461562,-0.7165720839401075,0.012327851295481196
25,1.7470073564063568,-0.8709541461287245,-0.5159285622512186,-0.025229216115747022
26,1.7481393203742641,-0.6446284941116573,-0.3103513654320693,-0.07318260514148278
27,1.623724511067337,-0.8737090310594624,-0.5199912503187392,-0.08392235077542409
28,1.70958853069925,-0.9214057992897438,-0.41603059504421935,-0.07844708989898663
29,1.8020875804416505,-0.564321225967376,-0.8058926733309022,-0.04634524210831614
30,1.896865276017536,-0.6078256419026786,-0.5100158701885533,0.015864739634082525
31,1.8870414294385114,-0.8152959188406612,-0.9264454075817099,0.06435198374617812
32,2.047017387546987,-0.4427262177513285,-0.8397456216512751,0.11809079442747361
33,2.1147488795094773,-0.5424745301711198,-0.964659172919724,0.13199907939247169
34,2.2198033695190134,-0.5286237011520711,-0.9092367256530309,0.07911710149943474
35,2.391798167145623,-0.277744114401969,-0.9867196026864917,0.012484411529555928
36,2.2942032227475693,-0.2804134676745207,-0.9069657446938919,-0.020693383420677947
37,1.8677635721320485,-0.8787757734211255,-0.9318407675199438,-0.04354606443877174
38,2.0762395912755096,-0.7777502109222496,-1.0216845352597659,-0.0739849067523437
39,2.2954959448918544,-0.5389950036480116,-0.8635043161831817,-0.06534599027691002
40,2.469405720545808,-0.2997998346224904,-1.3121426141557464,-0.024427105539587046
41,2.4336521050864803,-0.3980070093469408,-1.2594934518011769,0.03426318219220548
42,2.49658979415193,-0.3049160171606218,-1.482220291440413,0.027516153029694124
43,2.701808061830718,-0.24321998347033968,-1.4333381426356055,0.03655434115233902
44,2.807439842693043,0.062417039396336804,-1.4147707572178945,0.042494995095239574
45,2.6248941333209928,-0.3203907110930402,-1.6608626176090695,0.008747538686577627
46,2.672222081175505,-0.29160788541054217,-1.5946522064751747,-0.03558188793692807
47,2.880314087460988,-0.23804224315910005,-1.4208113835574352,-0.06492972683247444
48,2.8247799951137154,-0.2873068519656101,-1.2881616617139002,-0.07499554261619323
49,2.6838450035151027,-0.48090434651425085,-1.56456129188048,-0.07089611588673961
50,2.921750140497238,-0.13372908512224058,-1.627644322519103,-0.0666262993461828
51,2.90471397295471,-0.2697742420243401,-1.6483581464112547,-0.010809750220971637
52,2.843946115958829,-0.17092051383536955,-1.5139867245351866,0.039272037348098365
53,2.9435277869579863,-0.5735596038430515,-1.6750973023742688,0.07545306808145824
54,3.283043743438725,0.24717344766949623,-1.5436384018605054,0.055774215188421294
55,3.057056261605794,-0.15915954085710382,-1.6111318583210306,0.025203130036345556
56,3.206071322904336,-0.05363517871631984,-2.044382303306932,-0.01872956807153514
57,3.307463703538758,0.2384634835547388,-2.1280608844826077,-0.0323608542328202
58,3.343462000514421,-0.12158323991650377,-1.9649730573738253,-0.05639609140308721
59,3.454866689905259,0.20360410643655769,-2.1136273770749057,-0.07926403121030035
60,3.544817521874336,0.24174819920878576,-2.491579334715425,-0.08850078612141488
61,3.5839693019229912,-0.051125520112009326,-2.333409288164873,-0.09026582065507682
62,3.5906173181369354,0.3350550208210734,-1.8829940125290392,-0.08603923735029184
63,3.4634940737713578,0.010495154446317656,-2.4489787562210097,-0.05062114607011381
64,3.684914632302821,0.03531450966968919,-2.5277147613062283,-0.012395437602435777
65,3.775994614662693,0.5845174098150778,-1.9321731428969287,0.022193592805308526
66,3.5155273558114004,-0.18956892547248572,-2.4704135933760085,0.016392608564558486
67,3.796696246048782,0.3244294051741008,-2.415844366731065,0.01517689043714654
68,3.922103417536107,0.687773896709416,-2.2914451992902087,-0.01258149126437047
69,3.8133644708593124,0.10300462888599782,-2.65203837702353,-0.01833669913793301
70,3.903884964286874,0.21298201430153085,-2.6436784857057347,-0.06883321967416123
71,3.996272116242892,0.12509868194359797,-2.465391633124895,-0.09189952373907317
72,4.209539395151978,0.2676090772061457,-2.2189068943949906,-0.0936365838260258
73,4.146637850819047,0.6226527874914325,-2.580554200139389,-0.08250285533887336
74,4.129441465991363,0.10258968625333864,-3.0213812696776614,-0.0580914372358734
75,4.373030501899166,0.5554587647841629,-2.7568320320463897,-0.003604945890572253
76,4.547980418341012,0.5761480744346841,-2.894511467714267,0.036268711795798936
77,4.569760067041898,1.0086403117381906,-3.000098491069352,0.0962737985187232
78,4.387735699629388,0.19654560446164737,-3.1143957398475663,0.06658263686921373
79,4.648648547386301,0.7244154459318679,-3.1004619400418107,0.023412878214458033
80,4.653651157512911,1.0017372425616031,-2.746637978085971,-0.010896610257930206
81,4.575590006246443,0.4048690265774155,-3.3544337111578386,-0.04392690358065465
82,4.802943690591746,1.0422804431615873,-3.208020561579957,-0.06578267704668406
83,4.706777986102509,0.6649238950647032,-3.3594596102849295,-0.07846283202303539
84,4.770771074744744,0.7416549222445781,-3.0864347511123356,-0.05958018182354863
85,4.881705284806344,0.7675576514914155,-3.4041914216841462,-0.0033414728677030325
