,tas,rlut,rsut,rsdt
0,1.1299520950554438,-0.7667064561917982,0.12492492444845027,0.03501542983650552
1,1.296669004354385,-0.44225875544589144,0.05563863877056008,-0.0058049009542173735
2,1.0097665051297326,-1.171637413705696,-0.036078817375653216,-0.056380100777744246
3,1.1687546377673357,-0.8095797024475928,0.08061012684100888,-0.06430981305618388
4,1.2146766484283376,-0.9033632646672061,-0.13416841894259335,-0.0656830954063139
5,1.3988217481914376,-0.5387041256487635,-0.3218458929792263,-0.0243415461596328
6,1.1781062126120787,-0.5652641861953498,-0.4742742667304327,0.015674109692156435
7,1.425580188437948,-0.7032048863510738,-0.761641735720076,0.09329963339399683
8,1.6181670040538734,-0.2645361814071805,-0.6233956550722866,0.13775764987201455
9,1.538592243186315,-0.25834353895393747,-0.38538899029606455,0.18697095174150036
10,1.5482085819629674,-0.3317038098463172,-0.8452315903493854,0.11258961149889046
11,1.5503948899003035,-0.45338311398575115,-0.665963906600652,0.06318157757016252
12,1.736791570135324,-0.07459988869464951,-0.5593317794257047,0.013792773896113886
13,1.5940498406189931,-0.35941086306894476,-0.6324085825740724,0.024868362552410872
14,1.4799751041126115,-0.56200736021475,-0.8479613289204764,-0.03937434811365392
15,1.6328676640564481,-0.5144314939240644,-0.7149275461041782,-0.057253543349133906
16,1.7037730363666697,-0.5345529802126237,-0.6515221051717077,-0.0747890186839868
17,1.6001766902076042,-0.4263485701912657,-0.619665426508945,-0.03971672322148834
18,1.6547347903246532,-0.4341467477516403,-0.7937569929851804,-0.02825797208294034
19,1.7482438220686163,-0.27946655649310514,-0.6325167951231521,0.0464405396326697
20,1.6672315199353989,-0.37506700153855377,-0.989172272293203,0.055210296933580594
21,1.7487496721016669,-0.32253492453432386,-0.9356920168177965,0.12058389183499685
22,1.6909918277780207,-0.22488392364192578,-0.8961245756942731,0.0542674465152686
23,1.6504131428055189,-0.5483962891043177,-1.091201516504043,0.05419003250301557
24,1.8386101093204843,-0.006230436926841776,-0.8937061013903218,0.006362391072116225
25,1.77064126885125,-0.2647733465351223,-0.7670151679456723,-0.007885574675583484
26,1.8501898066111266,-0.02607621277334715,-0.9333577180204031,-0.07870429549780056
27,1.613736011273602,-0.7245153360480856,-1.0739977374100818,-0.08965967933016827
28,1.8118707553731497,-0.22958647251320485,-1.1917974189158116,-0.0844012829292069
29,1.832393742132524,-0.0025412018228223587,-0.9365251980491536,-0.029000621706984475
30,1.7508854209588662,-0.20177361548030603,-1.096253697962993,0.010331065978220977
31,1.9009803968916685,-0.09166505775655764,-0.9356281575682743,0.05859466625327059
32,1.7241184853833147,-0.268814700482352,-1.256269192817058,0.11211029991875421
33,1.922108905256323,-0.13835812504021305,-0.9733294354493864,0.14933171295336933
34,1.9260476883727051,0.08834908528820051,-0.6096346774707797,0.07357455900910281
35,1.7400677097892867,-0.1782466592141816,-1.4783031902451853,0.006733546698569626
36,1.8427579340097964,-0.31567002371318154,-0.9517924979482189,-0.02665635393594812
37,2.0938149618013426,0.21569690965677069,-1.4174918319825878,-0.02620277967889706
38,2.048378677024857,0.20123204665179628,-1.118505556078233,-0.07950801615868386
39,1.8432001318478797,-0.18896699609007328,-1.3577985379304351,-0.07108741339550306
40,2.022721243536296,0.12550678764768008,-1.1401098294934542,-0.030390165860126217
41,2.03616315821904,0.2496069991986758,-1.1787337413151988,0.05160090047644417
42,2.0560715957925026,0.05918035743744099,-1.1683589920086064,0.02197943689998283
43,2.1748103872754427,0.2918052023508153,-1.2997569300827223,0.030799025643602818
44,1.9282663936824065,0.15166823988766964,-1.3265478007873952,0.036522710598660524
45,2.0152374255202403,0.1710497242052611,-1.4360942066026752,0.026086319313264994
46,1.885248805950539,-0.1401838451544961,-0.9711124548612986,-0.04111123169690245
47,2.094276820464188,0.43846761108702026,-1.052538172292472,-0.0706724722287504
48,1.9867884708672818,-0.07998080123695672,-1.665658338534456,-0.08095312495015605
49,2.0962382358435434,0.20038021756647595,-1.349756347488622,-0.05355293766302793
50,2.1031600131920527,0.28403760882468987,-1.742573799275732,-0.07215208891739167
51,2.1672700823664854,0.5451059652828576,-1.4029612000063594,-0.016560173011896495
52,2.133198079489432,0.36570483597475345,-1.3961577354424008,0.03329903674517709
53,2.1037941585781255,0.31321726903837543,-1.425954901014947,0.09278655245202572
54,2.155774806959755,0.26843834730456706,-1.7145031704653206,0.05023196222572324
55,2.193411086135143,0.6142497541159742,-1.5714101250206056,0.01944784471396588
56,2.1149483813371717,0.47022322180851006,-1.3720450692952113,-0.024695530744054395
57,2.177166825090694,0.41254145376581164,-1.4138168851773116,-0.015021262947300329
58,2.0839821434017836,0.304943795357417,-1.71830342805265,-0.061924115992439965
59,2.2003710813692123,0.7288106388126323,-1.5706788985004607,-0.08500668371272013
60,2.12702688510592,0.48872246266964225,-1.7135055441676883,-0.0944584288466217
61,2.1380898872978378,0.14928208203127724,-1.5409439610324966,-0.0729229991117677
62,2.2615542125601564,0.8833035583449771,-1.573353610391095,-0.09156400735241732
63,2.1170571541662753,0.3130875929790875,-1.8623914151243355,-0.05636786681088779
64,2.230076784288883,0.470772051681962,-1.4476471931224637,-0.01836360742299803
65,2.0971181080760743,0.38794852790115897,-1.524519246889966,0.0395287216481961
66,2.252169494609177,0.605412025380673,-1.3745643678646928,0.010853521155809176
67,2.29812912968157,0.736744011908911,-1.6575289655265095,0.009421126674851621
68,2.2299432402195407,0.8016813701998728,-1.7069837992355588,-0.01855018984150547
69,2.125878077675054,0.6778363522849702,-1.5523392260240882,-0.000999757520219191
70,2.2471210318754515,0.5469508253840161,-1.6398789912884126,-0.07436155548361967
71,2.1898092661825785,0.6469350302475618,-1.504979790155545,-0.0976420276079466
72,1.9469695213052205,0.3759799124174492,-1.4243127082301754,-0.09959480950328725
73,2.001553954169765,0.26241200018850463,-1.3580974851074359,-0.06516234993779335
74,2.109128383701716,0.6770216211867535,-1.6257279733245156,-0.06362184161582718
75,2.0132570309744438,0.38001485925340717,-1.5496539332241213,-0.009359405189115932
76,2.1158321244960803,0.6408997758036321,-1.4654317624717663,0.03029263619782796
77,2.0774022966716643,0.531816734645929,-1.3721435929917334,0.11360248384204397
78,2.2461390799202263,0.7963125632732613,-1.5927404610194174,0.06103556007315092
79,2.180641496456701,0.713548731294992,-1.5942299392864072,0.01765428797017421
80,2.175644217332774,0.797030702104621,-1.7808780713352945,-0.01686702051966904
81,2.237725880245705,0.9736579591881878,-1.5177096647085477,-0.02659006849916068
82,2.0885993794938145,0.5328370743612254,-1.6916339937030074,-0.0713131216872398
83,2.2594344359595766,0.997053590734879,-1.7404309854813675,-0.08420875460990374
84,2.11071148728837,0.8199825412239363,-1.8554563683061076,-0.06554469682203035
85,2.004202024361234,0.540504645209694,-1.6770268445636134,0.013702421877439974
