,tas,rlut,rsut,rsdt
0,-0.21172897338317398,-0.2485455762626998,0.22212755784045157,0.029994598806752037
1,-0.1174487688885506,-0.31974832160003075,-0.06476501353843389,0.019239953446117397
2,-0.0008624722490822023,0.36978677285281947,-0.037333407136131314,0.017767333984352263
3,-0.08725661426029774,-0.3691644942632877,0.5777914633260082,-0.0014689406302750285
4,-0.2591888522420618,-0.3870489755408357,0.25009197791801796,-0.02813076907642653
5,-0.12941946351151046,-0.23886448876402255,0.09487740512115295,-0.04464596264983811
6,-0.13282310025175548,-0.07390967309973462,0.07175766757941915,-0.049344582753633404
7,-0.031109900653291334,-0.11218420246962069,-0.13854215795315383,-0.037688456496084655
8,-0.09999389243432688,0.02917605217967889,0.07171547233477327,-0.005225111033894336
9,-0.17794436404187763,-0.0400681753254446,0.7219387348131647,0.021672413447106464
10,-0.2667066701155818,-0.3172030779963677,0.06536495925239194,0.042422025497558025
11,-0.20543185343655068,-0.3603921079816814,-0.04127388563755119,0.03865197586685554
12,-0.2860705474328711,-1.1842013471252244,1.354430099764656,0.01493179112259213
13,-0.21343349295426606,-0.42177677312665196,0.7018537297917504,0.0008952937714070686
14,-0.1035432546143511,-0.277870223729451,-0.693600757154627,-0.012528427333108993
15,0.07724266210209407,0.059936363459343056,-0.05290219802863305,-0.02350965526005666
16,0.0037400647989329627,0.18752487119877514,-0.053411879986541067,-0.029016364110759696
17,0.008496828449096938,0.17147792436847453,0.021389403815703645,-0.03740016989513606
18,0.02390748764730688,-0.28695045540010256,-0.21429991798457593,-0.018701589924035034
19,-0.007844972535849593,-0.045002925493975,-0.5399033683366241,0.015336797008785652
20,0.13036892269627742,0.13226322464964824,-0.2846079589591568,0.017535065951392426
21,0.2395934597839755,0.6815086362177567,-0.717159154020365,0.03832698456210437
22,0.1876423761526098,0.33763781009324134,-0.8367881404784612,0.02782199807353436
23,0.29905414568912647,0.6949763997702973,-0.31833706302518294,0.00951914330045156
24,0.03064622812678408,-0.08055888014806101,-0.19009414889868026,-0.006618970061083473
25,0.07436315337815813,0.018050093598986905,0.006710162414520937,-0.03671130872754702
26,0.1917359674350223,0.23173065405941884,-0.2986776916993108,-0.050566456415936045
27,0.11191782004624429,0.22611933938611628,-0.7628136604120215,-0.05935668945318184
28,0.08916118940607021,0.23721501917449928,-0.17529676783010473,-0.07061148865585665
29,0.20825001106140917,0.3451079836509052,-0.2378930620190971,-0.0680985960242424
30,-0.07947653677149447,-0.005374622091608217,-0.10641334068341735,-0.04119521885706945
31,0.03350743150207336,0.17193479612518558,-0.6095675589078837,-0.0038234762949400647
32,0.12410111255928769,0.19656401849437088,0.16678560644936624,-0.011937556854718423
33,0.08208161938699732,-0.23426660469246485,0.48032722077785195,-0.017553543717951925
34,-0.11328928913206937,-0.7680276260626329,1.7098885360842644,0.02681449994651075
35,-0.14366051536831037,-0.7137791292927318,0.6754235544354117,-0.0004874451519185641
36,0.08512679261525591,-0.39803666747843636,-0.1619807507432398,-0.03264987893300031
37,0.05561097827433059,-0.15863325846544285,0.7696308859592591,-0.05210537845141516
38,-0.04360188430609924,-0.0749743863878507,-0.7111001445913274,-0.059739789570926405
39,0.11987839175850468,0.20114334130548173,-0.7730689054032354,-0.06232207833903658
40,0.19923249059723958,0.2221612890599829,-0.2961663191275079,-0.05558873006742715
41,0.1365959069122482,0.46794358258441093,0.5298954869684707,-0.0064309316139201655
42,-0.07837372471777826,-0.009174389101445968,-0.27554443515023763,0.033612478595728135
43,0.1741054242866653,-0.02606805240753829,-1.3142217622881702,0.0651674871574528
44,0.28284293427162766,0.5601983167937306,0.3168804607866065,0.10406076091601335
45,0.1388641289738075,0.19164809245918946,-0.20730858342912484,0.06783137909343395
46,-0.03369727277600987,-0.46082614059758953,0.1507567351146264,0.0185953218642112
47,0.15389715742492172,0.10054808524978398,-0.5317082582395614,-0.014005561724047766
48,0.19504834864909526,0.3805912513930423,-0.9652528422736708,-0.02836036159573041
49,0.1791656979692675,0.1768887485240498,-0.02873606925373906,-0.04610135849202379
50,0.1859265885995569,0.3342731145683615,-0.6605035896306646,-0.05661713064540663
51,0.1738941693517404,0.1486998089114877,-0.20999540584581666,-0.0740866465110912
52,-0.025015942131801694,-0.443348490725441,1.0492823384524854,-0.0699972074326638
53,-0.11091720435376828,-0.8756464659564074,1.3824537369339112,-0.03437307697458891
54,-0.05111826791869589,-0.29018822730671445,0.6954823424131433,0.03000045149286734
55,-0.07195112059974917,-0.1497340102885687,0.4115675341710414,0.000682172383278612
56,-0.0482441950808834,-0.47213881376484323,-0.11783504112079868,0.047858167674348806
57,-0.09505152001685246,-0.532014395614965,0.33070958734110434,0.02230701185254702
58,-0.009290903626890668,-0.5438872066362137,0.2102348250174657,0.038902052787818775
59,0.07775512987581124,-0.2851731938934847,0.5528188479103449,0.005782370371321122
60,-0.15936432717705884,-0.6463992830878453,0.8687580569519895,-0.017745846265029286
61,-0.08202313434765074,-0.7297696794580304,0.7264753496904319,-0.05279975786606883
62,-0.06200014036238599,-0.9786289590688284,0.7432325970455338,-0.06621729184507785
63,-0.11443565919284993,-0.6237281804201587,0.5552666430146331,-0.06311620424878583
64,-0.030075339784787047,-0.5230290870107979,0.16365659752132444,-0.03639392591520618
65,0.11322963996667568,-0.17940589123620043,0.3760297021444501,0.040537293316447176
66,0.08108747449131215,-0.1353460014601069,0.4041978482045039,0.10227050781236358
67,0.011777490763620335,-0.44355670310633855,0.4345077429803865,0.14247979987152348
68,0.009690875641467755,-0.5210974059565388,0.21296202268906939,0.15034739873169656
69,0.08632991334462758,-0.5921284585633657,0.005018258699976741,0.0869728401915495
70,0.2685743194660404,-0.019693366451633665,-0.5276132853820172,0.02689861140834182
71,0.30196551764652213,0.25362669362090173,-0.7535455521871057,-0.009963194964768718
72,0.29693600467544456,-0.15057842957921252,-0.238943974580053,-0.04403126337763297
73,0.310760502299388,0.06911982104335834,-0.4355725312837535,-0.05136844164712784
74,0.25266092096893544,0.2298849076703391,0.9941832395222008,-0.0364622351242474
75,-0.0270655900757788,-0.48501808983425576,0.9115341373815653,0.0032187265890684102
76,-0.06795526397894491,-0.5140722973397658,0.004315876556248099,0.05841933995071713
77,0.009148727839146886,-0.5277272931187156,-0.10370788111198692,0.10486834800394718
78,0.15141853461875598,-0.2522707517480569,-0.08714736762358655,0.07457618190807125
79,0.15087786475550047,-0.11330884430014976,0.32283815456024456,0.05811934797719687
80,0.144295048862773,-0.1794491832806102,1.0742777306489444,0.06039428710920447
81,0.06881399278921663,-0.39442015555499665,0.2953045125984062,0.01696727177863977
82,0.062429499349434536,-0.27201742043706645,0.1824429663091678,-0.014659223164699142
83,0.021357639685277263,-0.5588426574803407,0.11755647419902004,-0.0283472348567102
84,0.21798694520731488,-0.12364239687804002,0.16637011720234796,-0.01321845903794383
85,0.28189839702656627,-0.2270278513736912,-0.44270156393277205,0.037747986675924494
86,0.32104504322177263,-0.005700547347913698,0.14856713044038372,0.1490938369541368
87,0.2602557345261971,0.018540934559524658,0.5024389575057171,0.15596430530285943
88,0.2755796067488063,-0.19792636055584012,0.36537116088200605,0.13467658055969878
89,0.35525460001161946,-0.12748887385924945,-0.16318467703159456,0.13056975064199605
90,0.33300991219579146,0.1304601509900749,0.6011805774670762,0.09276808647251755
91,0.0882720971057438,-0.5967299341509147,1.055269539191002,0.06258570004808917
92,0.08250890811262934,-0.7435603382800196,0.4415278952120332,0.02626225719706099
93,0.07106125582743061,-0.5197060115658019,0.5346004710867476,-0.009927409969122891
94,0.07266082970357957,-0.6865693245134423,0.3911940271693055,0.0007473880296515745
95,0.1526267014713767,-0.5259846678414704,0.05483097757576161,0.0691282507490314
96,0.21603549115451415,-0.4701783114157365,-0.2621677280871637,0.10069897795369798
97,0.2069698821591146,-0.1879415584787978,0.6636733481286683,0.18827272179999
98,0.2023430339997958,-0.32821578350905156,0.03224361135617926,0.2198158577695608
99,0.26037897412692246,0.051207541359019615,0.08613960165457968,0.18952486221104436
100,0.19015655661820574,-0.23883801085975165,0.4419553775439482,0.1255907032588084
101,0.26591819304780984,0.08607623732814318,-0.021168996161293308,0.0398576292271855
102,0.25679798685109745,-0.1544894514757118,0.08213856924544416,0.03596091074479091
103,0.2529941935932811,-0.22135360052129727,0.9663954738003184,0.010926045456812972
104,0.1344591055205342,-0.5035939685978974,0.043831678741796054,0.011218679767580397
105,0.25643238177246985,-0.1818551789261562,0.3238104368925434,0.06389979532309553
106,0.027737364868357872,-0.8025303046011629,1.7886300897685175,0.17876611996990732
107,0.039431651929476175,-0.8019428720838562,0.9389604564046579,0.2880393668395982
108,0.1151366009126491,-0.6324045252095516,0.7319152887741609,0.3007146129867806
109,0.16523571326257525,-0.296842025135561,0.950072456867133,0.2395333068010359
110,0.10027611480882115,-0.7522454022285672,0.7438690518315951,0.19861575609996862
111,0.10122144197595162,-0.769063482272685,0.48199104946084503,0.1068263223724557
112,0.14869754758353793,-0.7457731036803352,0.49379422786125815,0.04155114578850316
113,0.011696816451092218,-1.1575936585745978,2.3681697914486364,0.019497471639454034
114,-0.17434072974987203,-1.5601675963215769,1.93417804128525,0.009202345756477825
115,-0.20239805468582972,-1.7286885990299936,1.9801196457477914,0.014820757303937171
116,-0.2010853460440103,-1.3619038992154344,1.0707551421797916,0.0640982849955094
117,0.05616349139683052,-1.0995697074139628,0.8808486255218355,0.12494414865125236
118,0.12417474991019617,-0.6233056207602772,1.4461419906396458,0.1576921018834696
119,0.019885100086582952,-1.28632773213468,1.4234794524036687,0.16323727124347442
120,0.13720448747938008,-1.1782943031890625,1.3572437279987497,0.1668502180542646
121,0.016791606839205997,-1.1073779831502293,1.5744960499003184,0.11198914410300631
122,0.02947616840799583,-1.433347323361403,1.4848233898615746,0.10813933072006421
123,0.14206215401890177,-1.2432540498631113,0.6764171591491532,0.05297650898955908
124,0.2892757248448561,-1.0629751458801024,0.7453592142685608,0.025710850545692665
125,0.16002645855621722,-1.2212153617868466,1.3638685677545226,0.026484910102624326
126,0.2593219134789706,-1.1574960481826224,1.1304218280925369,0.017390671821374326
127,0.3078634588073328,-1.113667423121882,0.8228367292561529,0.07604161092666573
128,0.4358763727947803,-1.0141661237515223,1.1492300900262364,0.1638284761609725
129,0.4853525921117239,-0.7082728967402829,1.0289455818095092,0.23927863134082372
130,0.4541694310777302,-0.8848052235604484,0.9786300209119503,0.22368264394248172
131,0.43234672193807455,-0.8150495748080289,1.3862487794974925,0.22948884310778794
132,0.3112276729011114,-1.8383990018394911,2.1298695430460697,0.14538799965208682
133,0.311171020187885,-1.4896993114561212,1.8233682780870737,0.14252586887295138
134,0.42710842114553316,-1.4286991140629084,1.0947625878283986,0.042562824405820265
135,0.483565557361203,-1.0191872965792186,0.8458822310056604,0.01067078472800631
136,0.4414571869681936,-0.9868029305349637,1.0002482338120728,0.014897176664021572
137,0.4242652067720769,-1.2747766318333333,1.626282720404859,0.03588658162976799
138,0.3734312337197707,-1.5130230683095078,1.4134100540118055,0.122715111301261
139,0.2855344563276958,-1.5336465231261798,1.4608062391210126,0.2414169520546352
140,0.4201044691218385,-1.487404375684747,0.7168435600861471,0.21925023745166072
141,0.46730031466950095,-1.745224786770251,1.7938450776613735,0.21444660343513533
142,0.4245680479260159,-1.780207598192817,2.155018214390651,0.17618767725258522
143,0.5778700846124707,-1.3728194697073661,1.6326857049498926,0.0819684590377392
144,0.5738514141607425,-1.3713777122221416,0.685622314562778,0.025190463131252727
145,0.5811343644012936,-1.1936759131995416,1.002910087020851,0.014398527798505256
146,0.6420503278055207,-1.0160147903460768,0.9133349369149499,-0.009164637735523229
147,0.7130161059303646,-1.0273598144853793,-0.23264951076824048,0.02263593281776366
148,0.9235345047208057,-0.675220207778608,0.4657830805575287,0.1132365187552864
149,0.8258770353069167,-0.531950430641615,0.8456461436432932,0.17960848873593704
150,0.7056023616714242,-1.1266672625587262,-0.1556634751056265,0.22974385300710765
151,0.882534869783342,-0.8212402856143797,-0.224906811346969,0.20803389875834455
152,0.9481879974106278,-0.27161323710015495,0.5770630181128951,0.21905208221835437
153,0.891953583567215,-1.1289158526751066,0.6078315544635586,0.09945879374447486
154,0.9872381926263643,-0.5476039077700818,-0.1081246205647517,0.047854656062497725
155,1.0164220619059847,-0.6597580239738363,-0.21471829525854957,-0.0039024875590030206
156,1.1016205695898407,-0.5799211232148025,-0.9358160969323279,-0.01530109562298776
157,1.1437180565653193,-0.6902898774883397,0.8940997448416539,-0.03756404510926359
158,0.9882744242395347,-1.0522039499473976,0.05044322400316048,-0.042233067342920094
159,1.0263936731745957,-0.6623508038036903,-0.021487749358300334,-0.04230605870100135
160,0.9676136752665343,-0.9796523575340643,0.356860032363727,0.0005045851614227104
161,1.1498803215956173,-1.0201611916717184,-1.242823271202937,0.06688851134396145
162,1.3449133487573022,-0.17169414556545348,-0.46943254748603636,0.09474311724079598
163,1.3822854604919144,0.03942481955297694,-0.2257353854799078,0.11044470382040572
164,1.2715520867545251,-0.3687032338028189,0.021818299595878443,0.12935046888350143
