,tas,rlut,rsut,rsdt
0,0.1081925820659535,0.0963652954907559,0.3615278324257929,0.025139991675075635
1,-0.10613092024163961,0.03805536453879199,0.3082601721134921,0.015637362969187052
2,-0.14363438641009907,-0.17120151964905972,0.26312260921956465,0.04873882030756249
3,-0.05855180418183181,-0.17041591134582745,-0.04933925692783703,-0.00749744395614016
4,-0.00018710009976530273,-0.27412106847518203,0.06747920541565122,-0.0345143859107111
5,0.13556031902959376,-0.2881254553560382,-0.13320295321219078,-0.04862712781613254
6,0.21623196663921362,0.00924005860571242,0.24019879144475453,-0.022229682349461655
7,0.08309232041818859,0.2836595185444537,0.5028068960049126,-0.03835492731644763
8,-0.13025886961781907,-0.20605555135534814,0.02572619031829504,-0.010060500897907332
9,-0.12366722936872065,-0.24658499323786032,0.03192293933852852,0.017927934974466098
10,-0.0075836078481756886,-0.3133367239454685,-0.0042360264302914175,0.07472137743206986
11,0.1169591681398856,-0.1963233142312788,1.0413373836659048,0.03548782310559773
12,-0.10004335984496038,-0.2441530464765833,0.897990404916527,0.012652336987059698
13,-0.2745375603013258,-0.3551073035914669,-0.40988112965605694,0.0005004530241876637
14,-0.14431872677948832,-0.40917430243376884,0.06635152221198837,0.014272311516776881
15,0.019319444794916762,-0.38133920494968265,0.2860285637196682,-0.02682613367551312
16,0.05650676751923811,-0.1524032342871635,0.2677386982315255,-0.03573412351988736
17,-0.06177842419157287,-0.1518342663517558,-0.21469311889130438,-0.04407649588898721
18,0.17146557241187566,0.02683465214994385,-0.02931310462588499,0.013025400597541648
19,0.15390343146157193,-0.0832862586223655,0.5399046238453309,0.012249047520981549
20,0.0032191969692121347,-0.2171611714387609,0.5288291481229237,0.01419520314982492
21,-0.09040379291565159,-0.09293191961302227,0.05555269116604222,0.03785910043080776
22,-0.2142704787789853,-0.2874626095603219,-0.18237052673539722,0.05524765824776523
23,-0.1084679104281463,-0.42036177566791366,0.28540694139555,0.00862449841764601
24,0.0532805326788548,-0.3361978282314908,0.17890900143774502,-0.009403049325044321
25,0.02722655008591346,-0.15941154657821244,0.4945479567737294,-0.042407371594151755
26,-0.062331956672721844,-0.06562118697996766,0.040600649780387243,-0.01978626560099883
27,-0.07538881089823235,-0.05121985940365903,-0.13792014207156456,-0.06613665036525163
28,-0.06866639441341249,-0.3798067025758769,-0.07016228740657482,-0.07699323649353573
29,0.03807068773670608,-0.1757428721340375,0.24684608675488562,-0.07099166906965593
30,0.1028535518460103,-0.3278727624750104,0.20517400311429412,-0.013143947640003262
31,0.04505587147087908,-0.09492790572178933,0.05863511954834166,-0.004531014233577935
32,0.037446630964211636,-0.1299139454038425,0.08229955126438426,-0.01773971710912292
33,-0.27891255686824934,-0.7647706442726303,1.3666374668721062,-0.02210832822663633
34,-0.5552139065150641,-1.7458353414350825,2.8341990569870603,0.059514336379834276
35,-0.3085705261386238,-1.0108109894690926,1.0357912373662117,-0.004749058739946577
36,-0.2925972588393506,-0.8812675568109967,0.33109825863365927,-0.03486028259749219
37,-0.1298356026932197,-0.6325044073732045,0.5104111573418209,-0.05325413640207444
38,-0.04790418550993536,-0.29095415147187964,0.06068321161363599,-0.0337606873099503
39,0.05070483820696836,-0.2527283522522339,0.41532050488336836,-0.06720593464194735
40,0.010724717673497253,-0.5410238110267471,0.5545875991790297,-0.06315129352975646
41,-0.2689569122997568,-0.5506009157207075,0.761098897775554,-0.012221918727561842
42,-0.2765312456394895,-0.7530139136931098,0.45158821553080486,0.06490226115937503
43,-0.30964240573285906,-0.4964568060576653,0.2582659535747496,0.064754437922943
44,-0.31717698774707515,-0.8181413925254333,-0.008688062224678106,0.10006518113891616
45,-0.05366433014961558,-0.39573310924231464,0.11370268982051357,0.0681222445771823
46,-0.06784183595999593,-0.08459944487734106,0.37513637229349683,0.0459563589210461
47,-0.11951785411611127,-0.3376484777232065,-0.016159839821682453,-0.014074380748297699
48,-0.16368027709000899,-0.4357852181077817,-0.0696069365709917,-0.03281979816046032
49,0.004403676573190296,-0.5258004979074258,-0.09348664370267556,-0.051441328635405625
50,0.1217406435276871,-0.3967383478253623,0.5216501997579144,-0.059751798700744985
51,0.13414626302613897,-0.09206739489385996,0.3857111695374016,-0.08078676366892523
52,0.10376937971648204,-0.33739709308295573,0.25156455083683227,-0.07672583804111355
53,-0.03528247892273839,-0.8394326469154691,1.4044912253434774,-0.036471264757608424
54,-0.10336037645976148,-0.4987379293169454,0.9768354035619637,0.059142012675806654
55,0.051708442870733506,-0.6599041567500308,0.18140397652834395,-0.0009810241863306146
56,0.09015109137993704,-0.4013506030470353,0.6046187550133908,0.04492377663541447
57,0.04949707039054374,-0.3409267604113779,0.3298290446744119,0.017168986000342557
58,0.0542897129054154,-0.2417271796959426,0.0864945284435521,0.06892014831640836
59,0.08536261939019596,-0.22407754398372504,0.013304352483245907,0.003977540893799869
60,0.0894387613105323,-0.015452007018467384,-0.32392170478547655,-0.02122879679188827
61,0.10076294228628058,-0.30254686560152777,0.04231709371789805,-0.05437794446748967
62,-0.03930609001395169,-0.6844577180764873,0.7864099013936539,-0.039258982459443814
63,0.10798896292692461,-0.6677073280602599,0.731688551835731,-0.06804235070080722
64,0.03895520084256532,-0.3004197495225185,0.36576086196932067,-0.043407126391969086
65,0.0679648484534141,-0.4651115844603453,0.379745817686981,0.03577891087172702
66,0.10258017391805652,-0.3281763015618253,0.350325503148639,0.13381249836334064
67,-0.181171854938043,-0.5759655457781889,0.43247151487148017,0.140396498606151
68,-0.1272949323781063,-0.6523486538740997,0.29817006111535704,0.1474391734880669
69,0.156391239608638,-0.3112154878315323,0.03395757473312244,0.08436052456880816
70,0.003677855534704122,-0.5662214875614495,0.34664853311976174,0.058241037082723324
71,0.05362514404032481,-0.1766461696024919,0.12335627971160079,-0.010344058498787945
72,0.07744739088531105,-0.3004963962312388,0.13968366834004087,-0.04824671272001524
73,-0.016562350759443234,-0.5971490788866447,0.3430693518119625,-0.05655462056552096
74,0.16130185921548446,-0.20812865122491075,-0.14371306337795886,-0.008790238387803129
75,0.2137824337316374,-0.2561929940986545,0.3843296344131346,-0.0013339800027551973
76,0.18183515363563174,-0.16738237295191993,-0.03757236612317172,0.0523853088898818
77,0.26172462318214684,-0.2602947162700957,0.13472977165750422,0.10365785016551854
78,0.2448409956573414,-0.19890777818886818,0.033723626946155605,0.10664785702357449
79,0.318503451663787,-0.5301607342383932,0.6026200185548873,0.05915152847524041
80,0.2380005025634091,0.03987996762509738,0.42394960008951443,0.05388879483382425
81,-0.06993866501483126,-0.42918297287832274,-0.0348639545324545,0.012974111687412915
82,0.06382573830751426,-0.7981147654107019,0.4283721600248356,0.015418725707831982
83,0.16490803298245282,-0.4277863285735748,0.4247797203323671,-0.03258248557523302
84,0.13229580204517788,-0.11361459996891199,-0.08795944704732506,-0.01732039795149376
85,0.036424108918254205,-0.5989908116551987,-0.1981669776747168,0.03615843830760923
86,0.142949226742644,-0.24121050563965696,-0.24403411496605543,0.1768933119558369
87,0.1732840162282514,-0.17241015657623393,-0.021464255402406707,0.1523531484972409
88,0.21056146337804194,-0.18565469219240072,0.06360852209539303,0.1327723245726702
89,0.16367489443416616,-0.11791170241281179,-0.06154794769101102,0.1258384652908262
90,0.12161966603559904,-0.42040771494902174,-0.04913122861391628,0.12653423613437553
91,0.3237211383718659,-0.4664820524829736,0.43108959202390906,0.0580816416696166
92,0.30131230929305275,-0.0034653341501780233,0.5952178344385715,0.022145462120306547
93,0.12269155456681347,-0.29552081578560774,-0.1518537098737056,-0.011367384918457901
94,0.09982463860688995,-0.41873740748769706,-0.1704588878043296,0.02983183359128816
95,0.039525782213672755,-0.4650398762894099,0.03129317264571796,0.06756182036673408
96,0.2466096002958693,-0.26047069761514763,0.28065182455597437,0.0988839198780056
97,0.42989655507699354,-0.1886235291015339,0.6223648780560467,0.1866565436244514
98,0.12525009944022258,-0.20017098630771102,0.12583617163434724,0.2507077009827299
99,0.13570595009042563,-0.4276231873166978,-0.1679006911006269,0.182478761108257
100,0.40563926529972605,-0.09232162642058483,0.11297974559303725,0.1209269007336502
101,0.39825098421306393,-0.19270579255064035,0.1850399566543217,0.03969741850931996
102,0.37929736470834996,-0.2962592483353035,0.25838357519694455,0.06468016842956104
103,0.5662618743137386,-0.2723682777751435,0.5193621083199673,0.009057542091568394
104,0.49094790083171347,-0.14112860082363454,0.3402167673315546,0.005767923127450558
105,0.2682946835928419,-0.09002357320716214,0.119680804488425,0.06074633688706399
106,0.20766182895698648,-0.3429864564608067,-0.4125369603104758,0.2138918450195888
107,0.4555887688981102,-0.22790417236490157,0.01721471966126842,0.2866951633690178
108,0.47327371728550816,0.06968346969247818,0.25966592866281246,0.2997959767927796
109,0.3701285454579306,-0.1308236753577603,0.19821211759035862,0.24177999817368345
110,0.4032382280041702,-0.11877810474726402,0.2983599341037859,0.22713176119373202
111,0.3835754003810621,-0.27598093385446987,0.3203940026804588,0.10255714665220239
112,0.16491700568093393,-0.6408131206663654,0.7472301128758545,0.03622708883619907
113,0.2083754472616306,-1.0998631159944523,2.2839634021234474,0.016103835589319715
114,0.23863161969762814,-1.1834456926457335,1.5606153516492753,0.04029822542787542
115,0.21316435104154152,-0.6850216328926422,1.054344019272051,0.009828311158059932
116,0.331848251785857,-0.5999913069648528,0.5516190416855125,0.059649085375610866
117,0.06294379370791603,-0.841991551034539,1.0244233360115942,0.1266522972026678
118,0.03767631676947758,-0.7671523788864363,0.5041163084457878,0.18866049221833237
119,0.11005198158869689,-0.8748493694087358,0.6713901577772816,0.16262367236447517
120,0.17431205251699566,-0.6618082883715886,0.6869416480968198,0.16357414589538166
121,0.18890909054772465,-0.6821233447622035,0.4241519679814161,0.10909651690400324
122,0.34312818719030247,-0.8092343334217844,0.2320254718963355,0.13836193807344443
123,0.4189716849216438,-0.6866921157852062,0.6400470048280766,0.04581294792342305
124,0.4212787542902561,-0.5868634912413597,0.5566777555344657,0.021514425292480155
125,0.15713887252996983,-1.1292181978467113,0.9536746515608314,0.026433101378472657
126,0.22232757320063,-1.059664182183269,0.8580888004551639,0.0456289430671859
127,0.33345493413037275,-0.9788752978399771,0.29499868396089823,0.07438799050669331
128,0.3800106048565226,-0.8090503910310929,0.4899344226388678,0.1612626798427641
129,0.34745712028916387,-0.6256292202835709,0.25440935400892783,0.23571237051044136
130,0.35189984419639586,-0.7603480784794954,-0.023223460974989507,0.2584878586092145
131,0.49991571097052656,-0.6508033259517845,0.5702781828934036,0.2270232880613321
132,0.5161992005751586,-1.0057725512017157,0.9366770206913628,0.14272239666945552
133,0.35996169546507417,-1.2642777221615518,1.492826394859847,0.13987603897732015
134,0.3053043689339461,-1.4022819575290555,0.7754948447088026,0.06991410230136808
135,0.601337787641512,-0.9014012863160588,0.1831675051738273,0.007249902131093222
136,0.6520678106987248,-0.7079720297253971,0.6260554078640723,0.00936627748205865
137,0.5230477718375255,-1.0200765216262653,0.2753014794618167,0.03283586414562478
138,0.6912470824341881,-0.7958326179427502,0.5035858359118919,0.15536935503530458
139,0.6201784699590007,-0.7408862923470565,0.976894394027795,0.23806408163159176
140,0.3772627429877957,-1.2529199159143616,0.3000191382660944,0.21678477316038425
141,0.6262147407991279,-1.5949508625688509,1.487503217706248,0.22033550449106087
142,0.38948372256828634,-2.204083237510872,3.197086582835567,0.20540656001105617
143,0.462595509478831,-1.891219559036216,1.4971475826872052,0.08030023635029693
144,0.571061846150883,-1.3434827720382145,0.8008589499767993,0.022302828182716894
145,0.5518458552617176,-1.3355201340353062,0.27706387320547776,0.008250409237859913
146,0.730763817193008,-1.1390929508474983,-0.26886648988964623,0.018629831161604216
147,0.9318358861930847,-0.7291167878573788,0.317018572162155,0.015536152659535674
148,0.9599634198527269,-0.9344887944731397,0.0835041635605478,0.10932290723502547
149,0.7827176166933327,-0.9790111489596711,0.15977455166837728,0.1815821476997712
150,0.8753779748698207,-0.8635378737880046,0.06008786215599571,0.25758542070116164
151,1.002052430498395,-0.9209529526612528,0.14019005282810326,0.20890606882574048
152,1.1353669764127403,-0.6711617254066198,0.3087499090378003,0.21644221003185748
153,1.079606634344998,-0.5086122408214067,0.259546121895994,0.09664253571850168
154,0.8925262932867781,-0.6656193650574096,-0.11202218609217596,0.07988101402531811
155,0.9692347058042969,-1.043657434867356,0.07350202994739163,-0.006944171282327716
156,0.940397854183459,-0.9582338908338386,0.0690887726274525,-0.020568358859407
157,1.0086462559000324,-0.9519656760141118,0.255391496260458,-0.03918812041086994
158,1.1849824159467062,-0.7890409499017323,0.5643708764081197,-0.017728306539822825
159,0.9250303030230498,-1.0218046849419125,0.6260134086430043,-0.04635550367902397
160,0.8644319142673567,-1.055685110477981,0.24781985073578028,-0.0027859240139491703
161,0.8645309725741868,-1.0621595549827134,0.5823604034588072,0.06298158991017999
162,0.9347469596179963,-1.199377946386761,0.45534227096139546,0.12709187091672902
163,1.1249069686807047,-1.2815665465472819,0.5333724750080364,0.10492667071446249
164,1.0726983490940256,-0.9679012774157911,0.5096523587326232,0.12590688491377477
