,tas,rlut,rsut,rsdt
0,0.41330188717614647,0.951878755243996,-0.5867222345221137,0.0
1,0.15824902236670368,0.3472213427679094,-0.26835031732937864,0.0
2,0.1733802893622851,0.0406921175894297,-0.6322710646914516,0.0
3,0.2542810672418909,0.4197390334355475,-0.3464254854565354,0.0
4,0.1536999202229481,0.25642995555446646,-0.3263144452427156,0.0
5,0.19356080889536997,0.3101079376050677,-0.31120588402541216,0.0
6,0.1732744351596125,0.38259279936718826,-0.21912290925124012,0.0
7,0.0002851762446880457,0.0398426113902417,-0.37990593076396806,0.0
8,-0.008666417249969527,-0.021983342782192494,0.12135617558986667,0.0
9,-0.03044071060293163,-0.1348442775292824,-0.08690276065394187,0.0
10,0.0053535967307993815,0.06617970304415621,-0.10067558807836008,0.0
11,0.08544531181388493,0.22798718820462227,-0.21680578427040587,0.0
12,0.03641848442902074,0.2064908180553573,0.13528569994863915,0.0
13,0.13045115913524796,0.24398350044910444,-0.3155697143167231,0.0
14,0.19103272698129103,0.48522672766310393,-0.4461871339479302,0.0
15,0.0667121359535372,0.21980242583777,-0.1336595080036318,0.0
16,0.006827709435867746,0.1942735228986976,0.1253601468841623,0.0
17,-0.12298325097185625,-0.5502144150401591,0.16638317263884517,0.0
18,0.053450172973043664,0.176839825885736,-0.08250857557742108,0.0
19,0.08591561968665928,0.2791339989476569,0.03973804476464693,0.0
20,-0.05516570337624671,-0.2078441274934164,-0.16459848209069605,0.0
21,0.03620503871928804,-0.26127762470736116,-0.20664543781619216,0.0
22,0.16218948451046344,0.229122881769797,-0.20639759253261047,0.0
23,0.19497429344471584,0.5534055671576539,-0.41482829783534214,0.0
24,0.21548515572368387,0.6535432735707332,-0.12075380568160199,0.0
25,0.01733946549711618,0.058474902057724876,-0.12038033624524758,0.0
26,0.03602713693851456,-0.21180738224285278,-0.33225992928669257,0.0
27,0.0695819387186134,0.06393298896216493,-0.18051125113210276,0.0
28,0.04697525216414533,0.03792721183970116,-0.22889035752780273,0.0
29,0.07008906548634286,-0.03474406977940703,-0.25002510476184625,0.0
30,0.10019784280956401,0.18813342536947175,-0.05655216537100216,0.0
31,0.03357649049371503,0.21030445476722548,-0.02274064031716705,0.0
32,-0.02916854856664486,-0.10609581941582746,-0.14384402175457467,0.0
33,0.051137423028592366,0.12327627364211935,-0.3776180548691599,0.0
34,0.08560756135756264,0.2848530660711788,0.02869204490131949,0.0
35,0.18816358290661128,0.3369620785668417,-0.42018526985907556,0.0
36,0.1659815000433582,0.35215949885468945,-0.401195983657189,0.0
37,0.09067329991046336,0.32550308579681086,-0.42963095501801263,0.0
38,0.2273002006923548,0.5871146363949151,-0.41673959651413384,0.0
39,0.01131777937661127,0.040669820379747534,-0.16945544943375523,0.0
40,-0.13981161657648045,-0.35338877128330637,0.44499087697009543,0.0
41,-0.055049753076445995,-0.14388034337372346,0.12107466343410067,0.0
42,-0.04286730259940441,0.005761407125419282,0.015325760832951119,0.0
43,0.02979686554942873,0.19508896291952738,-0.16331252458478218,0.0
44,-0.030665741065377006,0.17140531745187104,0.145181997358236,0.0
45,-0.1023422369685818,-0.1108530621092143,-0.177934906119404,0.0
46,0.050580142609589984,0.2162285855168875,-0.05298915465127152,0.0
47,-0.09672954663955124,0.12003862928591502,0.2800990372070231,0.0
48,-0.1029535585749386,-0.16170825303032643,0.39960913336513215,0.0
49,-0.20427638623215216,-0.6616713155177933,0.08102394326030549,0.0
50,-0.13436123812067535,-0.7138004323313396,0.12148167261642584,0.0
51,0.1442931820205331,0.29417330208298154,-0.16230453014638613,0.0
52,0.06479835984424653,0.09590548526659859,-0.30410583053175344,0.0
53,0.13562855137672614,0.2830057961959369,-0.2710273258135061,0.0
54,0.16779387101439625,0.3014564766466208,-0.03004442167890886,0.0
55,0.04161327899447542,0.013544185463985059,-0.28388858466492195,0.0
56,0.04488369210690735,-0.022762291225348008,0.21170817837965217,0.0
57,-0.02190254922919621,-0.07538625434168011,-0.013190500408370553,0.0
58,0.02312707113367196,0.15701524456261495,-0.22516418585765052,0.0
59,0.038707834823185294,0.10178424052307378,0.14553575083749593,0.0
60,-0.17991985239507358,-0.3791883634061719,0.32630878803981034,0.0
61,-0.1309011479619926,-0.1881922302492285,-0.01673853468551556,0.0
62,-0.08803079726988017,0.07701020951225246,0.44774311998125427,0.0
63,-0.09599347791532864,-0.4517294072699656,0.013825453471966398,0.0
64,0.03806605841924693,0.1032005985355795,-0.1033820588540948,0.0
65,0.01218127861073981,0.16272446454627243,-0.03438079060570942,0.0
66,-0.04327654595209651,0.08956680876045198,0.09647629245196754,0.0
67,-0.17216220144075578,-0.3218808183311239,0.14206201457378143,0.0
68,-0.14877377778464052,-0.31625531924498773,0.011714711690402169,0.0
69,-0.14300436642207615,-0.3908902743321221,0.11469096399957834,5.684341886080802e-14
70,-0.04949179404388815,-0.1340126401691748,0.005247839239444829,5.684341886080802e-14
71,-0.03244386980043146,0.0023501284796054733,0.32176553234744176,5.684341886080802e-14
72,0.12760336597227706,0.0025770981389712233,-0.2089328919123261,5.684341886080802e-14
73,0.07734198057721642,0.29302944460556546,-0.0828373017813675,5.684341886080802e-14
74,0.032828139657965494,-0.159380188866038,-0.10016583632305753,5.684341886080802e-14
75,-0.05137241728778008,-0.1641851389659621,-0.007624667089629611,5.684341886080802e-14
76,0.011262851856827183,0.19393946542788854,-0.4003783664385452,5.684341886080802e-14
77,0.07566235812305422,0.6034421222025799,-0.1852278107093781,5.684341886080802e-14
78,-0.050346215579509135,-0.17810654499385237,-0.032379098129524664,5.684341886080802e-14
79,-0.002264453083569151,-0.05387102735988947,-0.22900572487097293,5.684341886080802e-14
80,0.004206015220461268,-0.32280267768024373,-0.224271230411901,5.684341886080802e-14
81,0.08476733920923607,0.3591087189842028,-0.2785087170096858,5.684341886080802e-14
82,0.1973008917173047,0.38599043779814224,-0.4211051674963926,5.684341886080802e-14
83,0.05269385913840097,0.18803278741410168,-0.07487695128773453,5.684341886080802e-14
84,-0.08040047222181101,-0.30413304661459506,-0.025167741648232322,5.684341886080802e-14
85,-0.1275468460375464,-0.2701865411053177,0.0955550024487195,5.684341886080802e-14
86,-0.041370668029173885,-0.1274682405700105,0.2544092264936353,5.684341886080802e-14
87,-0.10981246105910714,-0.29468606423796473,0.12876013441868395,5.684341886080802e-14
88,-0.09733790181627455,-0.22606099666711543,0.13477769665006178,5.684341886080802e-14
89,-0.09957883651588872,-0.24679212874448808,0.09712241129700772,5.684341886080802e-14
90,-0.22252253808755995,-0.1824374291353763,0.6326711573179722,5.684341886080802e-14
91,-0.3518019043769982,-0.6200274488967636,0.4550921459089068,5.684341886080802e-14
92,-0.2957363294509605,-0.7220283581562796,0.3880650137577817,5.684341886080802e-14
93,-0.1241680911621188,-0.1544705138885547,0.19950589675032404,5.684341886080802e-14
94,-0.14231256629710742,-0.5196584483784932,0.14459873842112358,5.684341886080802e-14
95,-0.05201708635394198,-0.24283522674400615,-0.18662930208904527,5.684341886080802e-14
96,0.08777206380807456,0.22238677607526824,-0.3934809479561068,5.684341886080802e-14
97,0.13131087748837444,0.18874200091704552,-0.811798870806669,5.684341886080802e-14
98,0.32242550242955303,0.9534893796035533,-0.6616574801968085,5.684341886080802e-14
99,0.0774838032694447,0.1652775597700611,-0.28043793971220055,5.684341886080802e-14
100,-0.02722057136111289,-0.05950127240586767,-0.10131349878462004,5.684341886080802e-14
101,0.009728378213083033,0.06304837913319261,0.14603347150226398,5.684341886080802e-14
102,0.024196117016742846,0.06496533764055812,-0.19042896272631538,5.684341886080802e-14
103,-0.1015217161154851,-0.08685902855850713,0.35228555459356414,5.684341886080802e-14
104,-0.00746785005617312,0.11566549025454265,-0.15246117812777982,5.684341886080802e-14
105,0.1153004113795646,0.16482140216783137,-0.20966017573596218,5.684341886080802e-14
106,0.19441833345700843,0.3386623396927462,-0.10469489383004316,5.684341886080802e-14
107,-0.05076934398994126,-0.24731801221457772,-0.06828555333783015,5.684341886080802e-14
108,0.004486797002016374,-0.20476670031123945,0.14241669175046923,5.684341886080802e-14
109,0.05282374247121879,-0.0772908318411396,-0.6118280093757562,5.684341886080802e-14
110,0.07593579132822015,0.12879364440928498,-0.2531084090327482,5.684341886080802e-14
111,0.24389101743940955,0.8166444872729244,-0.5344665333718268,5.684341886080802e-14
112,0.11063276164287572,0.4227403104465566,-0.2114125983871702,5.684341886080802e-14
113,-0.03912783099042372,-0.0022897588899297716,-0.011231489589860644,5.684341886080802e-14
114,0.06627050096153653,-0.1956298734705797,-0.38923711615444745,5.684341886080802e-14
115,0.05698649109569942,0.10539000536974186,-0.22536197287332982,5.684341886080802e-14
116,0.10543441364484352,0.14442331876534809,0.02816165166152018,5.684341886080802e-14
117,0.0626392674777776,0.23660143173970027,-0.2635988218493708,5.684341886080802e-14
118,-0.008618436667745755,-0.1338066680193606,-0.219404783324336,5.684341886080802e-14
119,0.14033402403782702,0.34516104834574435,-0.19940591251908302,5.684341886080802e-14
120,0.14126402765475632,0.2964019623848628,-0.5160132239664676,5.684341886080802e-14
121,0.2080445100497741,0.5407117294969339,-0.19402221797047048,5.684341886080802e-14
122,-0.007015303017681163,-0.1636374787534578,-0.07657081516292408,5.684341886080802e-14
123,0.010053072542177688,-0.1533853186319334,0.07730847615455616,5.684341886080802e-14
124,0.08476633134972644,0.08778213977657856,-0.18574300030439872,5.684341886080802e-14
125,0.003118822225474105,0.18893786975976923,-0.05844173022448729,5.684341886080802e-14
126,0.007124347310309531,0.010319341416249017,0.005530688160533259,5.684341886080802e-14
127,0.017320450372892537,0.16980488827567797,-0.1375067606855822,5.684341886080802e-14
128,0.014451702887129159,0.2607113877975564,-0.008894257005366057,5.684341886080802e-14
129,-0.07541992061965175,-0.2688153549381411,0.17613488533295651,5.684341886080802e-14
130,0.0045569543283932035,0.03722777608686556,-0.20524958136439864,5.684341886080802e-14
131,0.09607414293350303,0.1331574608151982,-0.293619046621572,5.684341886080802e-14
132,0.08858666555801165,0.2582498279453773,0.005198797858795956,5.684341886080802e-14
133,0.11902429459104269,0.07886282488601637,-0.31872572837488633,5.684341886080802e-14
134,0.08188438662699582,0.43366292134069795,-0.3145017237570187,5.684341886080802e-14
135,0.0017439569833186397,-0.0452165544276113,-0.14157516559333772,5.684341886080802e-14
136,-0.036427219205847905,-0.05099696746844984,-0.045954818373587614,5.684341886080802e-14
137,-0.048755606354461634,-0.16035949300723473,0.06601194885764983,5.684341886080802e-14
138,-0.0652941748242597,-0.2246875253251801,0.21158382937146314,5.684341886080802e-14
139,0.0640438522445379,0.048809463327671665,0.01770380673690397,5.684341886080802e-14
140,0.0965044007294864,0.23412384647107842,-0.24666197894025288,5.684341886080802e-14
141,-0.0594203489016536,-0.09298235918981845,0.20860459425344402,5.684341886080802e-14
142,-0.050864672220996,-0.26151840055371167,-0.14998297578000575,5.684341886080802e-14
143,0.0744160910067535,0.06595325944314823,-0.15943223613608382,5.684341886080802e-14
144,0.06472987478662162,0.22445736513364523,-0.1030384525846273,5.684341886080802e-14
145,0.11550070119517386,0.3663924441905806,-0.27429367204942423,5.684341886080802e-14
146,0.0221785317498302,0.10105000569001277,-0.27468038879219137,5.684341886080802e-14
147,-0.060383929164117944,0.222394475719085,0.06754493993132371,5.684341886080802e-14
148,-0.008681988764635662,-0.16896487075243272,-0.09617636723496048,5.684341886080802e-14
149,0.06279025039094677,0.15332146612536235,-0.2128553205112098,5.684341886080802e-14
150,0.0960423832827928,0.33326855419619505,0.0328457785243188,5.684341886080802e-14
151,-0.014398228794561874,0.04584371970389611,-0.0429772356969238,5.684341886080802e-14
152,0.04349525678014743,0.16317689426017523,-0.41174488833925693,5.684341886080802e-14
153,0.07245463226058746,0.05219253715605987,-0.11801044033441599,5.684341886080802e-14
154,0.02400436781579174,0.2067740347062852,0.06957668375851256,5.684341886080802e-14
155,0.01402563741243057,-0.049103981554509346,-0.03078501570364267,5.684341886080802e-14
156,0.0033535702213498553,0.04533628769004849,0.08582801590610245,5.684341886080802e-14
157,0.11582666103720385,0.6093761409630076,-0.12059014269139823,5.684341886080802e-14
158,-0.0776027539625943,-0.09326506424710601,0.2361271186546503,5.684341886080802e-14
159,-0.2686657316438641,-0.5384081156241791,0.8730686571156241,5.684341886080802e-14
160,-0.30729724031817796,-0.8015898367584953,0.2702641498850653,5.684341886080802e-14
161,-0.10451818224254339,-0.28671636306160053,0.01864792137102711,5.684341886080802e-14
162,-0.07715047356168725,-0.12874801635845756,0.06670007969948699,5.684341886080802e-14
163,-0.008482199971922455,-0.19446030263077319,0.00509771442838769,5.684341886080802e-14
164,0.037124812812976415,0.26612578900915196,-0.07882211843856624,5.684341886080802e-14
165,0.04223589210090495,0.13314984978833877,-0.18851520724859938,5.684341886080802e-14
166,-0.036453517973995986,0.11835972278220197,0.1261535204269535,5.684341886080802e-14
167,-0.022727729402618024,-0.014692584599686143,0.07869366921691778,5.684341886080802e-14
168,-0.08501636926371248,-0.24665798322038768,-0.009382729424586955,5.684341886080802e-14
169,-0.0807143812471054,-0.26700552713253956,0.17651947059219708,5.684341886080802e-14
170,-0.08549661046430401,-0.277568903229394,0.1146094327866507,5.684341886080802e-14
171,-0.04377688114470857,0.02469234491238126,0.13170342820956193,5.684341886080802e-14
172,-0.07076094778415154,0.00785558459551794,0.26131231210906947,5.684341886080802e-14
173,-0.10715713485075185,-0.40299010265027846,0.42572892545597085,5.684341886080802e-14
174,-0.020220831289691432,-0.23392538299708576,-0.1457559499057055,5.684341886080802e-14
175,0.008215634845328168,0.24210381446266638,0.36221951383055284,5.684341886080802e-14
176,-0.1362208491915453,-0.5176328894410176,0.3281548093373914,5.684341886080802e-14
177,-0.0358557816603593,-0.23816167640526942,-0.1770884173229632,5.684341886080802e-14
178,0.004307147968404479,-0.14532991634419545,-0.0045793209336153495,5.684341886080802e-14
179,-0.03695739052420777,-0.11090379662303462,0.02786963611701765,5.684341886080802e-14
180,-0.11979251396422796,-0.6301037494286277,-0.028248365163776157,5.684341886080802e-14
181,0.09839810940127336,-0.07683976172947382,-0.34766567296824746,5.684341886080802e-14
182,0.16189152288848163,0.6802541590128897,-0.23759447548948742,5.684341886080802e-14
183,0.030938776171865356,0.14259442986997328,-0.138391470134124,5.684341886080802e-14
184,-0.04439859290056347,-0.2202194981051946,-0.05089493307804105,5.684341886080802e-14
185,-0.01583228030523287,-0.06088694657603355,-0.11056433109477837,5.684341886080802e-14
186,0.04167140732005237,-0.006387578290997453,-0.28431509953988154,5.684341886080802e-14
187,0.14010463463279166,0.21593059728576236,-0.13516622763789599,5.684341886080802e-14
188,0.23309684344405923,0.47534237496805076,-0.22699207556249235,5.684341886080802e-14
189,-0.04246227690583737,-0.13755654059929157,0.10788344732375776,5.684341886080802e-14
190,-0.05467771971393631,-0.09766575111032694,0.22072984797060258,5.684341886080802e-14
191,-0.028072871762333307,-0.21983116520442536,0.0958355071268926,5.684341886080802e-14
192,0.03185275982684743,0.10161046449110245,-0.19728986258328973,5.684341886080802e-14
193,-0.058901975958747244,-0.13985869932713513,0.03945765395948797,5.684341886080802e-14
194,-0.052811220868591136,-0.3135713270438316,-0.07990040317281455,5.684341886080802e-14
195,0.18665607356399505,0.6217163967113777,-0.4921365035200438,5.684341886080802e-14
196,0.05176601771989908,0.2066687264496636,0.40568731489446463,5.684341886080802e-14
197,-0.020709976287491827,-0.1770063193254714,-0.29747872636893646,5.684341886080802e-14
198,0.20379596959105584,0.4718089958643077,-0.2284521535507622,5.684341886080802e-14
199,0.06495290339682924,0.24561132036384947,-0.07988069231761585,5.684341886080802e-14
200,0.1134254071495775,0.39387137316398935,0.04202952480889621,5.684341886080802e-14
201,-0.05637581558136162,0.04791291008748999,0.07656642228225508,5.684341886080802e-14
202,-0.1336122135623441,-0.13501107793018718,0.11252211652403332,5.684341886080802e-14
203,-0.1797356097885654,-0.4890439057423066,0.2592745263282836,5.684341886080802e-14
204,-0.04521583394904383,-0.00669768378122626,-0.13431869641149774,5.684341886080802e-14
205,-0.1522550011108592,-0.23593055979685573,0.5609030234477501,5.684341886080802e-14
206,-0.25136326101704753,-0.5836597124053355,0.4443224433437649,1.1368683772161603e-13
207,-0.012799481137335533,0.011227555481582385,-0.08543415180474767,1.1368683772161603e-13
208,0.12065828655772748,0.3333374629232253,-0.15599778690148014,1.1368683772161603e-13
209,0.07825958161708968,0.25089863739151497,-0.21671157269520336,1.1368683772161603e-13
210,0.017971455899612465,0.06990683512270834,-0.22230285025868568,1.1368683772161603e-13
211,0.10332195908063113,0.3822984749768352,-0.32398535499820014,1.1368683772161603e-13
212,0.13246384745093565,0.3963964278169101,0.12873331808039268,1.1368683772161603e-13
213,-0.07542213700946832,-0.3455184065193748,-0.08838322908655982,1.1368683772161603e-13
214,0.03641706255490362,-0.3564968137821154,-0.05039009242574366,1.1368683772161603e-13
215,0.13377816185817437,0.4664052281456179,0.011594457072561681,1.1368683772161603e-13
216,0.00945092675357273,0.14783424342491003,0.12981339740974818,1.1368683772161603e-13
217,-0.0061090621695143454,-0.08926423680745188,-0.10526850039963165,1.1368683772161603e-13
218,-0.07027899858940145,-0.2596904986051527,0.08814519875122073,1.1368683772161603e-13
219,0.029213471593038776,0.05690083596047657,-0.43114795165897135,1.1368683772161603e-13
220,0.11557016751811489,0.47354412828909176,-0.22061827596667172,1.1368683772161603e-13
221,-0.12119407006139227,-0.3479848607056226,0.4235690736687161,1.1368683772161603e-13
222,-0.14361499705393044,-0.1465483360819917,0.14116424405268901,1.1368683772161603e-13
223,-0.16623977809280177,-0.3037976575437824,0.5850049446417103,1.1368683772161603e-13
224,-0.08632020652981964,-0.17644809784206927,-0.1196036266538556,1.1368683772161603e-13
225,0.0454156729300621,0.2884666171068204,0.2510884814651604,1.1368683772161603e-13
226,-0.12709931714584854,-0.351204846835941,0.4312788368372509,1.1368683772161603e-13
227,-0.1654370495515991,-0.7141816097976061,0.38507372895648473,1.1368683772161603e-13
228,-0.06147687561241355,-0.06789217467994035,0.008371329972490571,1.1368683772161603e-13
229,-0.014755676124138972,-0.1024362776440455,0.22297212484771478,1.1368683772161603e-13
230,-0.047392344929335195,-0.0702512202647938,-0.19142865873212145,1.1368683772161603e-13
231,0.05563890109726799,0.2123417257459721,-0.24269913951705746,1.1368683772161603e-13
232,0.09264265148874529,0.4313683539017745,-0.014990054111081008,1.1368683772161603e-13
233,0.02101212565730748,-0.0883259635807292,0.12769753995544875,1.1368683772161603e-13
234,-0.06505451695710462,-0.05404118985345008,-0.12144971340261179,1.1368683772161603e-13
235,0.0007685714665512933,-0.10074476604125948,-0.09703781121940835,1.1368683772161603e-13
236,-0.07743525628961834,-0.25802326957372657,0.1831747177721752,1.1368683772161603e-13
237,-0.1647404871699223,-0.2267288167296897,0.34006101494270524,1.1368683772161603e-13
238,-0.19436052217304223,-0.6032686484812757,0.4148364951178394,1.1368683772161603e-13
239,-0.168613204224755,-0.4662505114432065,0.0801251893278021,1.1368683772161603e-13
240,0.006297689191683276,0.14961289543731482,0.12886662335489518,1.1368683772161603e-13
241,-0.10903863840695749,-0.3520815149699956,0.33464608181910194,1.1368683772161603e-13
242,-0.06897400163131806,-0.04621915179521352,0.05296094366464388,1.1368683772161603e-13
243,-0.013748748362843344,0.12227145548527574,-0.02046055618681919,1.1368683772161603e-13
244,-0.00970698316831431,-0.04605226529571382,-0.05584992786322118,1.1368683772161603e-13
245,0.014726953663625864,0.03422240039071767,0.43408040310607987,1.1368683772161603e-13
246,-0.1045295311649852,-0.23423169521555565,-0.14783874202963432,1.1368683772161603e-13
247,0.12135840678098475,0.08598589419227665,-0.11370433352946918,1.1368683772161603e-13
248,0.13180797368119102,0.2940485916605269,-0.0388510717793622,1.1368683772161603e-13
249,-0.016085563022897986,-0.01832790156123565,-0.035503852519909174,1.1368683772161603e-13
250,-0.06155234883686944,-0.306472348443549,0.0165531734128308,1.1368683772161603e-13
251,0.009225584625426109,-0.1761725609316045,-0.0627625686228015,1.1368683772161603e-13
252,-0.04577987502335645,0.015450975100606001,0.1088551785777696,1.1368683772161603e-13
253,0.05787423139798875,0.017538804782020634,-0.2605009766426747,1.1368683772161603e-13
254,-0.07968325311418312,-0.14212564115635473,0.05720270272696837,1.1368683772161603e-13
255,-0.1592546078222199,-0.2581276849362837,0.10556749693765255,1.1368683772161603e-13
256,-0.13016326256979482,-0.3484434016164357,0.21753809681723624,1.1368683772161603e-13
257,-0.09543574490726314,-0.1268652249666502,-0.0209977735447211,1.1368683772161603e-13
258,-0.13698135900972375,-0.2050461036842819,0.2374467577788124,1.1368683772161603e-13
259,-0.11316005025838649,-0.29110108169217597,0.005147142354502421,1.1368683772161603e-13
260,-0.001809421872223993,-0.001618823648328771,0.0647457990445588,1.1368683772161603e-13
261,-0.014323154743010491,-0.11670608490555878,-0.03606261200128813,1.1368683772161603e-13
262,-0.14006898019084701,-0.18772061058615463,0.15709660812052562,1.1368683772161603e-13
263,0.013680758880184385,0.10123352591094203,-0.2957460775236882,1.1368683772161603e-13
264,0.17770608081372075,0.38047585475530354,-0.06829763898235797,1.1368683772161603e-13
265,0.016740388910989168,0.16007141065250607,0.010829250642387933,1.1368683772161603e-13
266,-0.03560314494592376,-0.23369083271003888,0.40185056677648845,1.1368683772161603e-13
267,-0.006285541963848118,0.056098219179460784,-0.27917123477379846,1.1368683772161603e-13
268,0.10444503730343513,0.23518002995544407,-0.4219969186943615,1.1368683772161603e-13
269,0.1636303106096193,0.1815706767206109,0.03851778144009188,1.1368683772161603e-13
270,0.04890040189911815,0.06970637595023277,0.026651518202868374,1.1368683772161603e-13
271,-0.08389081729217196,-0.2563576735808226,-0.031963885962753125,1.1368683772161603e-13
272,-0.03496655033296747,0.04716760686929433,-0.015163691257640721,1.1368683772161603e-13
273,-0.1926462265784039,-0.23935641445206102,0.49035227260749537,1.1368683772161603e-13
274,-0.09630743727655044,-0.36851938498182335,-0.3212340983209998,1.1368683772161603e-13
275,-0.0027979357313938635,0.12597964584790589,0.32791601462724884,1.1368683772161603e-13
276,-0.15244141585759508,-0.2215792955721554,0.28864908391832955,1.1368683772161603e-13
277,0.019136682016380746,0.02640775582955257,0.12605967877554747,1.1368683772161603e-13
278,-0.18661274797528904,-0.4051872518876678,0.5017247037752952,1.1368683772161603e-13
279,-0.10400142312465732,-0.3210504621422672,0.21719374894215093,1.1368683772161603e-13
280,-0.051479609666898796,0.07138767907318311,-0.15672211732595542,1.1368683772161603e-13
281,-0.10775055299649239,-0.1343812959642321,0.1631708319418408,1.1368683772161603e-13
282,-0.09758039993693046,-0.32852853083556965,-0.012324966138422155,1.1368683772161603e-13
283,-0.07874476966765087,-0.2590252360161003,-0.12755993829355816,1.1368683772161603e-13
284,0.05382350297179528,0.05797557342847881,-0.23629330105521262,1.1368683772161603e-13
285,0.20924048035385567,0.5470188803928409,-0.33034244403754087,1.1368683772161603e-13
286,0.15351166248507297,0.6647701484836546,-0.01387551188859959,1.1368683772161603e-13
287,-0.14430534589780564,-0.4407620460732744,0.11552933969922208,1.1368683772161603e-13
288,-0.06650314849656525,-0.27930123878641666,0.13432889272534965,1.1368683772161603e-13
289,-0.06747930004951286,-0.13262838716516967,0.20200853941928187,1.1368683772161603e-13
290,-0.20952769901816737,-0.3725170053071736,0.38616570399608463,1.1368683772161603e-13
291,-0.09268564989469041,-0.24059423030689686,0.31814698792675244,1.1368683772161603e-13
292,0.057117987945332516,-0.0027235979507622687,-0.14739857513680477,1.1368683772161603e-13
293,-0.07173448555641926,-0.13616186913316142,-0.07074625975937465,1.1368683772161603e-13
294,-0.010300410352897416,0.05335379044939259,0.053902533557078414,1.1368683772161603e-13
295,-0.08643100810854776,-0.17170052025332438,0.33818751122552726,1.1368683772161603e-13
296,-0.048136150699917835,-0.02661213769138726,-0.031866549201978955,1.1368683772161603e-13
297,-0.013583570716605209,-0.2969683637188041,0.3291886624047038,1.1368683772161603e-13
298,0.0002734391129024516,-0.06771342519658674,0.027580119634990297,1.1368683772161603e-13
299,-0.07340561090882147,-0.18964635292948628,0.14006105654074474,1.1368683772161603e-13
300,0.021698617528954856,0.056160783422939176,-0.19471445739716842,1.1368683772161603e-13
301,0.08641916478808298,0.32097421357096323,0.1585387031753811,1.1368683772161603e-13
302,-0.08754911674225241,-0.05979826461657467,0.25183493598747475,1.1368683772161603e-13
303,-0.0946460940025986,-0.04702354567731959,0.4113629458553021,1.1368683772161603e-13
304,-0.0317106656453916,0.01442142619328024,0.3333756203453788,1.1368683772161603e-13
305,-0.2297474251604399,-0.37240337150763025,0.7171437015795163,1.1368683772161603e-13
306,-0.24017057004533626,-0.8375072744083809,0.34480032662391125,1.1368683772161603e-13
307,-0.17197684975610628,-0.5964044299649913,0.11605807993183248,1.1368683772161603e-13
308,0.01620475232783747,-0.025051323628019873,-0.3278817607964868,1.1368683772161603e-13
309,0.24302053033181892,0.7956410568476144,-0.1148106162169853,1.1368683772161603e-13
310,0.01670632861402055,-0.10956773666472941,0.08664300218816834,1.1368683772161603e-13
311,0.08440015075956353,0.018627489340389047,-0.24970598758606855,1.1368683772161603e-13
312,0.19034259439882817,0.2956796448439718,-0.10400738390084996,1.1368683772161603e-13
313,0.06843085403511395,0.11085700856381209,0.023968351894694706,1.1368683772161603e-13
314,0.026705844295747738,-0.11886264106752265,-0.23392472718525426,1.1368683772161603e-13
315,0.2010579239857293,0.4034673147577621,-0.3293083810868893,1.1368683772161603e-13
316,0.21114690405107694,0.5956098142897019,0.003427383103343118,1.1368683772161603e-13
317,0.1257701490315526,-0.05087624377190991,-0.5570712120673562,1.1368683772161603e-13
318,0.2016382403506327,0.3342060081245961,-0.5260305090864676,1.1368683772161603e-13
319,0.18013634163639836,0.44845530953458024,-0.32160069498699784,1.1368683772161603e-13
320,0.041082005019802637,0.07177650039184869,-0.043067981782314746,1.1368683772161603e-13
321,0.22002806084486792,0.34826673082804405,-0.6522439128724358,1.1368683772161603e-13
322,0.2969697413391259,0.8395925786363989,-0.18677639067222174,1.1368683772161603e-13
323,0.09002978485955282,0.16976559936171043,-0.21209134769820537,1.1368683772161603e-13
324,-0.025236725250579184,-0.048303072010384085,0.2801298730989288,1.1368683772161603e-13
325,9.110931870282002e-05,-0.012268542196693488,-0.10264578777295696,1.1368683772161603e-13
326,0.23545781927617782,0.3529144811776632,-0.2713573515273424,1.1368683772161603e-13
327,0.10508856336997496,0.49556452944142393,0.09996341680765397,1.1368683772161603e-13
328,-0.12918923494680712,-0.23096735987786587,0.19474270118047343,1.1368683772161603e-13
329,-0.14641177094273417,-0.26211166834067967,0.19241986937200295,1.1368683772161603e-13
330,-0.08744016345525552,-0.2570057754659274,0.04019105395107658,1.1368683772161603e-13
331,0.07387044692075051,0.1654453567018379,-0.048831220615383586,1.1368683772161603e-13
332,-0.01741865256519759,-0.05718422628919484,0.3037860820054732,1.1368683772161603e-13
333,0.02249890092792839,0.1252687616141941,-0.10837767922542696,1.1368683772161603e-13
334,0.04052698325159554,0.27260097501130076,0.029619539779858428,1.1368683772161603e-13
335,-0.07753542726931073,-0.16951364868072005,0.22318540049309377,1.1368683772161603e-13
336,-0.048047314305392774,-0.07369633208546134,-0.1147805098369048,1.1368683772161603e-13
337,-0.07470642736291211,-0.13433812718872673,0.03934301293273279,1.1368683772161603e-13
338,-0.08435381900778793,-0.06492771634614769,0.17045286471574173,1.1368683772161603e-13
339,-0.023817886425717916,0.06483205510369316,0.021801146403774396,1.1368683772161603e-13
340,0.031368369640915716,0.2071960944916782,-0.007504519360949757,1.1368683772161603e-13
341,-0.16611870587581734,-0.199811894586162,0.6611608880193387,1.1368683772161603e-13
342,-0.16132365049958253,-0.47237311241372026,-0.1262899101040773,1.1368683772161603e-13
343,-0.02278197042744523,0.2348787003976156,0.3136808856155824,1.7053025658242404e-13
344,-0.0021598481266096314,-0.06638692695869963,0.18245646480036726,1.7053025658242404e-13
345,-0.013704208122192085,0.2652236110985484,0.049567990987128496,1.7053025658242404e-13
346,-0.12340972669335315,-0.1587134394282259,0.18054504218169143,1.7053025658242404e-13
347,-0.008023262203380455,0.17046457418427963,-0.05445100628601551,1.7053025658242404e-13
348,-0.03178365910116554,-0.17358910274472805,0.03377022880388836,1.7053025658242404e-13
349,-0.10735869832899425,-0.36583575672088386,0.3513472268153919,1.7053025658242404e-13
350,0.023670573281947327,-0.18328236430824063,-0.2306272223201944,1.7053025658242404e-13
351,0.09960774219223367,-0.035904653851105195,-0.16965431094928363,1.7053025658242404e-13
352,0.15333387686240485,0.4757082501130867,0.04068964823089516,1.7053025658242404e-13
353,0.007077990992797822,-0.16002535332972911,0.26553638955117265,1.7053025658242404e-13
354,-0.029444007872029943,-0.01756498932755335,0.21577548068101748,1.7053025658242404e-13
355,0.004334347220094514,-0.14570014166699252,-0.01805821935279539,1.7053025658242404e-13
356,-0.03540068642035976,0.00037968819020761657,0.02477999235321704,1.7053025658242404e-13
357,-0.1049130235161897,-0.09602734563063109,0.5564143526897709,1.7053025658242404e-13
358,-0.04266694612709898,-0.2537603884116777,-0.36160785687773966,1.7053025658242404e-13
359,0.017574243838282655,0.054357968942326806,0.05281036351649959,1.7053025658242404e-13
360,0.010584708422868516,-0.004600620656248111,-0.019616467891026446,1.7053025658242404e-13
361,-0.03253114583128536,-0.030201729526197596,-0.07358818028106384,1.7053025658242404e-13
362,-0.015000560916462291,0.04454911244755522,-0.08099336645136646,1.7053025658242404e-13
363,-0.02441626720849399,-0.112600159566,-0.0047993707493674265,1.7053025658242404e-13
364,-0.07630419084625828,-0.2932952593626794,0.16224156596130968,1.7053025658242404e-13
365,-0.006811958110006344,-0.07496476772487881,0.034968105241404146,1.7053025658242404e-13
366,0.13569962653696166,0.11869006826646,-0.04704182100704202,1.7053025658242404e-13
367,0.1836326760145539,0.27125902277077785,-0.3294156045000989,1.7053025658242404e-13
368,0.018017489884186944,-0.103592642219553,0.016874873010905844,1.7053025658242404e-13
369,0.068440505642684,0.30472246167258277,-0.15588431569835848,1.7053025658242404e-13
370,0.023224841641592775,0.030728384434809186,0.28661645321935225,1.7053025658242404e-13
371,-0.10495283510721265,-0.4785608078977077,-0.19588728438301928,1.7053025658242404e-13
372,-0.07701797694136303,-0.29245783967525085,0.22853078352170542,1.7053025658242404e-13
373,0.03797925005750358,-0.01029541367370257,-0.18400628610692138,1.7053025658242404e-13
374,-0.013275428250551613,0.03670363034331103,0.004862431153966895,1.7053025658242404e-13
375,-0.018434495164399323,-0.09428153216424562,0.18918484657545775,1.7053025658242404e-13
376,0.1102382250072651,0.0662958076741802,-0.23853943996940075,1.7053025658242404e-13
377,0.17089950177620494,0.11405689976541566,-0.2874235485842149,1.7053025658242404e-13
378,0.10461313243547465,0.10048625532837718,-0.2849162057304113,1.7053025658242404e-13
379,0.28572391018974486,0.6637196821234284,-0.46021442223724307,1.7053025658242404e-13
380,0.18217339879430483,0.5144089453823995,-0.07146878623504449,1.7053025658242404e-13
381,-0.17802815252190385,-0.15972405158063907,0.44103824479070397,1.7053025658242404e-13
382,-0.05170925985930808,-0.27503617784415724,0.03364800623997155,1.7053025658242404e-13
383,-0.0033568155309353642,0.15764047894077748,0.20072791636771115,1.7053025658242404e-13
384,-0.1402955822541685,-0.08917390322255869,0.09231870851030521,1.7053025658242404e-13
385,-0.09139396228738406,-0.27747533656554424,0.5033033463116965,1.7053025658242404e-13
386,-0.16404893865313852,-0.533975871125449,0.24595029524397205,1.7053025658242404e-13
387,-0.03436897660054683,0.05854114727708293,0.10966339864835106,1.7053025658242404e-13
388,-0.04518418699916538,-0.10973559621106688,0.27940037957046115,1.7053025658242404e-13
389,-0.12980236297858028,-0.12384235986442604,0.05621170021717603,1.7053025658242404e-13
390,-0.009893001610919328,0.030093942420705844,-0.006790300126809257,1.7053025658242404e-13
391,0.002361457155870994,0.16474911871571862,-0.00335826523040339,1.7053025658242404e-13
392,0.041776170431830906,0.07195797058884068,0.014630867492201105,1.7053025658242404e-13
393,-0.037108846761384484,-0.21154037291481131,0.3194219348272611,1.7053025658242404e-13
394,-0.07025271423515278,-0.18758032716215212,0.2978546556724524,1.7053025658242404e-13
395,-0.06786381976678513,-0.1385538102973669,0.1546180620489821,1.7053025658242404e-13
396,-0.12457870477913957,-0.3612793373850707,0.5234803885614241,1.7053025658242404e-13
397,-0.07928193369122027,-0.1877387246546789,0.13399748197986128,1.7053025658242404e-13
398,-0.04070386650863611,-0.29361170622956934,-0.19602733414191675,1.7053025658242404e-13
399,0.1829542594043687,0.04350633601171694,-0.4166815825141299,1.7053025658242404e-13
400,0.22275988339896458,0.7411590018340348,-0.16562925498838865,1.7053025658242404e-13
401,-0.08383850410609739,-0.20541315624322465,0.032374523375835906,1.7053025658242404e-13
402,0.016231781952967594,-0.06650683293477755,-0.19950018485522492,1.7053025658242404e-13
403,-0.017046883660214007,-0.02113319254155499,-0.15556067668768492,1.7053025658242404e-13
404,0.04192529009407053,0.2663628039891819,0.11811609843331894,1.7053025658242404e-13
405,-0.043356872468905294,-0.163011230955874,0.3393097708034105,1.7053025658242404e-13
406,-0.09393417790619196,-0.19791864747068644,-0.07731131930916035,1.7053025658242404e-13
407,-0.01973659409281936,-0.10348879510652864,0.034598028438409756,1.7053025658242404e-13
408,0.03609570259771999,0.05163476307225778,-0.5676923348745788,1.7053025658242404e-13
409,0.11423803251494746,0.42292093028569866,0.16080748145786572,1.7053025658242404e-13
410,-0.05392587480889688,-0.23728866303400764,-0.33182007879761954,1.7053025658242404e-13
411,0.12885608620513267,0.06206538125755401,-0.5782827947623019,1.7053025658242404e-13
412,0.22528454039940016,0.7939755100430261,0.0025627721478400645,1.7053025658242404e-13
413,0.05318666212554035,0.11957789518089612,0.10236556043579981,1.7053025658242404e-13
414,-0.0008736662489354785,0.050445827260801934,0.05573255448354075,1.7053025658242404e-13
415,-0.08015394390702113,-0.1687440943952936,0.41283381095777827,1.7053025658242404e-13
416,0.03674029677318913,0.06582868142857023,-0.16362819792581718,1.7053025658242404e-13
417,0.0051940492771223035,0.14038312426313837,-0.2298125010350276,1.7053025658242404e-13
418,0.01979514156641926,0.043480535417131705,-0.07123667262926858,1.7053025658242404e-13
419,0.008209251902997039,0.4647659694824142,-0.11350886068545663,1.7053025658242404e-13
420,0.04786701637863189,0.037800414225159784,-0.048831340685580926,1.7053025658242404e-13
421,-0.0032787550742909843,0.17344023676494658,0.3385333232928218,1.7053025658242404e-13
422,-0.1293769143999839,-0.15359061368872062,0.15937523398280007,1.7053025658242404e-13
423,0.05214388346848864,-0.04895643774045766,-0.30301735650670025,1.7053025658242404e-13
424,-0.012771731397606345,0.06903603950939896,0.38951105090356464,1.7053025658242404e-13
425,-0.1645499286685208,-0.44737378284256124,0.009782312018373318,1.7053025658242404e-13
426,-0.06562753659744658,-0.3458973533275298,-0.11199005293923392,1.7053025658242404e-13
427,0.18936582513009625,0.23389784791282864,-0.5189060027935,1.7053025658242404e-13
428,0.17147967926621277,0.5470124267643826,0.013603708926225977,1.7053025658242404e-13
429,-0.0786694507712582,0.05904217158609981,0.22218494236953745,1.7053025658242404e-13
430,-0.10329338530493715,-0.3873848619076057,0.1480155776492893,1.7053025658242404e-13
431,-0.03946828792135193,0.14220186643652255,-0.08575701639385613,1.7053025658242404e-13
432,-0.07894397247218876,-0.09519107575553676,0.4055943074197046,1.7053025658242404e-13
433,-0.15264356334733975,-0.33856677817342984,-0.0159953031949982,1.7053025658242404e-13
434,0.04248209681827575,0.13322000800630462,0.005430379212228331,1.7053025658242404e-13
435,-0.011496506930086525,-0.3617644527199957,-0.006406941114306619,1.7053025658242404e-13
436,-0.02384263619126159,0.050300819067842895,-0.16954265020154935,1.7053025658242404e-13
437,-0.013250250417286225,-0.265204826398417,-0.08352468496680387,1.7053025658242404e-13
438,-3.7910888863734726e-06,0.08029930058279433,-0.003715079818178424,1.7053025658242404e-13
439,-0.010387541134548428,-0.12249260367880765,0.20115934166196325,1.7053025658242404e-13
440,-0.003214582073837846,-0.01893136551981911,0.1643150199469261,1.7053025658242404e-13
441,0.02323425174751037,0.021646775473669777,-0.05297408833652639,1.7053025658242404e-13
442,0.09968035366136974,0.040034630513417824,-0.06126284910516233,1.7053025658242404e-13
443,0.17353474562605697,0.3724018267822089,-0.13507992950675884,1.7053025658242404e-13
444,0.0802558415480803,0.1252194814648817,0.14113604671408098,1.7053025658242404e-13
445,-0.02255941514101778,-0.13628926906343963,0.06418113004659176,1.7053025658242404e-13
446,-0.15539753214153507,-0.411638591527975,0.36835335542062353,1.7053025658242404e-13
447,-0.06707132877545519,-0.3022653648091591,-0.18740289002377608,1.7053025658242404e-13
448,0.06152312327748177,-0.036284683132578266,-0.002997746042225913,1.7053025658242404e-13
449,0.023101677148019917,0.15284430155696782,0.08639040990638591,1.7053025658242404e-13
450,-0.006405033277815164,-0.20649589518788503,0.011001748195980099,1.7053025658242404e-13
451,0.019329001092046383,-0.1278461121128487,-0.10511885656499942,1.7053025658242404e-13
452,-0.012081215675721069,-0.14883330009027418,-0.15682076282750756,1.7053025658242404e-13
453,0.11432225442871413,0.3920327226041991,-0.18119843479428255,1.7053025658242404e-13
454,0.09117283670099141,0.3292254158622825,-0.5040901864384466,1.7053025658242404e-13
455,0.1793313504950902,0.1605709173346952,0.15170362835061724,1.7053025658242404e-13
456,0.19375145784528058,0.5472395176665543,-0.3313821199166682,1.7053025658242404e-13
457,0.1303116703551268,0.5490431832508875,-0.24953225160109582,1.7053025658242404e-13
458,0.0664415995794343,0.29356461936257006,0.402873582107631,1.7053025658242404e-13
459,-0.09133516853120227,-0.04463545968368976,0.03531113743980541,1.7053025658242404e-13
460,0.03333986441111847,-0.0004960301697565228,-0.044708651558750034,1.7053025658242404e-13
461,0.25464291757560886,0.6872510004670289,0.05571553643748928,1.7053025658242404e-13
462,-0.040699279889508944,0.2082106781416826,0.17500575685961905,1.7053025658242404e-13
463,-0.09129820569825142,-0.2690622144973247,0.0981853746707202,1.7053025658242404e-13
464,-0.08006920664684003,-0.1806141996806616,0.23003094153909842,1.7053025658242404e-13
465,-0.018956698942758976,-0.08043957186882267,0.13433941921569215,1.7053025658242404e-13
466,-0.16992493479779114,-0.19628393307127112,0.2434494186985745,1.7053025658242404e-13
467,-0.0697977015256015,-0.19006333823591604,0.10132948742564452,1.7053025658242404e-13
468,-0.17010537274194348,-0.23093947638915324,0.26069496444537776,1.7053025658242404e-13
469,-0.13757611798195057,-0.3758877598078243,0.4272069856560421,1.7053025658242404e-13
470,-0.15721718528118345,-0.23569616014623307,0.31436743178036863,1.7053025658242404e-13
471,-0.051674351647420735,-0.11052730864827254,0.2262882690828576,1.7053025658242404e-13
472,-0.16586154061980096,-0.36305778151853474,0.6334210163328748,1.7053025658242404e-13
473,-0.018305229819986835,-0.2258071236053638,0.053616367964991696,1.7053025658242404e-13
474,-0.061324794957045015,-0.1894230430445134,0.4816770503337011,1.7053025658242404e-13
475,-0.12969795904558623,-0.32344043914037,0.27015724040002453,1.7053025658242404e-13
476,-0.15892258272725712,-0.3117116423194659,0.21044704040528472,1.7053025658242404e-13
477,-0.17301752338283904,-0.6929566901864348,0.18331353683790041,1.7053025658242404e-13
478,0.020167280349596695,-0.14692151400805642,0.08899085988309707,1.7053025658242404e-13
479,0.1353224492680738,0.6507490025947504,-0.06191418429459361,1.7053025658242404e-13
480,-0.007970117255240439,0.012850306459114336,0.07712748954843107,2.2737367544323206e-13
481,-0.07098149538609277,-0.16883043806191722,-0.13321179231972735,2.2737367544323206e-13
482,-0.004372808102516501,0.07142121310815241,0.09676087428277924,2.2737367544323206e-13
483,-0.022432292670089282,0.001950342425686813,0.22819124404966828,2.2737367544323206e-13
484,-0.11188978237385072,-0.3092531210322136,0.3904153102958645,2.2737367544323206e-13
485,-0.048901930057468235,-0.26854160866031407,-0.018008033313975602,2.2737367544323206e-13
486,-0.14495493349619437,-0.04580203381067349,0.5410120963131959,2.2737367544323206e-13
487,-0.24182666491770988,-0.43290724101993305,0.4570279713141616,2.2737367544323206e-13
488,-0.24161879113961504,-0.43846528075610536,0.6368520316990498,2.2737367544323206e-13
489,-0.2834140585158593,-0.4955119322121391,0.07510433864015909,2.2737367544323206e-13
490,-0.14356286435582888,-0.07595726333886432,0.15933497912645578,2.2737367544323206e-13
491,-0.030482289522296924,0.04428098210988196,0.03463561981786256,2.2737367544323206e-13
492,-0.13267631658334267,0.03745025495692289,0.1675194763258787,2.2737367544323206e-13
493,-0.17048407066556592,0.005080852775932954,0.2359589122202408,2.2737367544323206e-13
494,-0.16849857973073767,-0.23105981703650968,0.2020196764155031,2.2737367544323206e-13
495,-0.0480443652962208,0.2738072007948915,0.13788139048216408,2.2737367544323206e-13
496,-0.14020641325083716,-0.22665925611838134,0.3109723563446778,2.2737367544323206e-13
497,-0.2278219485078239,-0.33131056839758344,0.5007527841714534,2.2737367544323206e-13
498,-0.20684195205404876,-0.245819238314823,0.5335993455594092,2.2737367544323206e-13
499,-0.2840591607548504,-0.531821831449065,0.42369976774955376,2.2737367544323206e-13
500,-0.24132686319410368,-0.49065714579654696,0.48414175723681296,2.2737367544323206e-13
501,-0.28481610686287695,-0.5730252842166408,0.6760679856183032,2.2737367544323206e-13
502,-0.21326349769918806,-0.7570130487094389,0.3967808830080628,2.2737367544323206e-13
503,-0.1824909199411877,-0.3608346844200412,0.3531049109524531,2.2737367544323206e-13
504,-0.1470935442966379,-0.7333706421323996,0.5219710921861633,2.2737367544323206e-13
505,-0.11346773928568155,-0.3090710860557806,0.3865878094727435,2.2737367544323206e-13
506,-0.13238328013005685,-0.2402841724940572,0.4233446468716977,2.2737367544323206e-13
507,0.057651768523612645,0.014711240870809661,0.009824654188406612,2.2737367544323206e-13
508,0.1884878242707373,0.6160926911733213,-0.2186947482365582,2.2737367544323206e-13
509,-0.0435518339538703,-0.008238608544246517,0.5319697911975112,2.2737367544323206e-13
510,-0.22440166711061238,-0.5167326364684186,0.4940831282926865,2.2737367544323206e-13
511,-0.23667310531669727,-0.8163788763791899,0.5196343900397409,2.2737367544323206e-13
512,-0.06452973343607482,-0.17610869611590374,0.04057842450525584,2.2737367544323206e-13
513,-0.09094659932407012,0.014471310587566677,0.096567361891573,2.2737367544323206e-13
514,0.08328664393991403,0.28962303538563106,-0.17223396444005346,2.2737367544323206e-13
515,0.04300206481963187,-0.014465277814394994,-0.03582544166724233,2.2737367544323206e-13
516,0.007823284214225623,0.17455818649827393,0.12098075278670706,2.2737367544323206e-13
517,-0.08512400572794832,-0.34930514311844263,0.35044002947394404,2.2737367544323206e-13
518,-0.13445865013954972,-0.5869694854803527,0.22487143170799584,2.2737367544323206e-13
519,0.04319856079132478,0.01766607977373269,0.09035305150982254,2.2737367544323206e-13
520,-0.07659785811711117,-0.08223335745492477,0.3592253886793344,2.2737367544323206e-13
521,-0.03369171166633578,-0.18768866261584094,-0.23491730792022736,2.2737367544323206e-13
522,0.1278924151361025,0.34945271809539236,-0.34749998841761,2.2737367544323206e-13
523,0.1350487770129689,0.5252216773527607,0.1168690538831072,2.2737367544323206e-13
524,-0.01712681715105191,-0.16548885633287114,0.033636802327450255,2.2737367544323206e-13
525,0.09429605925407714,0.12915053780196217,-0.16686594566738222,2.2737367544323206e-13
526,0.17734667853255814,0.49890483352589854,-0.14997369374178504,2.2737367544323206e-13
527,0.017394480114035105,-0.22985437847270873,0.19253079675121398,2.2737367544323206e-13
528,0.037403269025674035,-0.16104691084001388,0.11117814201169551,2.2737367544323206e-13
529,0.18723374486557987,0.1701426158354309,-0.5063454166513282,2.2737367544323206e-13
530,0.36233671258520417,1.0256927191658178,-0.1915288964608095,2.2737367544323206e-13
531,-0.043386846911232624,0.012130637431880587,0.46116877785169663,2.2737367544323206e-13
532,-0.15874424146534238,-0.6413016287703215,0.0761436660749979,2.2737367544323206e-13
533,-0.07191330379743022,-0.505138724283853,0.2851611468002915,2.2737367544323206e-13
534,-0.05696510045481773,-0.09588331285416984,0.3542955502217353,2.2737367544323206e-13
535,0.051507392928499485,0.13728165240581802,0.30704796272377166,2.2737367544323206e-13
536,-0.09661757866155085,-0.11003827973519265,0.6697750472167883,2.2737367544323206e-13
537,-0.15401992891094096,-0.5071065711830443,0.49322249660643536,2.2737367544323206e-13
538,-0.13680139809025604,-0.633681175337756,0.5116017554145316,2.2737367544323206e-13
539,-0.07041611862081254,-0.10403420876642144,0.3695914062321606,2.2737367544323206e-13
540,-0.03312554074233276,-0.42545612432971325,0.5146469550222008,2.2737367544323206e-13
541,-0.0042334174881375475,0.140587452687015,0.29220915037262785,2.2737367544323206e-13
542,-0.0037011342427604177,-0.21290660653318128,0.3191019585256498,2.2737367544323206e-13
543,-0.10213798710151423,-0.49629541799973254,0.13151245496119657,2.2737367544323206e-13
544,-0.08267554183436232,-0.4192975136179484,0.16609782767397974,2.2737367544323206e-13
545,0.14993246868419874,0.2609498648626527,-0.061701041494316655,2.2737367544323206e-13
546,0.005808987869443172,0.19706011713157068,0.3104052462625475,2.2737367544323206e-13
547,-0.14214084351380052,-0.4263932613638417,0.5406384186642583,2.2737367544323206e-13
548,-0.15328752428553116,-0.5515928258533336,0.09040507121382291,2.2737367544323206e-13
549,-0.12655897834679308,-0.3704716228257894,0.4792924551325797,2.2737367544323206e-13
550,-0.14917531926704442,-0.50059184696903,0.4046647334667739,2.2737367544323206e-13
551,-0.06568339954088742,-0.35617808750683366,-0.11362135452607447,2.2737367544323206e-13
552,-0.03433935633455576,-0.09072591057250179,0.07700731270315941,2.2737367544323206e-13
553,-0.09810481273922278,-0.31755020700992986,0.42638659244772725,2.2737367544323206e-13
554,-0.006968136433215477,-0.14045024582330257,-0.15558506216224544,2.2737367544323206e-13
555,0.10269383463446502,0.4576340700492949,-0.09770604005962014,2.2737367544323206e-13
556,-0.027374418307033466,0.18626140573269367,0.07424914335224742,2.2737367544323206e-13
557,0.004125574023703393,0.10284954882502007,0.15598473099750265,2.2737367544323206e-13
558,0.03240075403624587,0.0999429673637735,0.18767619750299502,2.2737367544323206e-13
559,-0.07144538924410426,0.04931613462727569,0.1884104540762337,2.2737367544323206e-13
560,-0.1640343715296808,-0.2587974105834405,0.07941922048395611,2.2737367544323206e-13
561,-0.09004319698584595,-0.14790691383910826,0.16321900168577486,2.2737367544323206e-13
562,-0.058662552697967385,-0.15025719064445298,-0.11726267890745135,2.2737367544323206e-13
563,-0.043261954295871874,0.017128885219733547,0.21315579579173516,2.2737367544323206e-13
564,0.049641176993645786,-0.04285099349291954,-0.20119770324647845,2.2737367544323206e-13
565,0.11725375897145796,0.5234159555045892,0.1964221140515292,2.2737367544323206e-13
566,-0.054109766880230836,-0.07525840162594477,-0.20574933353000802,2.2737367544323206e-13
567,0.12426038509937598,0.42943469849538474,-0.5976963157114312,2.2737367544323206e-13
568,0.08441468806620378,0.2651264512890066,0.004166499374207433,2.2737367544323206e-13
569,0.0019389312648172563,-0.12228716735586431,-0.060060590302910555,2.2737367544323206e-13
570,0.04228014941782021,0.019878224642383202,-0.29520096035616916,2.2737367544323206e-13
571,0.09726181392358058,0.262138528705691,-0.12284790481513141,2.2737367544323206e-13
572,0.21315331687640082,0.38661879237193375,-0.36145950262330473,2.2737367544323206e-13
573,0.07248040075847939,0.12992548986539987,-0.35753945267734366,2.2737367544323206e-13
574,0.044303357471846994,0.13703595078609965,0.18290439676680137,2.2737367544323206e-13
575,0.0037022911914732504,0.12330148256484108,-0.10614324143074327,2.2737367544323206e-13
576,-0.008823975357870495,-0.11950354675991548,-0.015459457274786814,2.2737367544323206e-13
577,0.10201459018765036,0.26063769597269015,-0.07974243822567928,2.2737367544323206e-13
578,0.25455852790815925,0.7069950181374054,-0.28421564261105914,2.2737367544323206e-13
579,0.07539132449250019,0.21751632309420188,-0.21732204421967083,2.2737367544323206e-13
580,0.11538848916222832,0.22452579004709605,-0.4440728448989546,2.2737367544323206e-13
581,0.22682403529273643,0.36008328766300224,-0.261687511932422,2.2737367544323206e-13
582,0.12656665571205394,0.30123998298395804,-0.30918836520858406,2.2737367544323206e-13
583,0.1495941369411753,0.46178240960827566,-0.3351398971607864,2.2737367544323206e-13
584,0.12137864811637655,0.30662743650117363,-0.02232597030641159,2.2737367544323206e-13
585,0.02047904720348015,0.12586166602673643,0.05197917096795379,2.2737367544323206e-13
586,-0.15138445404113554,-0.15958852000673573,0.29453517605114143,2.2737367544323206e-13
587,-0.028590140965832234,-0.24660517524026204,0.02600037183628956,2.2737367544323206e-13
588,0.04173040771479464,0.23107121608674674,-0.24354895110408847,2.2737367544323206e-13
589,0.06911945593878954,0.044108387804669746,0.2577627399492002,2.2737367544323206e-13
590,-0.06239390645492904,0.10718316422679663,0.2250212257510782,2.2737367544323206e-13
591,0.0038158773216991904,0.07847112788547861,-0.2517353069731456,2.2737367544323206e-13
592,0.0782973269272702,0.2694792501395682,-0.015835583191574187,2.2737367544323206e-13
593,0.14819700722432572,0.22821494313512858,-0.1273668402274808,2.2737367544323206e-13
594,0.1813290161447867,0.5307527559361347,-0.6593924794804593,2.2737367544323206e-13
595,0.15074954787201023,0.5235705367518619,-0.15723003038412742,2.2737367544323206e-13
596,-0.1202802329877386,-0.11414030262852748,0.40659295106829063,2.2737367544323206e-13
597,-0.13403513727598693,-0.3135619048747458,-0.17681137350240306,2.2737367544323206e-13
598,0.04726871389425469,-0.04561344474245743,-0.5021798829688606,2.2737367544323206e-13
599,0.18083937158132812,0.6276468482033977,0.08219160731074737,2.2737367544323206e-13
600,0.02189398291022826,0.013209415850553796,0.03312799977680925,2.2737367544323206e-13
601,0.18902245193396539,0.464863881711409,-0.3832967871481401,2.2737367544323206e-13
602,0.01190861237256513,0.1057849405825948,0.1975515208928016,2.2737367544323206e-13
603,-0.0025844429309813677,0.05895071653210948,-0.14291167087199597,2.2737367544323206e-13
604,0.10097608010755721,0.15597668348885918,-0.16354901830881374,2.2737367544323206e-13
605,0.008506716404497183,0.021742228759734417,0.024582580090239503,2.2737367544323206e-13
606,-0.008503176411466029,-0.061013251534774327,-0.042373096096426366,2.2737367544323206e-13
607,0.05130716290733517,0.18538875328530935,0.019089675183593613,2.2737367544323206e-13
608,-0.033106717743351055,0.16770162799778632,0.04845769849903547,2.2737367544323206e-13
609,-0.09267992053759144,-0.16596094439393028,0.07632454565121805,2.2737367544323206e-13
610,0.070792424498336,0.15354302494651506,-0.17551893753118009,2.2737367544323206e-13
611,0.07427733435525852,0.2995706899943684,-0.030448888871447366,2.2737367544323206e-13
612,-0.04871213972484156,-0.16295612948968596,0.31567207900415895,2.2737367544323206e-13
613,-0.08599472343576053,-0.06673864706667132,0.10431494351118431,2.2737367544323206e-13
614,-0.0802327262500171,-0.13990710059147204,0.025238046573250017,2.2737367544323206e-13
615,-0.05963733738661858,-0.0637102950094004,0.32418105041104184,2.2737367544323206e-13
616,0.0488168508481408,0.09770162316323194,0.08102425100614141,2.2737367544323206e-13
617,-0.021891082762692804,-0.011976511565876535,0.4351695911932296,2.8421709430404007e-13
618,-0.10635197146069686,-0.2133337783752154,0.2329689443846661,2.8421709430404007e-13
619,-0.05541823794925449,0.054780068453823105,0.30447710017230634,2.8421709430404007e-13
620,-0.21158780142815203,-0.34122366096642054,0.28326731743914024,2.8421709430404007e-13
621,-0.15394871066507676,-0.16924609245722877,0.15643948327607404,2.8421709430404007e-13
622,-0.12027211045369768,-0.1745852375458128,0.11629828129696307,2.8421709430404007e-13
623,-0.055295395645828194,0.011280705508823985,0.1579974944669118,2.8421709430404007e-13
624,-0.10633930849564877,-0.3277591608710111,0.1471042571877632,2.8421709430404007e-13
625,-0.06695348692272773,-0.3147349781640685,0.3483413004241527,2.8421709430404007e-13
626,-0.057723430365342665,-0.06469834793671225,0.5257692023809,2.8421709430404007e-13
627,0.0386663131801015,0.20165713616071912,0.21506465599549074,2.8421709430404007e-13
628,-0.043950511019431815,-0.08823809151800788,0.25250051007952834,2.8421709430404007e-13
629,-0.08545832560758981,-0.1954620906931268,0.14088186095047206,2.8421709430404007e-13
630,-0.022156507599333963,-0.20627996237618618,0.07727811304782506,2.8421709430404007e-13
631,0.006771695624706808,-0.020814255610787313,0.17190010984373316,2.8421709430404007e-13
632,-0.024482611540804555,-0.014196397455265242,0.1983258519718305,2.8421709430404007e-13
633,-0.07928055244951793,-0.096115502613344,0.12102580377097638,2.8421709430404007e-13
634,-0.04653427803179966,-0.009259412740078687,-0.031916160156555407,2.8421709430404007e-13
635,0.029440033768764806,0.46068284467722265,-0.0005865083200404797,2.8421709430404007e-13
636,-0.10231728030936438,0.0765506539100329,0.3101951976647257,2.8421709430404007e-13
637,-0.16764838166466234,-0.510239294107862,0.2131279446556249,2.8421709430404007e-13
638,-0.06653399927853343,-0.11921641505486491,0.10512783491280686,2.8421709430404007e-13
639,-0.11490999981214145,-0.2394682285146814,0.32278425416291157,2.8421709430404007e-13
640,-0.13672446202855326,-0.26072497777207104,0.5206851411486184,2.8421709430404007e-13
641,-0.18310097042444795,-0.3126500042543512,0.47821147993043667,2.8421709430404007e-13
642,-0.19109435693815158,-0.39647952160061095,0.3157504348522764,2.8421709430404007e-13
643,-0.07613959437867379,-0.02345671593025145,0.22587670470696253,2.8421709430404007e-13
644,-0.11409595056920807,-0.1397821584549206,0.844637927534535,2.8421709430404007e-13
645,-0.2786147895340605,-0.6558148649146176,0.027634326162527145,2.8421709430404007e-13
646,-0.08306812329396962,-0.2009235797429767,0.028196680306891153,2.8421709430404007e-13
647,0.022352315604791784,0.11247893162314426,-0.21604788427727328,2.8421709430404007e-13
648,-0.0013999786422687066,-0.2804278815408452,0.5889668073405261,2.8421709430404007e-13
649,-0.11764766253355674,-0.34411648564994834,0.18223612514631782,2.8421709430404007e-13
650,-0.029056113017588814,0.04768549677706346,0.31673884591876345,2.8421709430404007e-13
651,-0.2587336052595788,-0.4387141832272903,0.7888985405634372,2.8421709430404007e-13
652,-0.17587438083512552,-0.5939608810905668,0.7324747114132606,2.8421709430404007e-13
653,-0.14877874951520198,-0.42286660875905113,0.37687348731681425,2.8421709430404007e-13
654,-0.0615618807962619,-0.14076645180483638,0.32518745462139975,2.8421709430404007e-13
655,-0.057049651740726404,-0.2303099192485547,0.8785459537646716,2.8421709430404007e-13
656,-0.0015303527597438915,-0.2360425167423159,-0.16457842542952505,2.8421709430404007e-13
657,-0.003333473904319817,-0.15644510917732646,0.1762296914632202,2.8421709430404007e-13
658,-0.0018889267180384195,-0.1475997942708318,0.029342005633168355,2.8421709430404007e-13
659,0.029892467702040904,0.24467833778177805,0.3242125470219719,2.8421709430404007e-13
660,-0.05065500605229545,-0.14562774391467315,-0.08440019728274706,2.8421709430404007e-13
661,-0.06559408336664774,-0.19229512646910507,0.31856257989851144,2.8421709430404007e-13
662,-0.09388834425823234,-0.35117575075386753,0.1638737802875454,2.8421709430404007e-13
663,0.030792693156286077,-0.1874144651947347,-0.08809813333067495,2.8421709430404007e-13
664,0.13599843479903484,0.1646175942825323,0.07165072873239353,2.8421709430404007e-13
665,0.05558357250293966,0.15726234324944244,0.21264275318394255,2.8421709430404007e-13
666,-0.08420367030487341,-0.3992947746099844,0.19008137920634738,2.8421709430404007e-13
667,0.06674975525464788,0.02625609981342336,0.20693138289878732,2.8421709430404007e-13
668,-0.006055804323466418,-0.17996842946229208,-0.10316573325260947,2.8421709430404007e-13
669,0.0628805125122085,0.16670127574633398,0.18036389767421213,2.8421709430404007e-13
670,0.14056949252795903,0.21089384101151154,-0.09856889779025835,2.8421709430404007e-13
671,0.23294863868181892,0.6286716992711661,-0.28330681469566343,2.8421709430404007e-13
672,0.14438691705151996,0.1796064265811026,-0.14537653311077747,2.8421709430404007e-13
673,-0.07800847583820314,-0.2674742439221518,0.3868724715160994,2.8421709430404007e-13
674,-0.041765435468903434,-0.13422326353861536,0.19072259699996152,2.8421709430404007e-13
675,0.09863315983494658,0.0719263682991027,-0.2768305961610906,2.8421709430404007e-13
676,0.12840621659040607,0.21878366165552166,0.06546718538375274,2.8421709430404007e-13
677,0.1877494440745977,0.5582436589970996,-0.12099471085328162,2.8421709430404007e-13
678,0.11100733797377416,0.32905505772413335,-0.16325782923800602,2.8421709430404007e-13
679,0.044008843570907175,0.32258450668172145,-0.07573100502331442,2.8421709430404007e-13
680,0.01295314214667087,-0.013471378564787528,-0.06896192600814288,2.8421709430404007e-13
681,0.18079169419274876,0.35745415975932815,-0.24993885575158004,2.8421709430404007e-13
682,0.28702758554044294,0.7336018172037768,-0.46702445764216804,2.8421709430404007e-13
683,0.18862289484013672,0.4840721648881754,-0.05153788452106767,2.8421709430404007e-13
684,-0.05103251708845846,-0.014658189017950463,-0.05477994553955057,2.8421709430404007e-13
685,-0.004084914759800995,-0.1839992881146486,0.06064532991831584,2.8421709430404007e-13
686,0.05838967464512734,0.4133742327656478,-0.1242671751104183,2.8421709430404007e-13
687,-0.045645584969349784,0.02194267335096356,-0.15971545222342343,2.8421709430404007e-13
688,-0.03993395389261423,-0.07405476768229846,0.2785398563971171,2.8421709430404007e-13
689,-0.03314706220731978,-0.06099547156156859,-0.08147593946461029,2.8421709430404007e-13
690,0.04954905970640766,0.10828017930623446,0.07993438996442137,2.8421709430404007e-13
691,-0.07044428186418372,-0.048984460086131776,0.2914753590378041,2.8421709430404007e-13
692,-0.034524511007589354,0.01071604527129466,0.08929577963070301,2.8421709430404007e-13
693,-0.011229819002039676,-0.015728007930960075,0.0825930296248032,2.8421709430404007e-13
694,-0.16936928521005257,-0.16163313187144013,0.31289118169996755,2.8421709430404007e-13
695,-0.20349372180243108,-0.2311493502064934,0.7657422572725068,2.8421709430404007e-13
696,-0.16268265675012117,-0.4482985751935189,-0.0023374393987865005,2.8421709430404007e-13
697,-0.2235151605672172,-0.5478531738577033,0.49423380324212474,2.8421709430404007e-13
698,-0.08220707102282176,-0.11695265655217213,0.2437446512852972,2.8421709430404007e-13
699,0.0761223071222048,0.007445780039233796,0.022023868762858,2.8421709430404007e-13
700,-0.03248881039905882,-0.01914526210674694,0.22797211154374963,2.8421709430404007e-13
701,0.06147363432927477,-0.18998398264170646,-0.26174545054863074,2.8421709430404007e-13
702,0.15085580020127054,0.2763255472177093,-0.11433706699961022,2.8421709430404007e-13
703,0.20820399330767714,0.7623038506921489,-0.23906270862909196,2.8421709430404007e-13
704,-0.05522450535198686,-0.29953544257503495,0.10413181696894469,2.8421709430404007e-13
705,-0.001022062834465487,-0.013981487531935954,-0.04811351235437655,2.8421709430404007e-13
706,0.09233310939202966,0.15844179523330126,0.10811890602708729,2.8421709430404007e-13
707,-0.018346894251862977,0.052181477182784874,0.30659740565137383,2.8421709430404007e-13
708,-0.045147089344197866,-0.020684746208786464,0.3078051388551728,2.8421709430404007e-13
709,0.08155500553397133,0.1496030367626986,-0.05506258806812525,2.8421709430404007e-13
710,0.08953970855037596,0.24297611837818067,-0.33962366830036217,2.8421709430404007e-13
711,0.08965386313553836,0.0599912773241158,-0.1382910415562435,2.8421709430404007e-13
712,0.19900868301078845,0.3351809784865054,-0.3549023084010514,2.8421709430404007e-13
713,0.22578632177550162,0.6885427340704098,-0.0939184910633486,2.8421709430404007e-13
714,0.11176088882803015,0.048925752119714616,-0.17423369299518754,2.8421709430404007e-13
715,0.03887627539205596,-0.16688527098941108,-0.2604610668032876,2.8421709430404007e-13
716,0.1268760404956879,0.07017907545522917,-0.31873125008277725,2.8421709430404007e-13
717,0.20286849996080036,0.4770691091994763,0.3411077134452398,2.8421709430404007e-13
718,-0.029448674613831827,-0.22765892327669235,0.061922551453022834,2.8421709430404007e-13
719,0.058800236833974395,0.08065191771183322,-0.3699124373445386,2.8421709430404007e-13
720,0.22410151539702383,0.3642305338407823,-0.3915708625759322,2.8421709430404007e-13
721,0.2020471509614481,0.38656351681476053,-0.07705258760034894,2.8421709430404007e-13
722,0.11565229663051468,-0.003658452910883625,0.02470629189778606,2.8421709430404007e-13
723,0.10580169530629746,0.18912123132176362,-0.04052607284272369,2.8421709430404007e-13
724,0.24018827189547665,0.5228755443307023,-0.5849201199020513,2.8421709430404007e-13
725,0.18155667857263325,0.5993743421965121,-0.5807106210701676,2.8421709430404007e-13
726,0.22263279939858194,0.5167570184663646,-0.6110547077414168,2.8421709430404007e-13
727,0.3078141447509779,0.6620521250345064,-0.07463519549058617,2.8421709430404007e-13
728,0.015619427590536361,0.013292315186561154,0.2533742705447537,2.8421709430404007e-13
729,0.013646102823656747,0.08886930068405263,-0.24514483848960822,2.8421709430404007e-13
730,0.21730319801895348,0.4208553148764338,-0.18793537411318084,2.8421709430404007e-13
731,0.073600562953402,0.42269191499144654,0.0317839132091251,2.8421709430404007e-13
732,0.09004709631670949,0.24529962151825657,-0.18482005871442198,2.8421709430404007e-13
733,-0.04186111079059174,0.055565702235952585,0.3802339206696814,2.8421709430404007e-13
734,-0.0865414954060384,-0.25242508473141356,0.5050645687847322,2.8421709430404007e-13
735,-0.2058560350822063,-0.5573872695353828,0.3531752573238691,2.8421709430404007e-13
736,-0.06825986772457782,-0.2924762440775339,-0.0011473794299519113,2.8421709430404007e-13
737,0.1311565697829451,0.5018943266221925,0.26202593061269397,2.8421709430404007e-13
738,-0.040373410811582744,-0.17050232670641208,-0.3495779641798862,2.8421709430404007e-13
739,0.12168705246045874,0.05332520202838964,-0.4344454783545473,2.8421709430404007e-13
740,0.3347202568577359,0.8015932297076631,-0.28329103835280023,2.8421709430404007e-13
741,0.24365020282829164,0.339240104045075,-0.09119703866340956,2.8421709430404007e-13
742,0.15989108124028917,0.41207815384365176,-0.44635532436186054,2.8421709430404007e-13
743,0.21852195648250472,0.4133617542144066,-0.6041688475934137,2.8421709430404007e-13
744,0.29409897940240626,0.8899887001615809,-0.3568260146419533,2.8421709430404007e-13
745,0.2156524063013876,0.3923323132469534,-0.3078470347153939,2.8421709430404007e-13
746,0.18217151938569032,0.378243255236697,-0.18906635928549065,2.8421709430404007e-13
747,0.13193263917497688,0.3210898785229688,-0.1542254284068605,2.8421709430404007e-13
748,-0.032997903690898056,-0.20476850166687655,0.38337271958857855,2.8421709430404007e-13
749,0.0033306260308449964,-0.33126774660865976,0.0032400892660575664,2.8421709430404007e-13
750,,,-0.10241607524625351,
751,,,-0.40292111006303344,
752,,,0.19034131800923149,
753,,,-0.47102393700942,
754,,,-0.5872016413360939,
755,,,-0.41095375278463564,
756,,,-0.509626939327319,
757,,,-0.5839926686378334,
758,,,-0.30221311766725023,
759,,,-0.11191791322625022,
760,,,0.06319887699824278,
761,,,-0.2802403156513691,
762,,,-0.16545151748928788,
763,,,0.15402608488967928,
764,,,-0.21370682373542138,
765,,,-0.3418649837915382,
766,,,0.33235081286545665,
767,,,-0.2058419249420922,
768,,,-0.3584337814377818,
769,,,-0.2697302882991721,
770,,,-0.11773992646742215,
771,,,-0.37612093194209706,
772,,,-0.19478187412107673,
773,,,-0.1651689800909537,
774,,,-0.3775121630511933,
775,,,-0.013307214248271748,
776,,,-0.02613602456898434,
777,,,-0.23765062773276213,
778,,,-0.5178137920839276,
779,,,-0.015385330918846307,
780,,,0.2791727212514701,
781,,,0.08574027744532486,
782,,,0.19521542495141375,
783,,,0.15334303665692062,
784,,,0.02073871612199696,
785,,,0.019092803403495395,
786,,,0.06156919378565817,
787,,,-0.05988005545944475,
788,,,0.31565629300345677,
789,,,-0.2661708396418021,
790,,,-0.032755284810008334,
791,,,0.1692570758978178,
792,,,0.2851109010303503,
793,,,0.027751947030978386,
794,,,-0.2016935185430384,
795,,,0.30414141820601515,
796,,,0.32828170261906564,
797,,,-0.16159049445495555,
798,,,0.7754672514299301,
799,,,0.3018146586474302,
800,,,-0.23956914310252841,
801,,,-0.180092180921946,
802,,,0.20197564159251158,
803,,,0.25205658352133753,
804,,,-0.1752998149351157,
805,,,0.042303701451402276,
806,,,-0.24028302858208406,
807,,,0.5065243666702202,
808,,,0.11083829995608596,
809,,,0.047968076747849864,
810,,,-0.20250326476015346,
811,,,-0.4064368004159178,
812,,,-0.2137018012091545,
813,,,0.1556490060032587,
814,,,0.1583987878054245,
815,,,-0.1729470779301323,
816,,,0.007891540363175409,
817,,,-0.10220183440891617,
818,,,-0.28409632007669927,
819,,,0.006581868001759972,
820,,,0.28640117693265665,
821,,,0.45776081989572504,
822,,,-0.20348702237846794,
823,,,0.1977665320198838,
824,,,0.4449913932719909,
825,,,-0.020359383006137932,
826,,,0.1474368068169838,
827,,,0.06945546519988,
828,,,0.14351400930560487,
829,,,0.18255020094888152,
830,,,0.15144038806268156,
831,,,0.030974646348653323,
832,,,-0.4558384631633743,
833,,,-0.02246074143941712,
834,,,-0.3641574465756747,
835,,,-0.3253498224893008,
836,,,-0.08002029203736072,
837,,,-0.763544361941058,
838,,,-0.18729921306398012,
839,,,0.22374160409646038,
840,,,0.08841210034064773,
841,,,-0.3962296722592811,
842,,,-0.11453131885262735,
843,,,-0.3629388289947997,
844,,,-0.18987215421911685,
845,,,-0.509983160695441,
846,,,-0.7460596456045749,
847,,,-0.4248820552804915,
848,,,-0.23318209683644398,
849,,,-0.41588647622148756,
850,,,-1.0593908147840807,
851,,,-0.21903413169081887,
852,,,-0.5623243143777614,
853,,,-0.6760648213939078,
854,,,-1.0004341104263972,
855,,,-0.8859008137659714,
856,,,-1.0312243275873385,
857,,,-0.7423430172907075,
858,,,-0.3463926082671662,
859,,,-0.4396534134653223,
860,,,-0.4844667346524716,
861,,,-0.5018562649013631,
862,,,-0.50269603984664,
863,,,-0.043803257044402244,
864,,,-0.17178201383183023,
865,,,-0.5220046113186356,
866,,,-0.4643980818289464,
867,,,-0.5741778580648997,
868,,,-0.6898953705160551,
869,,,-0.04208556153125187,
870,,,-0.28696394170657413,
871,,,-0.2228897294370853,
872,,,-0.1951996595200285,
873,,,-0.02041821306745817,
874,,,-0.26420045933228664,
875,,,-0.22772711214470576,
876,,,0.028256682841529823,
877,,,0.13568235010362173,
878,,,-0.4407318882486351,
879,,,-0.03008057721032742,
880,,,-0.49706554673880987,
881,,,-0.31219777907406865,
882,,,-0.3167019550807879,
883,,,-0.03622939999033292,
884,,,0.08930726357489505,
885,,,-0.3008086688855087,
886,,,-0.2281736833558199,
887,,,0.1060402712714108,
888,,,0.004443276674251706,
889,,,-0.15940839526514594,
890,,,-0.6930958996794914,
891,,,0.07809658740573866,
892,,,-0.2614690736461114,
893,,,-0.1436467947753357,
894,,,-0.13593542177454765,
895,,,-0.20954402887163326,
896,,,-0.25432820757262675,
897,,,-0.23516406200145923,
898,,,0.2161439112328054,
899,,,-0.222979545459296,
900,,,-0.29526342343073964,
901,,,0.019909426878612635,
902,,,-0.035002411356529706,
903,,,-0.2835158437592469,
904,,,0.19498997856341305,
905,,,0.09069411813297279,
906,,,-0.12873517905569543,
907,,,-0.12676106586019387,
908,,,0.2691341807915819,
909,,,0.17948750959354243,
910,,,0.03758089727095637,
911,,,0.08807132601835121,
912,,,-0.1505302225119607,
913,,,0.2798724499431131,
914,,,0.3253569283830444,
915,,,0.05071629954591117,
916,,,-0.08565015302544055,
917,,,0.029673615702662914,
918,,,0.07420562359791916,
919,,,0.02064823635956259,
920,,,0.24488821478169598,
921,,,0.12651035413870204,
922,,,0.09100620582945851,
923,,,0.16671774671495143,
924,,,0.4362818488630609,
925,,,0.17044493123034954,
926,,,0.061279011186428534,
927,,,0.42060783963651716,
928,,,0.0911981670808899,
929,,,0.16834422704995688,
930,,,0.18981029016605078,
931,,,0.272597631977348,
932,,,0.34140455941280834,
933,,,0.26820788307884413,
934,,,0.29053560437964165,
935,,,0.22559567146878123,
936,,,0.3233652655111712,
937,,,0.5237713220151647,
938,,,0.183776721005799,
939,,,0.08580832059728039,
940,,,-0.008920272161347498,
941,,,-0.1379122693271171,
942,,,0.02208515492203844,
943,,,0.31647933482173585,
944,,,0.21096146885813027,
945,,,0.14235184471586138,
946,,,0.31088596902039,
947,,,0.0835394424624809,
948,,,0.16994691880388757,
949,,,0.23329740715824698,
950,,,-0.05357216967912848,
951,,,0.011730478657440813,
952,,,0.3918184172208896,
953,,,0.2676543954346755,
954,,,0.08130548849857178,
955,,,0.49556584795915626,
956,,,0.22945448269501867,
957,,,0.39508512181495803,
958,,,0.4864528411950175,
959,,,-0.09649280270615179,
960,,,-0.1596042417106247,
961,,,0.17937565607384443,
962,,,0.12054350868643837,
963,,,-0.14590202983509926,
964,,,-0.04235546418782121,
965,,,0.030670928938832276,
966,,,-0.07957048292828972,
967,,,-0.08808246190176305,
968,,,0.0552471361811655,
969,,,-0.23299591096393613,
970,,,-0.13430598555071072,
971,,,-0.09441232178350845,
972,,,0.1613047314059628,
973,,,-0.11249867224481136,
974,,,-0.3041884824278043,
975,,,-0.03364530309279701,
976,,,0.07723314602459652,
977,,,0.211086215737609,
978,,,0.18414457256641015,
979,,,-0.12926704826642776,
980,,,0.22735145293778203,
981,,,-0.08988557501504602,
982,,,-0.46261903933175574,
983,,,-0.5728502067350263,
984,,,-0.08680019185426602,
985,,,-0.07690029690300548,
986,,,-0.09434806852245003,
987,,,-0.32365281916570154,
988,,,-0.09269986089616111,
989,,,-0.30649733200924345,
990,,,-0.12358791076533748,
991,,,-0.15399595742563577,
992,,,0.15715568910866295,
993,,,-0.05172897581009295,
994,,,-0.24351750386249194,
995,,,0.02620845582779907,
996,,,0.09717510501960192,
997,,,-0.03863552364570921,
998,,,0.0947818905505784,
999,,,0.1102839608895323,
1000,,,0.15783516928951258,
1001,,,0.3056767252125212,
1002,,,0.15871605044556247,
1003,,,0.24883488787604335,
1004,,,0.26838514792096646,
1005,,,0.2692543718837186,
1006,,,0.09854010927585932,
1007,,,0.11045119990083663,
1008,,,0.2756378638730439,
1009,,,0.04288573550648778,
1010,,,0.2142228016589911,
1011,,,0.0966365256362991,
1012,,,-0.14607382362096644,
1013,,,0.2339637931823404,
1014,,,-0.07645876346251157,
1015,,,0.18687180423737004,
1016,,,0.308712099915212,
1017,,,0.15778199035695195,
1018,,,-0.2281492930353295,
1019,,,-0.4371397247643216,
1020,,,-0.12400697799390059,
1021,,,-0.03360278122981697,
1022,,,-0.07273503102608458,
1023,,,0.12916829681876152,
1024,,,0.17453474179804118,
1025,,,-0.20729586870886862,
1026,,,0.31797508537398755,
1027,,,-0.32887294637217224,
1028,,,-0.2443815542436596,
1029,,,0.052954521062758886,
1030,,,-0.1802384454809527,
1031,,,-0.44055947157065134,
1032,,,0.04999395996502187,
1033,,,-0.17772415515858597,
1034,,,0.09092661206885566,
1035,,,-0.4858870573337839,
1036,,,-0.3761590018580847,
1037,,,-0.38221730145789934,
1038,,,-0.30538676959231736,
1039,,,-0.04352892256980567,
1040,,,-0.08653740195464366,
1041,,,-0.2746773034155723,
1042,,,0.1713766691503622,
1043,,,0.027418996489899428,
1044,,,0.11910397861450406,
1045,,,-0.004043249392424286,
1046,,,-0.0884559124592954,
1047,,,-0.33639317547090286,
1048,,,-0.004387598034853113,
1049,,,0.07263351580340327,
1050,,,0.4240679200988495,
1051,,,0.05064672105922341,
1052,,,0.05543846728348001,
1053,,,0.14693194648967278,
1054,,,0.2520649770096668,
1055,,,-0.14124328356470528,
1056,,,0.19318392590366784,
1057,,,0.23076516958576576,
1058,,,-0.13473698392687083,
1059,,,0.20768402273522213,
1060,,,0.4315672703188653,
1061,,,0.23317164317272443,
1062,,,-0.04657029049974426,
1063,,,0.12218777444435602,
1064,,,-0.2831227896534898,
1065,,,0.1733254987295254,
1066,,,0.26041683427239093,
1067,,,-0.05077471334077188,
1068,,,-0.0578611603535677,
1069,,,-0.07157628757067869,
1070,,,-0.11332911961650893,
1071,,,-0.08235213464330116,
1072,,,-0.036097365951462734,
1073,,,-0.2938696959814564,
1074,,,-0.22702165679685038,
1075,,,-0.41519589706408055,
1076,,,-0.05269906067101715,
1077,,,-0.1258258659607776,
1078,,,-0.1829423658605549,
1079,,,0.26634406623749385,
1080,,,-0.15287078577610203,
1081,,,0.14359983689094236,
1082,,,-0.8086176182660552,
1083,,,-0.06382387457730943,
1084,,,0.10408958847567362,
1085,,,-0.07972695209704739,
1086,,,0.2882866652802534,
1087,,,0.34907085424666207,
1088,,,0.16720454326006973,
1089,,,-0.08785702876953394,
1090,,,0.5363295013195284,
1091,,,0.3610266995941913,
1092,,,0.12349799233464864,
1093,,,-0.015146396468153966,
1094,,,0.4040315652765969,
1095,,,0.17588273514384412,
1096,,,-0.28954013213875385,
1097,,,-0.11538611767679186,
1098,,,-0.4100988572884461,
1099,,,-0.17992380182077738,
