,tas,rlut,rsut,rsdt
0,-0.11035042510184212,0.07939317496538933,-0.2424752698375272,5.684341886080802e-14
1,-0.15341031794122273,-0.5395889517571959,-0.15191199794564625,5.684341886080802e-14
2,0.120630804529128,0.055216615919761125,-0.09409708212747603,5.684341886080802e-14
3,0.2216581211786206,0.1222012945595452,0.39744528494072995,5.684341886080802e-14
4,0.20536664873213795,0.3108774349802559,0.11344438462853645,5.684341886080802e-14
5,-0.03352578473248968,-0.011283851533477218,0.1738519591012846,5.684341886080802e-14
6,-0.03662869045768957,-0.07655166307608852,-0.34134959800194054,5.684341886080802e-14
7,0.04070565510585311,-0.1883576427993603,-0.16776342884337225,5.684341886080802e-14
8,0.1809233276364921,0.17778658920516932,0.13751973342739632,5.684341886080802e-14
9,0.004372555008671952,0.11177383914301231,-0.031037486949671234,5.684341886080802e-14
10,-0.017515066871908402,-0.001033363616556926,-0.2690640646000446,5.684341886080802e-14
11,-0.034793422154336895,0.026858503206739215,-0.1956158610471448,5.684341886080802e-14
12,0.15597380290950014,0.2477450175656486,0.13209435432614214,5.684341886080802e-14
13,0.07464626016019338,-0.07750539185923344,0.45206245891904473,5.684341886080802e-14
14,-0.0681458212624193,0.13687390031310542,-0.07367202842125664,5.684341886080802e-14
15,-0.04766289867927753,-0.24192514370440676,-0.1006216284976631,5.684341886080802e-14
16,0.11538844991895303,-0.0858185964100926,0.23231444280426672,5.684341886080802e-14
17,0.15069913845741212,0.24548286935589658,0.20313098572171384,5.684341886080802e-14
18,0.125940435682935,0.17237803991633882,-0.06281127416256993,5.684341886080802e-14
19,-0.06379021309180644,0.3206188727001802,-0.36417098450502294,5.684341886080802e-14
20,0.03415491872050325,-0.3227002580060514,0.23931214276161938,5.684341886080802e-14
21,0.15274678281008391,0.1835816758086537,0.008562737750978044,5.684341886080802e-14
22,-0.0294644892303495,0.20614684985619647,-0.22866216661704186,5.684341886080802e-14
23,-0.37878815792714704,-0.4273909817011372,-0.26005316415776747,5.684341886080802e-14
24,-0.17462554649893036,-0.3804801606476076,-0.2404345698613497,5.684341886080802e-14
25,0.1407742558416203,0.10075142713478158,0.04180396547933185,5.684341886080802e-14
26,0.24482067590224688,0.3709761390071833,0.2436947942094747,5.684341886080802e-14
27,-0.20100114956488824,0.0798946096268196,-0.10608787121846319,5.684341886080802e-14
28,-0.31913387203269394,-0.43432210926408743,-0.21654339290684277,5.684341886080802e-14
29,0.024917926350497055,-0.21302750480390387,0.2237125064997656,5.684341886080802e-14
30,0.225651764411964,0.19812589540197223,0.26843746168823657,5.684341886080802e-14
31,-0.053929024653996294,0.05855729611926108,0.12643482349041335,5.684341886080802e-14
32,-0.05285414308042391,-0.2745032908584619,-0.002791241038920589,5.684341886080802e-14
33,0.0017957383774955815,-0.1098974099217287,0.4016537282272594,5.684341886080802e-14
34,0.03940522028142368,0.1831944300913051,0.5880226423549146,5.684341886080802e-14
35,-0.1840260176165316,0.04586743142817795,-0.011222289372980754,5.684341886080802e-14
36,-0.30130076222934576,-0.10046805357103494,-0.7101019424565607,5.684341886080802e-14
37,-0.1428288294987965,-0.41932578062548487,-0.07091189515921315,5.684341886080802e-14
38,-0.010801876080904549,-0.04093544739544086,0.22523142503834492,5.684341886080802e-14
39,0.15939752237704852,0.24594617095075932,0.32154715186806015,5.684341886080802e-14
40,-0.11794838279325859,0.1018422226241853,0.06710773572525852,5.684341886080802e-14
41,-0.1732262720186668,-0.18505605365538713,-0.18165868318781975,0.0
42,-0.09261307623233961,0.001634979713003304,0.05566131068032121,0.0
43,-0.059556420605645144,0.12768568915188894,-0.36854813185827595,0.0
44,0.04858251366215427,-0.18826019996197374,0.2996519777905178,0.0
45,0.13545288917441667,0.08503522409222342,0.2642882918545695,0.0
46,0.13395220365140403,-0.06024380943384244,0.2894191718977055,0.0
47,-0.025738035260303604,0.04058528551894369,0.004319205373775503,0.0
48,-0.1881171037151148,-0.1382059309996464,-0.30798220878698146,0.0
49,-0.10341397340005187,-0.21314181888644157,0.0808019716614723,0.0
50,0.06482762141882858,0.2465267653974479,-0.18969940835975763,0.0
51,0.12073687872674554,0.04901643596673466,0.2806925074252149,0.0
52,-0.04909553206579176,0.3466012150905158,-0.22685939248187026,0.0
53,-0.10461951688671434,0.00162444385077265,-0.36063214186346215,0.0
54,-0.08916302605308601,-0.29834839555269355,0.08328429783675517,0.0
55,0.005177134759946966,-0.3152523114615917,0.2614629340234842,0.0
56,0.15421024856124177,0.35100436186272077,0.2282185862138988,0.0
57,-0.11752768845821038,-0.11143178903509465,-0.27662245854612877,0.0
58,-0.08244637990480896,-0.01726154416769532,-0.4077145480962656,0.0
59,0.061301438153293475,0.21809484728944994,-0.37270844186384977,0.0
60,0.17111743340541352,-0.041680177283041075,0.3133685806411961,0.0
61,0.10731463869814206,0.2737380114002974,0.17516214318425227,0.0
62,-0.13264391778596973,0.016481076151762863,-0.14202779220974548,0.0
63,-0.06662883141382281,-0.3166383413759206,-0.05972350527241588,0.0
64,0.21123444398853053,0.21731244109417958,0.09606186468845124,0.0
65,0.213950263379445,0.5341956519185658,-0.053610467445892596,0.0
66,-0.1343631820972746,-0.23705988779980203,0.018985496581251482,0.0
67,-0.15352423900861822,-0.20726843899490177,-0.46023974965915215,0.0
68,-0.10090469550766556,-0.41888294242252755,0.3602538433875253,0.0
69,0.17575800472889114,0.30997648542964384,0.032042486023755146,0.0
70,0.016258177232543858,0.4110975466685147,-0.20380118300838035,0.0
71,-0.08811183694609781,-0.13709094792091037,-0.16395131780708994,0.0
72,-0.022220777066991104,-0.18641567506563206,0.09807548442469738,0.0
73,-0.021757833222409317,-0.02492359596479332,0.07369385968573283,0.0
74,0.05865807531733935,0.14886617027210036,-0.08081185037447369,0.0
75,-0.08248099338635484,-0.15362055879259628,-0.04948933150937762,0.0
76,0.09122497866525237,-0.09949512319371934,0.23541720165454194,0.0
77,0.19682875343761452,0.20133903992140745,0.4028093819179759,0.0
78,-0.08339153210062022,0.09505154572607921,0.009917754056360195,0.0
79,-0.19646545464570409,-0.12456271563507926,-0.3265215006731239,0.0
80,-0.005339747365951553,-0.1873145718164153,0.021242404955827965,0.0
81,0.138107524213126,0.38338139651872893,0.15172138973944982,0.0
82,-0.0479263525938336,0.19258142191355887,-0.045527237853889346,0.0
83,-0.23360053849916085,-0.44981338108300406,-0.380489746743379,0.0
84,-0.08492169431735874,-0.354711631554153,-0.27304928632689496,0.0
85,0.2069838452027284,0.4319284778192696,0.10296095086864909,0.0
86,0.1208420244626609,0.01394390318381511,0.14751225731298234,0.0
87,-0.00711038243917983,0.33365558595843936,-0.16413938125765526,0.0
88,-0.25948012204656834,-0.06522655140406641,-0.5464296444064587,0.0
89,-0.12752498870941054,-0.27562529964603755,-0.31498849243720883,0.0
90,0.13826499737990616,-0.02128127499597099,0.3698936513738005,0.0
91,0.23668619649123457,0.18134784922588665,0.4797831457101296,0.0
92,0.06918314321779917,0.23115237505436426,0.07700188216153947,0.0
93,-0.11475978876853787,-0.11427528220988847,-0.39100388786783924,0.0
94,-0.07045252604370944,-0.30225265722665995,-0.09153063034287356,0.0
95,0.14078011794259737,-0.0038256471609088294,0.33689599035992046,0.0
96,0.24998990911348073,-0.05889151403260939,0.350288844051704,0.0
97,0.18121317729276143,0.29277301275178047,0.21510881787123992,0.0
98,-0.12387439385031485,0.047657517714100095,0.10644686348619814,0.0
99,-0.0930808927525959,-0.3132053862549071,-0.2386696098896124,0.0
