,tas,rlut,rsut,rsdt
0,-0.12415878954175241,-0.5091226989291897,0.03891476938545679,-0.0021546483305883157
1,-0.010353065278195572,-0.008256365143950006,0.32853301698040127,-0.002153187985470595
2,-0.060310312977890135,-0.13332200004967376,-0.37628049848009937,-0.0021515923143624605
3,0.06032899761009958,-0.05971499384546064,0.4910447506063065,0.0066160578825247285
4,-0.01072306539560941,-0.745210302515261,0.74553171249147,-0.002155279900136975
5,-0.2413538642849744,-0.1017262197300397,-0.3414026956069449,-0.0021538195550760975
6,0.027413410880342326,0.1404445691112528,0.6469577462105178,-0.0021522238839111196
7,0.19371668594533276,-1.1283440959946631,1.0562702376654869,0.006615426312976069
8,-0.017380573373884545,-0.47337523620529964,-0.3808282072907616,-0.0021559114697424775
9,-0.15967108159571808,-0.4865199018974238,0.6064321704805167,-0.0021544511246247566
10,-0.05347584117544102,-0.5753883415152075,0.2700719026448155,-0.002152855453459779
11,0.035085260946630115,-0.5037896434833726,0.424441695772785,0.00661479474342741
12,-0.17059681855721465,-0.15102594387604995,0.3060657938615492,-0.0021565430392911367
13,-0.12080755057269243,-0.1597094431182029,-0.5915552435403271,-0.002155082694173416
14,0.11555079033786342,0.20301584385239835,-0.1999078322557466,-0.002153487023008438
15,-0.022618944096223004,-0.3641034716632987,0.8588255055648943,0.0066141631738219075
16,-0.15096555910190546,-0.5585562575960523,-0.1566196805752611,-0.002157174608839796
17,-0.11488285755814331,-0.11070720925260957,-0.014807179379076274,-0.002155714263722075
18,0.015521511032090984,-0.21585442414453837,-0.1312638775234376,-0.0021541185926139406
19,0.03751533430619247,0.057691980710558255,0.5408181168602368,0.006613531604273248
20,-0.0021014938171788344,-0.46379107953029575,0.17158192988839005,-0.002157806178388455
21,0.10450384064108675,0.01774668834943327,0.016630891611868037,-0.0021563458333275776
22,-0.029799772529429447,0.09663461537911644,-0.141694501393971,-0.0021547501621625997
23,-0.060071938452040285,-0.1813015516523251,-0.40767358895466543,0.006612900034724589
24,0.12293210339021243,-0.17972274296030832,0.30334606020700505,-0.0021584377479939576
25,-0.01660288186985781,-0.31951902491772444,-0.20816005178519958,-0.0021569774028762367
26,0.1338594954402197,0.16148265583524335,-0.26179721954449064,-0.002155381731711259
27,0.2426707240474002,0.17282980897604716,-0.34135576671917534,0.006612268465119087
28,0.2905193984257721,0.02050961683661967,-0.3804548360977833,-0.0021590693175426168
29,0.08709220469347656,0.5987907577608667,-0.1519385018229542,-0.002157608972424896
30,0.043438180611758526,0.17591894664388974,-0.3514125372811634,-0.002156013301259918
31,0.08134331440044207,-0.20969750687760325,0.13298501914337635,0.0066116368955704274
32,-0.11515300328511557,-0.018923679766317036,-0.32006114440920896,-0.002159700887091276
33,0.05397740266732853,0.31384123174680667,-0.5329823772718072,-0.002158240541973555
34,-0.012839430631686355,0.5648030299223876,-0.1572797529009904,-0.0021566448708654207
35,-0.08495336184802227,0.10958677600629585,0.2689553661643487,0.006611005326021768
36,0.19319868935235718,0.13837044127086529,-0.4180622928561064,-0.002160332456639935
37,0.07988047533990539,0.11748570244125744,0.3074036731384382,-0.0021588721115790577
38,0.05197385051724268,-0.28010041635690186,0.019476080254918315,-0.00215727644041408
39,0.18360445988815854,0.092771758160211,-0.7772194465214142,0.006610373756473109
40,0.17905586432704013,0.3787192021087833,-0.30993422889761746,-0.0021609640262454377
41,-0.006372293140543661,0.1506857666568635,-0.06302142377671771,-0.002159503681127717
42,-0.005375601542198183,-0.11519846766688602,0.3063197480838653,-0.002157908009962739
43,0.06918889622244251,0.005534119459468911,-0.012895847034940289,0.0066097421868676065
44,0.07825734735388323,0.09129473283559264,-0.1485338525977511,-0.002161595595794097
45,0.0546423778801568,0.34628912786917,-0.1602989435650386,-0.002160135250676376
46,-0.060883447116168554,0.4837395867819225,-0.4537001096430373,-0.002158539579511398
47,0.046180780309100555,0.3587517112690932,-0.030375330947691737,0.006609110617318947
48,-0.014777628715933133,-0.25926642947857204,-0.014081534401313434,-0.002162227165342756
49,-0.1176113852219487,0.07101405095968971,0.6531946561985222,-0.002160766820225035
50,-0.10721999761045709,0.13293603877642113,-0.3222157379156556,-0.0021591711491169008
51,-0.04789146712676029,0.23414865894116588,-0.28063160741628224,0.006608479047770288
52,-0.05942146338514931,0.3163295990162567,-0.2498258639764117,-0.0021628587348914152
53,-0.06289594507285301,0.4112302419814853,-0.182772771179728,-0.0021613983898305378
54,0.008834796754342733,0.05790924537382125,0.42686881612641514,-0.00215980271866556
55,-0.09825096303666214,0.2476583981638214,-0.25107429497359135,0.006607847478221629
56,-0.19051609679280546,0.3704258355973309,0.17843675476673582,-0.0021634903044400744
57,-0.09531598480924686,-0.016404283891574778,0.41145708385218427,-0.002162029959379197
58,-0.03191769897296126,-0.7335290251303661,-0.011964120267407452,-0.002160434288214219
59,-0.16297910462196796,-0.19021827094729815,-0.04353043074321761,0.006607215908616126
60,-0.031929219913536144,-0.017169198015125176,0.5097127295616701,-0.002164121874045577
61,-0.006863912294875263,0.01036410113022157,-0.3983559380655777,-0.002162661528927856
62,-0.1343355239318953,0.1974000773877549,0.28041545682334856,-0.0021610658578197217
63,0.08382105311659416,-0.2994056140351802,0.2344974995102831,0.006606584339067467
64,0.007819809476018236,0.25526774919507034,-0.5961579445538945,-0.002164753443594236
65,-0.020956215642343068,-0.19716522217285615,0.42466422662100456,-0.0021632930984765153
66,0.04447629681044418,-0.32699569522381466,-0.013946849716703014,-0.002161697427368381
67,0.023877294792100656,0.2886459444671061,-0.5454145483973747,0.006605952769518808
68,0.0034658400126090783,0.15712339291806643,0.12787790804698318,-0.0021653850131428953
69,-0.14500504813048565,-0.06363644191495155,-0.08742007690150899,-0.002163924668082018
70,-0.1314411751147304,0.12100017985679301,0.10917719055197495,-0.00216232899691704
71,-0.13767371023624264,-0.23424291568980493,-0.14968888102681888,0.006605321199970149
72,-0.017630214465668814,0.013703919012073129,-0.4837788908539551,-0.002166016582748398
73,0.0395698137118643,0.45405095145321184,0.4354163464810199,-0.002164556237630677
74,-0.11582429868457211,-0.6006846928230232,0.3260000268894885,-0.0021629605664656992
75,-0.17708817707023172,0.15421708880893448,-0.03904148312706468,0.006604689630364646
76,-0.1563614405959015,0.17817650342533398,0.0819459290863307,-0.002166648152297057
77,-0.014113658357302938,0.1282883263821475,0.08450601800740287,-0.0021651878071793362
78,0.0503469668912544,-0.06842858768010274,0.752393087855026,-0.002163592136071202
79,-0.08055161830282032,0.04765808310793318,-0.0552786326742023,0.006604058060815987
80,-0.0909192445978988,0.09161241444908796,-0.24471230855142778,-0.0021672797218457163
81,-0.020482136690702646,-0.04114491889484384,0.6259342159065682,-0.002165819376784839
82,-0.004270590637815985,-0.3691933071703488,-0.15999504793873598,-0.002164223705619861
83,0.1980059791706026,0.17290904306616994,-0.5759586352426851,0.006603426491267328
84,0.047626609283554444,0.25428195636479245,-0.2634554092485786,-0.0021679112913943754
85,0.1785018891454797,0.2582392216419862,0.24565647239357702,-0.002166450946333498
86,0.051840104259497366,-0.4777230353986397,0.4410709669264463,-0.00216485527516852
87,-0.06236380307603895,-0.09601049098162662,-0.5036748103331519,0.006602794921718669
88,-0.06269415847077653,0.14828303149690214,-0.32582659345113996,-0.002168542860999878
89,-0.03839680090618458,0.43485421631010013,0.06345027697084049,-0.002167082515882157
90,-0.008650522628499857,-0.3054999814496284,0.31027509144250587,-0.0021654868447171793
91,0.10391774101833562,-0.2211755116591405,-1.0607257825032974,0.006602163352113166
92,0.10556024239082262,0.6274685035777452,-0.4814893177905475,-0.002169174430548537
93,-0.06680664060780828,0.5461639504264895,-0.38356023731031996,-0.0021677140854308163
94,0.04995256091160627,0.1954323370854354,0.24336272932677616,-0.002166118414322682
95,0.1939151714603895,-0.36691799792762936,0.260150367160648,0.006601531782564507
96,0.20439883632707279,0.4711517022533087,-0.7645758803172242,-0.0021698060000971964
97,-0.07260439226337212,0.056541665808680364,-0.030682585090872294,-0.002168345655036319
98,0.1353945115798183,0.19551387251985375,0.24195159279531708,-0.002166749983871341
99,0.12876265851446078,0.19299974645772977,-0.359472583595533,0.006600900213015848
100,0.11619487195724787,0.6484947715394753,-0.15770927851161787,-0.002170437569702699
101,0.050726254229289225,-0.18992037261537575,0.32170499608277225,-0.002168977224584978
102,-0.018027584758783632,0.08844027748807548,-0.5499298848471881,-0.0021673815534200003
103,0.12038822508333169,0.43778550133316685,0.48253288095941116,0.006600268643467189
104,0.15668958206504158,0.005596578028161048,-0.38567389938731367,-0.002171069139251358
105,0.15787744103806745,0.31956595221868156,-0.3881015090838247,-0.0021696087941336373
106,0.09314486199849625,0.14029274212893483,0.21035183505590282,-0.0021680131229686594
107,-0.12270634970474248,0.10155801273683096,-0.5510303751516119,0.006599637073861686
108,0.16168923693686565,0.36868913490567934,-0.5564341627925415,-0.0021717007088000173
109,0.11771573653965106,0.586068429490922,-0.09254504973245048,-0.0021702403636822964
110,0.07489096953736407,-0.06713867716607069,-0.09849731952758134,-0.002168644692574162
111,0.021712020875611415,0.22746050032668563,-0.6884692885359698,0.006599005504313027
112,0.08252646170518574,0.46294822671040947,0.07568820542198296,-0.0021723322783486765
113,-0.01306482150505417,-0.1104895562354784,0.26816557904450633,-0.002170871933287799
114,0.10304592678079416,-0.010032178479576714,-0.6947847233415843,-0.002169276262122821
115,0.12538057921921109,0.5173561330231564,0.16403449319690822,0.006598373934764368
116,-0.01654810515299232,0.12621402869291387,-0.2925233158601088,-0.002172963847954179
117,-0.09790095252736819,0.5301709273302606,-0.5318587729626074,-0.002171503502836458
118,-0.01768733066552386,0.04542387112655888,0.16126014327146265,-0.0021699078316714804
119,-0.04312644370469343,0.6830256572426947,-1.2061677369828772,0.0065977423652157086
120,-0.09815560348692998,0.16595513810540297,0.19674018282128714,-0.0021735954175028382
121,-0.009683317943540715,0.09017295357435273,-0.3504990850475451,-0.0021721350723851174
122,-0.05870865199551645,0.3466027964393845,0.1658505131970145,-0.0021705394012201396
123,-0.11014275110193239,0.09347879922225388,-0.34750620921110453,0.006597110795610206
124,0.06643177392942334,-0.05345185818791265,-0.026058836320714818,-0.0021742269870514974
125,0.006559689448636163,0.2857464747486631,-0.7382244967756719,-0.0021727666419337766
126,-0.1494047596708583,0.3346597573196277,0.5992140265688448,-0.002171170970825642
127,-0.13172397348853337,-0.45710438976479395,1.0072384306204043,0.006596479226061547
128,-0.17753584355222074,0.02248721499145745,-0.1781205874870011,-0.0021748585566001566
129,-0.12754011533337462,-0.17313521909170504,0.561846234805131,-0.002173398211539279
130,-0.19078076396840515,-0.3326531894798279,0.6043467802064981,-0.0021718025403743013
131,-0.06441460799089782,0.2632171286130074,0.37244082210717977,0.006595847656512888
132,-0.1182049383589856,-0.5541178501933928,0.5047784805763627,-0.002175490126205659
133,-0.11622884188795979,-0.3593985881381627,-0.011184567236270482,-0.0021740297810879383
134,-0.05842130705735826,-0.06721623828647694,0.5320311821949559,-0.0021724341099229605
135,0.049738848961169424,-0.08468220698267714,0.2180720128253597,0.006595216086907385
136,-0.16288539648189726,-0.28831677807076517,-0.08279442658361802,-0.0021761216957543184
137,0.008136476697529815,0.07744411099622539,0.19836461873283895,-0.0021746613506365975
138,-0.022649947878448984,0.22013025432090672,-0.045624713974504516,-0.0021730656794716197
139,0.09055539824618108,-0.045238079428315814,0.51082244533211,0.006594584517358726
140,0.11357143749546594,-0.18611512151420584,0.42966571202397574,-0.0021767532653029775
141,0.0788173352711965,-0.4803775525937226,0.6032045160685016,-0.0021752929201852567
142,-0.12208788685893524,-0.11633818221201864,0.5711206475634185,-0.0021736972490771223
143,-0.012884714634481043,-0.4030928481857359,0.5251193220900063,0.006593952947810067
144,0.11099120014625896,-0.30449923228007947,0.21082311207912596,-0.0021773848348516367
145,0.11975900372630122,-0.2955812228616139,0.32835094958502964,-0.0021759244897907593
146,-0.007269697113201801,-0.7405791972996951,0.7908844536160018,-0.0021743288186257814
147,0.053647279522294866,-0.13659081136441387,-0.5802625786378286,0.0065933213782614075
148,0.1172043148397961,-0.028621578181230234,0.46179249118036125,-0.0021780164044571393
149,-0.13393800588715976,-0.9920004840610375,0.8769988267084159,-0.0021765560593394184
150,,-0.5778557061400136,-0.344292462321917,-0.0021749603881744406
151,,0.10269066994911213,-0.39262070799969706,0.006592689808655905
152,,-0.09084552908305454,0.06341275719303496,-0.0021786479740057985
153,,-0.047229551171284356,-0.5448736543873594,-0.0021771876288880776
154,,0.18496010244919603,0.7031398103324022,-0.002175591957779943
155,,-0.6406542253350267,0.3421288275861514,0.006592058239107246
156,,-0.27077720109190295,0.21345902218148183,-0.0021792795435544576
157,,-0.2305754834350182,0.6312107205368847,-0.0021778191984367368
158,,-0.4413824895405867,0.30635077852660686,-0.0021762235273286024
159,,-0.11720464338102943,-0.07545471181906294,0.006591426669558587
160,,0.08544153571889979,-0.3421257045811643,-0.002179911113103117
161,,0.32527241512707405,0.3017574780800203,-0.0021784507680422394
162,,-0.3255135614945459,0.5533696436611706,-0.0021768550968772615
163,,-0.3040144423517859,-0.15407553242481242,0.006590795100009927
164,,-0.14397054294457234,0.007909000454219495,-0.0021805426827086194
165,,-0.34132230389261053,0.3277087730640602,-0.0021790823375908985
166,,0.09899129858595757,-0.6652760954742689,-0.0021774866664259207
167,,-0.08682478327551735,-0.046670348418118124,0.006590163530404425
168,,0.30239912632077903,-0.35557264231626107,-0.0021811742522572786
169,,0.15376269599585157,0.28208241800797396,-0.0021797139071395577
170,,0.502202295979032,-0.309959264121062,-0.0021781182360314233
171,,0.40646363718369116,-0.49116487143970744,0.006589531960855766
172,,0.14249507114939775,-0.13548782695670525,-0.0021818058218059377
173,,-0.2759164439145536,0.23020498489583474,-0.0021803454767450603
174,,0.1761243849551022,-0.3715862416983384,-0.0021787498055800825
175,,0.3284500277128757,-0.07782137875611284,0.0065889003913071065
176,,-0.20572092436395906,0.5198600399775444,-0.002182437391354597
177,,-0.6844965408157009,0.127498465564841,-0.0021809770462937195
178,,-0.09812963294103838,0.149076433095658,-0.0021793813751287416
179,,-0.12670786340819973,0.5302211030095378,0.006588268821758447
180,,-0.3014719875771732,0.17929460235349381,-0.0021830689609600995
181,,-0.08909088623471462,-0.04427713555560331,-0.0021816086158423786
182,,-0.7710660896930221,0.43427915822721275,-0.002180012944677401
183,,-0.33169297685998345,-0.43515138270376497,0.006587637252152945
184,,0.4481808727132659,-0.01649555113739609,-0.0021837005305087587
185,,-0.23635358936263628,0.2767208699033006,-0.002182240185391038
186,,0.153201084926053,-0.5623644081509696,-0.0021806445142829034
187,,0.45012027243973307,-0.13142419388172755,0.0065870056826042855
188,,-0.3920337385098094,0.3637903179961057,-0.002184332100057418
189,,-0.05946073191665846,-0.28625351351138306,-0.0021828717549965404
190,,0.029229103459840644,0.525260853721008,-0.0021812760838315626
191,,-0.4029831613464694,-0.013015910952304921,0.006586374113055626
192,,0.16765570023790133,-0.3910630043887977,-0.002184963669606077
193,,-0.026186422289868005,1.0123314966692476,-0.0021835033245451996
194,,-0.3918928851855128,-0.18492600861914354,-0.0021819076533802217
195,,-0.25550362627822665,-0.08448684370030435,0.006585742543506967
196,,-0.03179885179835651,-0.17555937718532277,-0.0021855952392115796
197,,-0.15933626982072724,-0.37356761866239196,-0.0021841348940938587
198,,0.5613787454086605,-0.35388242280380666,-0.002182539222928881
199,,0.005668325189134293,0.16622301509649162,0.006585110973901465
200,,-0.2928656123584119,-0.2868596937597374,-0.0021862268087602388
201,,0.528211173248792,-0.6592045227585004,-0.002184766463642518
202,,0.7755807424403827,-0.29837182762408077,-0.0021831707925343835
203,,-0.09428682242563013,-0.25081964991804284,0.006584479404352805
204,,0.10866100966111958,-0.7844256823292284,-0.002186858378308898
205,,0.4965867011441105,-0.8199439949981695,-0.0021853980332480205
206,,0.422608674601463,-0.11250822592946008,-0.0021838023620830427
207,,0.24228314523017502,0.03703748387191297,0.006583847834804146
208,,0.09206769721592423,0.34088870695931917,-0.0021874899479144005
209,,-0.22705891903967768,-0.002218266852793249,-0.0021860296027966797
210,,0.11363782749504026,-0.7442624252747834,-0.002184433931631702
211,,0.651481822539921,-0.38154374178566286,0.006583216265255487
212,,-0.14074750712393325,-0.015064242217221135,-0.0021881215174630597
213,,0.2239425543639868,-0.41680611251921107,-0.002186661172345339
214,,0.5673220447706058,-0.7731708506927362,-0.002185065501180361
215,,0.7027365937993295,-0.8132350511510964,0.0065825846956499845
216,,0.566010006947181,-0.24005481342327073,-0.002188753087011719
217,,0.2003953718825926,-0.19969651340150563,-0.002187292741893998
218,,0.08223997624654089,-0.3429443204111635,-0.0021856970707858636
219,,0.49566039275339335,-0.43267572416228006,0.006581953126101325
220,,0.3423961302254668,-0.4950676943901726,-0.002189384656560378
221,,0.4377594409082235,-0.39316694354025117,-0.0021879243114995006
222,,0.7630668653327177,-0.17985572717986997,-0.002186328640334523
223,,-0.04428683974171577,-0.0831818455556288,0.006581321556552666
224,,0.4880104032646386,-0.9708862884823901,-0.0021900162261658807
225,,0.4018914608704165,0.3034296082477397,-0.00218855588104816
226,,0.32579663341738296,-0.6773024773719101,-0.002186960209883182
227,,0.5978880686472223,-0.5309858517490795,0.0065806899869471636
228,,0.14209992400927263,-0.546137201809799,-0.00219064779571454
229,,0.3803616369779377,-0.2818896106936535,-0.002189187450596819
230,,0.2932124982851292,-0.17163855216652735,-0.002187591779431841
231,,0.48285214573371604,-0.6641213653820586,0.006580058417398504
232,,1.037364276090102,-0.9032302034669328,-0.002191279365263199
233,,0.5689408433928804,0.007274973687785291,-0.002189819020145478
234,,0.2548324365075132,-0.3122180997538635,-0.0021882233490373437
235,,0.4659826858325573,0.37439131846340956,0.006579426847849845
236,,0.1951591620829447,-0.8651030249246361,-0.002191910934811858
237,,0.2780287266865571,0.043214016212516526,-0.0021904505897509807
238,,0.3952267652425405,-0.3253746128258541,-0.002188854918586003
239,,0.329097430200477,0.1379773715857624,0.006578795278301186
240,,0.27576331736293014,-0.03731955784398622,-0.0021925425044173608
241,,0.39882274502807036,0.5105311776585353,-0.00219108215929964
242,,-0.48177557319843345,0.5191456048722358,-0.002189486488134662
243,,-0.14385911918631678,-0.43773576486624677,0.0065781637086956835
244,,0.14258120880114689,0.27597168766334335,-0.00219317407396602
245,,-0.0835087900753706,-0.17503005065283617,-0.002191713728848299
246,,0.04002171583169911,0.4763418635315162,-0.0021901180577401647
247,,-0.22408624846349312,-0.023458240779461903,0.006577532139147024
248,,0.15491990645986675,-0.36316922717652744,-0.002193805643514679
249,,0.2743257639423007,-0.4383361704895634,-0.0021923452983969582
250,,0.3459992666808773,-0.02537512243901574,-0.002190749627288824
251,,-0.017227376808989447,-0.10793170586082113,0.006576900569598365
252,,0.17762197997527096,-0.047819149302952724,-0.0021944372130633383
253,,0.4235465834381955,0.30817257811177967,-0.002192976868002461
254,,-0.31800435008531736,0.3938360699409458,-0.002191381196837483
255,,0.3599463232556275,-0.6263621269633006,0.006576269000049706
256,,-0.20019668044639616,0.6473430213844438,-0.002195068782668841
257,,-0.2925629139720627,0.03017987134762734,-0.00219360843755112
258,,0.23741654765063913,-0.558674165041964,-0.002192012766386142
259,,0.04101629288993536,0.26679725494653894,0.006575637430444203
260,,-0.2758180490131963,-0.6621364552284348,-0.0021957003522175
261,,0.29356374906225824,-0.2908346713547161,-0.002194240007099779
262,,0.014242308357495403,-0.1427423189896615,-0.0021926443359916448
263,,0.5377647576855509,-0.833761961338439,0.006575005860895544
264,,0.35935636724912,0.07633071118934254,-0.002196331921766159
265,,-0.06404826936457653,0.04153796086445993,-0.0021948715766484383
266,,0.08450303359700229,-0.2694477104881656,-0.002193275905540304
267,,0.013253752442153655,0.6426666000603092,0.006574374291346885
268,,-0.2205504847365205,0.4106595262012007,-0.0021969634913148184
269,,0.2835807749447383,-0.46242937579334864,-0.002195503146253941
270,,0.2809441658587559,0.056163919239907045,-0.002193907475088963
271,,-0.16106073279865996,-0.03792639895408456,0.006573742721798226
272,,0.09044490899412949,-0.6278317159711122,-0.002197595060920321
273,,-0.10625504874315084,0.9283156887683504,-0.0021961347158026
274,,-0.452789760599984,0.4122160868030136,-0.0021945390446376223
275,,-0.20934891171108916,0.04687108526492523,0.006573111152192723
276,,0.2502826651877683,0.12821494702639313,-0.00219822663046898
277,,-0.17561634181222985,0.27931793327573473,-0.0021967662853512593
278,,0.028888980596661895,0.3027523275008406,-0.002195170614243125
279,,0.03226925972984418,0.41153111629773775,0.006572479582644064
280,,-0.3075809172876518,0.5893834675219409,-0.0021988582000176393
281,,0.1202215412684211,-0.04918740624461293,-0.002197397854956762
282,,-0.14026888977474528,0.3071549081102347,-0.002195802183791784
283,,0.1661476868814873,-0.6874710942363436,0.006571848013095405
284,,0.4555584505712318,0.2504362674818452,-0.0021994897695662985
285,,-0.45503216084634346,0.2599208591306166,-0.002198029424505421
286,,-0.4274006587495762,-0.012259241514286146,-0.0021964337533404432
287,,-0.17985527646894184,0.24460912797314904,0.006571216443546746
288,,-0.031684271108986195,-0.2384308971685698,-0.002200121339171801
289,,0.38200312288699934,0.39089113748312343,-0.0021986609940540802
290,,-0.6117462693300411,0.2694503366813592,-0.0021970653228891024
291,,0.30564664327317814,-0.6336252857344391,0.006570584873941243
292,,0.07621065342456745,0.24881281033050584,-0.0022007529087204603
293,,-0.38431186484163504,0.3173626444318245,-0.0021992925636027394
294,,-0.4428165144119873,-0.36384630092956627,-0.002197696892494605
295,,0.5372367743683242,-0.4107606750047097,0.006569953304392584
296,,0.23249650839622404,0.0015993960183777745,-0.0022013844782691194
297,,-0.0635105607522064,-0.20227272156836307,-0.002199924133208242
298,,0.4204133167218913,0.3074223317036626,-0.002198328462043264
299,,-0.31100894685539515,-0.19138049697002657,0.006569321734843925
300,,-0.14281917448485615,0.10791023665795763,-0.002202016047874622
301,,0.22744289651711824,0.06421121735667157,-0.002200555702756901
302,,-0.24564364353543056,-0.042542486549109526,-0.0021989600315919233
303,,0.31280066010751284,-0.5617149706115185,0.006568690165295266
304,,0.26840221617527504,0.6559394819319948,-0.002202647617423281
305,,-0.4980372825665995,0.1295788915162177,-0.0022011872723055603
306,,-0.44044869999291336,-0.13522429572383032,-0.0021995916011405825
307,,0.22817002858269575,0.22155200265153496,0.006568058595689763
308,,0.14986450190488654,0.47893308135896007,-0.0022032791869719404
309,,-0.202036791543037,0.77575830346197,-0.0022018188418542195
310,,-0.22993825368178022,0.01840685431183431,-0.002200223170746085
311,,-0.2955122968423325,0.04065687085562786,0.006567427026141104
312,,-0.3220525964549097,0.8285127640946826,-0.0022039107565205995
313,,-0.7078027540856908,0.7909031003807598,-0.002202450411459722
314,,-0.18434337026374692,-0.1704234528713755,-0.0022008547402947443
315,,0.04319698202638733,0.3447525009507899,0.006566795456592445
316,,-0.5695911550897108,0.7776899184682975,-0.002204542326126102
317,,-0.5289244854694743,-0.08323869771871273,-0.0022030819810083813
318,,-0.2802722774777635,0.4206259226870941,-0.0022014863098434034
319,,-0.5165296631132605,0.9307838752086326,0.006566163886986942
320,,-0.400040052845668,0.5608938192481929,-0.0022051738956747613
321,,-0.4907838162546341,0.33888675041644944,-0.0022037135505570404
322,,-0.08813300219068765,0.13762701331496885,-0.0022021178793920626
323,,-0.21289100971009134,0.4794977859654921,0.006565532317438283
324,,-0.5485382192541408,0.5552671462642849,-0.0022058054652234205
325,,-0.49400102677026325,0.3868973599205532,-0.0022043451201056996
326,,0.21027364160892148,-0.3274229151130754,-0.002202749448997565
327,,-0.20238961223995489,0.24458123538272503,0.006564900747889624
328,,0.15750517765738437,-0.377926137530622,-0.0022064370347720796
329,,0.04122539232238864,0.5308397162927321,-0.002204976689711202
330,,-0.2605476153363213,-0.18545379564704945,-0.0022033810185462244
331,,0.21414498228139678,-0.15988663107600587,0.006564269178340965
332,,-0.3499180815304612,0.1907907798480437,-0.0022070686043775822
333,,0.003471069087424894,-0.2707131323351888,-0.0022056082592598614
334,,-0.4668150155797548,0.22036743669860925,-0.0022040125880948835
335,,-0.07364313580814041,0.3707002638662118,0.006563637608735462
336,,-0.3297911585020188,0.6890602828359249,-0.0022077001739262414
337,,-0.6220394615390319,0.567676841951851,-0.0022062398288085205
338,,-0.23048563269662736,-0.0038410213096540247,-0.0022046441576435427
339,,-0.6504749077965641,1.178484680929813,0.006563006039186803
340,,-0.3603401257099108,-0.14685589156064793,-0.0022083317434749006
341,,0.2951524144455959,0.2170774172120673,-0.0022068713983571797
342,,0.08711615891581914,0.902243462232974,-0.0022052757272490453
343,,-0.658493568624948,0.7613471566303645,0.006562374469638144
344,,-0.40746487654806174,0.06428593053455245,-0.0022089633130235597
345,,-0.2389286659923755,0.3912244492579191,-0.0022075029679626823
346,,-0.7963450026587395,0.2757338416595303,-0.0022059072967977045
347,,-0.4068129282410382,0.13352463005936954,0.0065617429000894845
348,,-0.18445131323895225,0.36702900347967216,-0.0022095948826290623
349,,-0.5521403137784375,0.5536586098247938,-0.0022081345375113415
350,,-0.40272064713056466,0.37779831304138156,-0.0022065388663463636
351,,-0.3768345481172446,0.30194295805867455,0.006561111330483982
352,,-0.2810550626395525,-0.18059436941960882,-0.0022102264521777215
353,,0.26091877906051764,0.3139148112253878,-0.0022087661070600006
354,,-0.7106554224770605,0.6844439476177087,-0.0022071704359518662
355,,-0.32820873753016144,-0.34322599703469336,0.006560479760935323
356,,0.043106281485279396,0.45401059053723714,-0.0022108580217263807
357,,-0.37963878271031604,0.28375708610326456,-0.00220939767660866
358,,-0.29763574823022054,-0.38382571342928884,-0.0022078020055005254
359,,0.052624476073987125,-0.3759354431693396,0.0065598481913866635
360,,-0.05237240953482569,-0.13979217231437246,-0.00221148959127504
361,,-0.22436536295046494,0.41141448525524993,-0.0022100292462141624
362,,-0.024032631345193067,-0.24780978135818543,-0.0022084335750491846
363,,0.5079828618377178,0.06708076622847159,0.006559216621838004
364,,-0.39382549782618526,0.5137785989938806,-0.0022121211608805424
365,,-0.2925986900660007,-0.08109426354023697,-0.0022106608157628216
366,,-0.1440802126446954,0.5926472848043147,-0.0022090651445978438
367,,0.05575407816780853,-0.9099371943188714,0.006558585052232502
368,,0.3327525767213899,0.00974144627029716,-0.0022127527304292016
369,,-0.2158378536419434,0.20011668582566244,-0.0022112923853114808
370,,-0.3770841899974471,-0.06417899275018613,-0.0022096967142033463
371,,-0.48247398676954845,0.6727699329163812,0.006557953482683843
372,,-0.14576602835535368,-0.3335591351151237,-0.002213384299977861
373,,0.29634253773397745,-0.19792407083598107,-0.0022119239549169833
374,,-0.6156271220820884,0.5667028690446898,-0.0022103282837520055
375,,-0.5687229815297883,0.1313987284658822,0.006557321913135183
376,,0.2666709582031501,-0.3023739717925906,-0.00221401586952652
377,,0.05900395645457479,0.4085484134751738,-0.0022125555244656425
378,,-0.5480842944963626,0.16511117448199286,-0.0022109598533006647
379,,-0.03953584491455331,0.09968294111060061,0.006556690343586524
380,,-0.3669136919850189,-0.1433102713637311,-0.0022146474391320226
381,,0.4920021088368287,-0.5380838170961795,-0.0022131870940143017
382,,0.17344344703687398,0.41441441826731307,-0.002211591422849324
383,,0.23317783828429128,0.040010214852244985,0.006556058773981022
384,,-0.3276690325033087,0.3069619496945819,-0.0022152790086806817
385,,-0.4497990912791181,0.28343267276520123,-0.002213818663562961
386,,0.11903352631492226,-0.2666868877342097,-0.0022122229924548265
387,,0.16079535573837234,0.22555104006583804,0.0065554272044323625
388,,-0.3678958093914275,0.2126347809283402,-0.002215910578229341
389,,-0.08117243254969253,-0.20798085429451874,-0.0022144502331684635
390,,-0.003530496886895662,-0.09364657362844753,-0.0022128545620034856
391,,0.121881556805846,-0.30302726771020616,0.006554795634883703
392,,0.1987642834838539,0.09529408908969117,-0.0022165421478348435
393,,0.14909009580321708,0.1510783563655025,-0.0022150818027171226
394,,-0.04831363440851533,0.20873027757036766,-0.002213486131552145
395,,0.278740764975538,-0.008516804477906703,0.006554164065335044
396,,-0.7590473400343001,0.893503276494485,-0.0022171737173835027
397,,-0.11180442022279635,-0.35109318447246096,-0.002215713372265782
398,,0.04388569597443848,0.43098025587607935,-0.002214117701100804
399,,-0.4518059357381503,0.08031954712890865,0.0065535324957295416
400,,-0.21774830969053482,-0.0651551806982269,-0.002217805286932162
401,,0.29105016088806224,-0.5889122720403606,-0.002216344941814441
402,,0.1823892464774417,0.25423933953199196,-0.0022147492707063066
403,,-0.6783932067797878,0.21564307601924781,0.006552900926180882
404,,-0.43248871626749974,-0.5457019479748624,-0.002218436856480821
405,,0.35547862417726606,-0.15169889816375814,-0.0022169765114199436
406,,0.37095579108083143,0.25158959202538256,-0.0022153808402549657
407,,-0.4751456646798715,0.9718220601087921,0.006552269356632223
408,,-0.10013194495462585,-0.5368185302759514,-0.0022190684260863236
409,,0.10944113118117116,0.2344983559131748,-0.0022176080809686027
410,,-0.39599191682023616,1.1901784995179696,-0.002216012409803625
411,,-0.5897994321934732,0.19856895414795872,0.006551637787083564
412,,-0.22337679752516237,0.11058142748377975,-0.0022196999956349828
413,,0.06387737201822574,-0.23498609663241155,-0.002218239650517262
414,,-0.0015140368743402632,0.25377436927067265,-0.002216643979352284
415,,-0.08693489414289957,0.14834590736333553,0.0065510062174780614
416,,0.06484951943772899,-0.668461982515467,-0.002220331565183642
417,,0.4582398382336237,-0.3579893602198183,-0.002218871220065921
418,,-0.5740753406861643,0.36176469100301745,-0.0022172755489577867
419,,-0.14154704900670367,-0.2762164119481838,0.006550374647929402
420,,0.21690753392138618,-0.526524636318527,-0.002220963134732301
421,,0.10736293525670249,0.12887940677936172,-0.0022195027896714237
422,,-0.27898937999017903,-0.232941267391638,-0.002217907118506446
423,,-0.051282792903236896,-0.5927578287207496,0.006549743078380743
424,,0.4820491309022259,-0.2459054674191492,-0.0022215947043378037
425,,-0.14945159428967258,0.15929006153237424,-0.002220134359220083
426,,0.21093139332799637,-0.6975263053865319,-0.002218538688055105
427,,0.49608353935130367,0.35875634957761804,0.0065491115087752405
428,,-0.5966765140641712,0.3680371455488256,-0.002222226273886463
429,,-0.10857912211864118,-0.7016481673748842,-0.002220765928768742
430,,0.51793809277288,-0.5777708800885222,-0.002219170257603764
431,,0.5735878148738607,-0.530994640696818,0.006548479939226581
432,,0.21683964788965682,-0.28908581179770465,-0.002222857843435122
433,,-0.05054833418662952,-0.40778019335044746,-0.002221397498317401
434,,0.406740430335816,-0.4030694330412814,-0.0022198018272092668
435,,0.7687617375427749,-0.3564976551062813,0.006547848369677922
436,,0.36365913829621377,0.046606134878615535,-0.0022234894129837812
437,,-0.1672138186691825,-0.7311281934918696,-0.0022220290679229038
438,,0.3521369070722642,-1.1337819723076308,-0.002220433396757926
439,,1.0074701917841367,0.04603452257899221,0.006547216800129263
440,,-0.10194833299291872,-0.0698960465590801,-0.002224120982589284
441,,0.07605644945874701,-0.4181184530710311,-0.002222660637471563
442,,0.4847337229772677,-0.6533397267805157,-0.002221064966306585
443,,0.45418799631349316,0.47407645807666654,0.00654658523052376
444,,-0.05896394031037744,0.37898879301567945,-0.002224752552137943
445,,-0.2728602710447774,-0.030736539067220292,-0.002223292207020222
446,,0.3243129889754357,-0.24323450490268783,-0.0022216965359120877
447,,0.06277620773721537,0.16476962648478377,0.006545953660975101
448,,-0.10497679229138157,-0.35603258854675346,-0.002225384121686602
449,,0.315355939787878,-0.22782632800394254,-0.0022239237765688813
450,,0.03761029040103381,-0.024088881842587284,-0.002222328105460747
451,,0.25056440861126816,0.04434144240846649,0.006545322091426442
452,,0.20529596166272768,-0.05780179354877646,-0.0022260156912352613
453,,-0.3638375298076255,0.5795117503236469,-0.002224555346174384
454,,0.1132824099882157,0.013003434309709405,-0.002222959675009406
455,,-0.1693812364682401,0.1518025256750093,0.006544690521877783
456,,-0.03752863208265467,0.13545892572652463,-0.002226647260840764
457,,-0.3185203415661988,-0.03528181351786941,-0.002225186915723043
458,,0.05216844298013257,-0.03686121128741604,-0.0022235912445580652
459,,-0.13453377645944897,1.0188934274400054,0.00654405895227228
460,,-0.3183304085869736,-0.37719161600227835,-0.002227278830389423
461,,0.04242280423343914,-0.09040685486641564,-0.0022258184852717022
462,,-0.1531556795011113,0.05616270774956433,-0.002224222814163568
463,,0.1004165818864351,-0.37500385363394173,0.006543427382723621
464,,0.37194437691564985,0.03289975110074295,-0.0022279103999380823
465,,-0.032140421306081635,0.010289821680686373,-0.002226450054877205
466,,-0.18406228759499754,0.3811446638002991,-0.002224854383712227
467,,-0.15875556336624186,0.07073965923510173,0.006542795813174962
468,,0.31395708844161163,0.6611793024960804,-0.0022285419694867414
469,,-0.25787191816786503,0.046196717204566085,-0.002227081624425864
470,,-0.04301810547602258,-0.5150351210891699,-0.002225485953260886
471,,0.2944793366810927,-0.12795934587052216,0.006542164243626303
472,,-0.08694944848102182,0.3008868626882304,-0.002229173539092244
473,,0.052619002843101725,-0.2922613995423262,-0.002227713193974523
474,,0.1829111179760332,0.28636571560764423,-0.0022261175228095453
475,,0.13396902338382688,-0.6324923894318317,0.0065415326740208
476,,0.053405582941422836,-0.4091639075213749,-0.002229805108640903
477,,0.19948086809890242,-0.057120144903208825,-0.0022283447635231823
478,,0.2919303971292493,-0.01998171708842733,-0.002226749092415048
479,,-0.48231418829280415,0.5209136783634705,0.006540901104472141
480,,0.13925665491646555,-0.35923168586076315,-0.0022304366781895624
481,,0.035508408025577864,0.01736794981707135,-0.002228976333128685
482,,-0.011515482519797615,-0.329168981940569,-0.002227380661963707
483,,0.5800779599969417,-0.43895019595464646,0.006540269534923482
484,,0.1393707579753709,0.8087162765437625,-0.0022310682477382215
485,,-0.19159755571658366,-0.22568117993573367,-0.002229607902677344
486,,0.14975128572945096,-0.2564617262802358,-0.0022280122315123663
487,,0.3687095389729791,0.0022808548579575927,0.006539637965374823
488,,-0.011988916203563349,-0.5538713042359689,-0.002231699817343724
489,,0.5971906837366987,-0.7414896205222021,-0.0022302394722260033
490,,0.35401451156775465,0.1563818906434733,-0.0022286438010610254
491,,0.11857001922393806,-0.6607602905671115,0.00653900639576932
492,,0.18783178623698404,-0.3329303108907027,-0.0022323313868923833
493,,0.14185357862092474,-0.03243472722206775,-0.0022308710417746624
494,,0.3282736964501396,-0.18840922356453405,-0.002229275370666528
495,,0.10898492181354413,-0.2707016127137649,0.006538374826220661
496,,0.24831687255155543,-0.0796640039506542,-0.0022329629564410425
497,,0.3198643581737599,0.04234815900844069,-0.002231502611380165
498,,0.17828648255832036,-0.5500246356001384,-0.002229906940215187
499,,-0.1749093488270148,0.3456809007746102,0.006537743256672002
