,tas,rlut,rsut,rsdt
0,0.6818628489603498,-1.4955973827792093,0.5741940789920932,0.07119649193532496
1,0.817710392340814,-1.2413257742273345,0.3484267756826256,0.0013124556290335931
2,0.9377569665197711,-0.9802372370944283,0.47280504143488145,-0.017793567208855166
3,1.009701157726397,-0.8084539101322434,0.30017060298149545,-0.02637171847339914
4,0.8794374907680549,-1.2426223873991091,0.6665413167049508,-0.027134285422960147
5,0.8324791985158413,-1.4107876622307458,0.4530674802239645,-0.016848717728919382
6,0.7999095289500247,-1.4509754866427897,0.6778440467269604,0.05296497504923536
7,0.8191174878162997,-1.5125188056505579,0.5806699216575026,0.129625086942724
8,1.016900804913348,-0.7859769712287061,-0.11548347520793811,0.17374497714490644
9,1.163729799619034,-0.9878440575799345,-0.41416534604009314,0.19078852347718112
10,1.4202727300157676,-0.27160095469173484,0.6644950845072088,0.14826760005888673
11,1.1397094529230003,-0.6146318801637847,-0.24908673930598013,0.09862565824448666
12,0.8926230928114478,-1.4023594245143158,0.17321300890741043,0.05243627427478259
13,1.064163309056255,-1.3873868627709385,0.05130423508956028,0.030553819401632154
14,1.1953129010927341,-1.019405739752898,-0.31121184619712494,-0.001149275830073293
15,1.402007473178685,-0.5147930622327408,-0.6151857603456534,-0.0189886533383401
16,1.5597753403926617,-0.5151720967598976,-0.34365951251341187,-0.036290486788971066
17,1.5008806695098542,-0.08416125322617063,0.10624025799405956,-0.03210742400125355
18,0.9872073883979624,-1.348256234146021,-0.03670873233197369,0.009505985204839362
19,1.0197856014461877,-1.4764651682436067,-0.2536777972278088,0.08367980082067561
20,1.1296667960432956,-1.3066161796635072,-0.5010430039251474,0.0917654258499283
21,1.4451819799673444,-0.9016837414442875,-0.4449613987648178,0.12648684326802595
22,1.7862656825802787,-0.2452171407448418,-0.5853324641804534,0.09081514873616925
23,1.7712696005465318,-0.27785662756605234,-0.26283895247156863,0.08975536149517893
24,1.4200037262026513,-0.607589751985472,-0.6396217583292412,0.04451375449366424
25,1.3389516398377168,-1.180333531925129,-0.8240368699740657,-0.001450019312017048
26,1.7204860821181,-0.6098631747098295,-0.9660534139044756,-0.04015539336006668
27,1.7919854611233177,-0.16420524279089932,0.10417168808785959,-0.050795461179461654
28,1.4545663068600447,-0.6940103203567105,-0.8807108216039978,-0.045683840322340075
29,1.5277829492269461,-1.0428970211656576,-0.9173969067243775,-0.021426005385990265
30,1.7218888766336136,-0.8113869883926554,-1.1603488690527257,0.04773985298106709
31,2.0192948728974898,-0.11675124345271115,-0.49589757938259993,0.09525819827729265
32,1.9821679229399365,-0.15076387230760702,-0.517943655418037,0.14810819398184094
33,1.8348077907526203,-0.47780729992251736,-0.9573334694667892,0.15417263861223773
34,1.7809044138820695,-0.5549085381584007,-1.3216061348607582,0.10830603538232708
35,1.8829398566078908,-0.7858857234716652,-1.0432667645132483,0.04473030960497226
36,2.2258655796158564,-0.013199144189343315,-0.8494843334831046,0.011707605807373511
37,2.1387095228249677,-0.08532803070312411,-0.5281832495752781,-0.019551500341947303
38,1.851937851191451,-0.7253987228961307,-1.4989069160940574,-0.04118217087545872
39,1.9304353801409206,-0.9233145898044484,-1.1978951838781597,-0.03246951089710137
40,2.009583406508284,-0.5528507438189649,-1.2603705398645388,0.008124215748921415
41,2.1709219156101653,-0.5741518016195641,-1.3839474092384876,0.05636412342613539
42,2.483933311036992,0.24275540428402564,-0.9216773879691118,0.0597904867414627
43,2.17125426665217,-0.20700090067256838,-1.140589959819934,0.06736387889588968
44,2.0945501574737477,-0.6433155889025102,-1.6494170317409385,0.07357657978258203
45,2.1994460227494415,-0.39215100581171214,-1.6335690768484739,0.03262629537351813
46,2.4336484309281445,-0.3299323370308116,-1.6610537517406243,-0.0037053356547289695
47,2.5400947721348075,0.1871028916573323,-0.9273847291306652,-0.03207727155501061
48,2.262904302217521,-0.5320016337995241,-1.5566859789443015,-0.04244924994338817
49,2.213887036151391,-0.6513335199414882,-1.84042089794022,-0.04597945873894105
50,2.4538136530007932,-0.4346687631364716,-1.849862635775338,-0.033395164496710095
51,2.598224248957081,-0.2785153965999996,-1.978750341757248,0.020818916721623282
52,2.859190668434053,0.2385148948803817,-1.472578611613642,0.07019725223375417
53,2.5534354803282895,-0.39222511215763234,-1.5230469554764454,0.09805006897403246
54,2.543567489161603,-0.4505400665615298,-1.9377100299713845,0.08723887177541201
55,2.807939035700201,-0.33642169407022493,-2.2318080350991636,0.056580713550147266
56,3.0594678650294327,0.23633663920020354,-1.3177025908813533,0.012979681315925973
57,2.8229864366502397,-0.10300940853841212,-1.8560425259964575,-0.00745061679333503
58,2.8908992391431525,-0.2667428690462259,-2.723625351525257,-0.02374440686384105
59,3.1060916602713746,0.07654029745782509,-2.0400024377239845,-0.046580833065775096
60,3.136710521976113,0.2891144195759239,-1.8995455990274337,-0.05589569700316588
61,2.8564627930109054,-0.21959388040892236,-2.641395887004265,-0.0651021097663147
62,2.9372829817540946,-0.3827602242467947,-2.3882750428036417,-0.05276377077723282
63,3.1164260273020545,-0.07837749678003547,-2.391141814043138,-0.0185531497306215
64,3.3405597085018144,0.3075537720727368,-2.372588343014769,0.020301477284021985
65,3.392779731679582,0.5522874765177619,-2.1820759625213952,0.046085000785069496
66,3.129594750194542,0.16242596842079138,-2.6939073081400835,0.04736331257765869
67,3.0826229272987575,-0.39865459773892553,-2.387546366373826,0.04704382439655319
68,3.3029820241023344,-0.10689216700927773,-3.1887205562564276,0.01962709499991888
69,3.7470510290808647,0.6768727756266344,-2.768050801809821,0.005336807342871452
70,3.779564346664131,1.0375880556496782,-2.864970673217684,-0.03579676821624389
71,3.4073082061129867,0.38107995800999106,-2.6965340319952418,-0.05891814228266412
72,3.445783986208369,0.03561782974404082,-3.008447505400099,-0.06078361108251329
73,3.7794656081730977,0.4437814371261197,-3.2065593396599184,-0.05744762737822384
74,3.9107370280750047,0.9028280965289355,-2.615152162282456,-0.02524812792148623
75,3.5172311764087567,0.2994010874296862,-2.921093040307099,0.0288759797175544
76,3.6855567820277884,0.27515455458947713,-3.4671564111606585,0.06683511242192708
77,3.89441965020103,0.589236747055935,-3.367755503348164,0.1186915008285041
78,4.136426678166856,1.1548506250567527,-3.0433284511580325,0.09748086613717533
79,3.9989932040159033,0.92378524060112,-3.425411561068529,0.055184706296870445
80,3.917058961245175,0.5935950141175681,-3.380546056476774,0.02011671824232053
81,3.929795171158787,0.5533463001794132,-3.6980548713805774,-0.019388170361423818
82,4.120857776135324,0.7015450281218136,-4.076869916575831,-0.03308323529631707
83,4.543406549891586,1.800144318406467,-3.963133339797608,-0.04563772633252938
84,4.369395940458389,1.3894134103252611,-3.5659435420121355,-0.026702887477256354
85,4.179448267850262,1.018069625125662,-3.8857676405967396,0.03730300960722843
