,tas,rlut,rsut,rsdt
0,1.3226294460616828,-3.892743122344939,-3.6089221339244233,-0.007888853470205959
1,2.1872866385073166,-2.373123128342286,-2.816098623639448,-0.007888877180960208
2,2.6326443098627124,-1.7173888167394011,-3.188682575209981,0.02398691734208569
3,3.052352240757557,-1.1101206490327513,-3.3768307342297703,-0.007888924602411862
4,3.2756794353436476,-0.7103642958024068,-3.470464546992943,-0.007888948313109267
5,3.5104014755526123,-0.296185167930588,-3.9377518029750718,-0.007888972023863516
6,3.6307521645756538,-0.25044797140114383,-3.662843599806479,0.02398682249918238
7,3.717537607688371,0.04767643554964707,-4.504622566210159,-0.007889019445258327
8,3.9600299249467525,0.4371700198908286,-3.664409061343065,-0.007889043156012576
9,3.946257192440612,0.4924564927166841,-4.814107072221361,-0.007889066866709982
10,4.123008732280709,0.6166268927987346,-4.187933271803914,0.023986727656279072
11,4.324004478792858,0.8985814386492166,-4.591583968904345,-0.007889114288161636
12,4.508452696896825,1.2870010550698225,-4.432328812141648,-0.007889137998915885
13,4.518323311725851,1.176365127826159,-4.665517503035161,-0.00788916170961329
14,4.670881418203123,1.430916561059064,-4.731748250411286,0.023986632813375763
15,4.907367954670633,1.9299743801986722,-4.952695394340424,-0.007889209131064945
16,4.757929872073532,1.7677977751135643,-4.684117995363508,-0.007889232841819194
17,4.820774487598214,1.692677160169211,-5.032773433802205,-0.0078892565525166
18,4.99028067009408,1.8772898511523124,-4.640773611032003,0.023986537970472455
19,5.316965093192721,2.4392493934653032,-5.439093475986354,-0.007889303973968254
20,5.372526793210113,2.4314757224153425,-5.062364727379958,-0.007889327684665659
21,5.322427607900181,2.37581340791769,-4.970431577887965,-0.007889351395419908
22,5.3761224428773176,2.6225455058208524,-5.648499802497952,0.02398644312762599
23,5.441761490597685,2.6310756679020812,-5.279216395262068,-0.007889398816871562
24,5.420066645639679,2.631024699923671,-5.1538610003786545,-0.007889422527568968
25,5.306993559965861,2.456445792893419,-4.897816271932257,-0.007889446238323217
26,5.50760337048024,2.6179883933355654,-5.638307818928439,0.02398634828472268
27,5.628021042834575,2.967362960104424,-5.141839778572205,-0.007889493659774871
28,5.649368022844442,3.088676303448665,-6.236210758066733,-0.007889517370472277
29,5.870211421010424,3.5605844469321823,-5.817947543827287,-0.007889541081226525
30,5.934544733293876,3.4086402378761136,-5.9208163266752365,0.023986253441819372
31,5.704350091539709,3.3116182665403358,-5.3920966658353535,-0.00788958850267818
32,5.839106997036538,3.300541882853963,-6.1977797590526365,-0.007889612213375585
33,5.764414740638074,3.3394482755481647,-4.90949185065783,-0.00788963592407299
34,5.706213409039719,3.1458389600848875,-6.105264893562776,0.023986158598916063
35,5.712405130853881,3.089128912298378,-5.439531304195526,-0.007889683345524645
36,5.808445597325715,3.375924784538256,-5.732607606791731,-0.007889707056278894
37,5.7836678080986985,3.3757107356389326,-5.431819238543071,-0.0078897307669763
38,5.823225836119718,3.4450311822162973,-5.778259112746056,0.023986063756012754
39,5.846332220414126,3.44513942260852,-5.855551461170563,-0.007889778188427954
40,6.106030515438988,3.743981460837233,-6.194674253325601,-0.007889801899182203
41,6.139458275896288,4.0245507020170805,-5.723751766591789,-0.007889825609879608
42,5.924181097605697,3.4552983585212758,-6.0069619409214425,0.023985968913109446
43,6.111829535520258,3.693058719640078,-5.97262729642172,-0.007889873031331263
44,6.085150626590746,3.8266934724450437,-5.5906387596157145,-0.007889896742085512
45,5.986269803331197,3.6111678766973796,-5.973882507564582,-0.007889920452782917
46,6.103733130832097,3.639674029652639,-5.959432159113462,0.02398587407026298
47,6.212379675299928,4.112378740063605,-5.955616188346994,-0.007889967874234571
48,6.144377540904884,3.990070967919422,-6.039119711954015,-0.007889991584931977
49,6.150397506253,3.864713904451918,-6.391114776757334,-0.007890015295686226
50,6.131918059939949,3.755877725392736,-5.814734908843661,0.015137682723889156
51,6.138095195270125,3.8384491233537403,-5.726849291129469,-0.00789006271713788
52,6.001065141889569,3.536585076795518,-5.51898387561117,-0.007890086427835286
53,5.982423476110739,3.4795525230400983,-5.448169579962553,-0.007890110138589534
54,6.093676310614342,3.474223129757121,-6.226879712096675,0.023985684384456363
55,6.379979011740602,4.3755453822057575,-6.358467901992057,-0.007890157560041189
56,6.3187723477009285,4.061510925491234,-6.110921441150495,-0.007890181270738594
57,6.132376140237625,3.902679757651896,-5.942607015906717,-0.007890204981492843
58,6.245901937163865,3.9200245070952633,-5.760972924299907,0.023985589541553054
59,6.281325702114316,4.236158486760814,-6.373872878938471,-0.007890252402887654
60,6.339643682900203,4.10521152268862,-6.329957696357056,-0.007890276113641903
61,6.532943169197495,4.467631249474181,-6.338799881471488,-0.007890299824339309
62,6.394781219552499,4.25113861623359,-5.987010050364191,0.023985494698649745
63,6.3038276793029695,4.0581455344880055,-6.347501381676793,-0.007890347245790963
64,6.552417157841489,4.452565659256237,-6.751761017996543,-0.007890370956545212
65,6.489223506831308,4.551923653579792,-6.127020447800092,-0.007890394667242617
66,6.338222336224419,4.207751596054777,-6.209069301839392,0.023985399855746437
67,6.326886079731196,4.064814221168007,-6.498431829513592,-0.007890442088694272
68,6.419186261662048,4.296775565569163,-5.993826757364033,-0.00789046579944852
69,6.607621413226013,4.443572215380243,-6.77906386753061,-0.007890489510145926
70,6.688046612929668,4.865685536749396,-6.4173677104024165,0.023985305012843128
71,6.461522096811848,4.4213452443072185,-6.260520904377103,-0.00789053693159758
72,6.325284831584213,4.130411799940163,-6.007716264824694,-0.007890560642294986
73,6.418619768438077,4.157573272765973,-6.751352063320695,-0.007890584353049235
74,6.8781481393309605,5.125354660242607,-6.774666130472028,0.023985210169996662
75,6.646161291064914,4.711347947133987,-5.943502877591172,-0.00789063177450089
76,6.492792209966183,4.265693266211372,-6.221679474326706,-0.007890655485198295
77,6.558771607837798,4.386646711158306,-6.268452897903018,-0.007890679195952544
78,6.7438034513793355,4.850299240732284,-6.908332717772694,0.023985115327093354
79,6.658506265765482,4.81362118285611,-6.180026624771145,-0.007890726617404198
80,6.397294167088489,4.4319892872770765,-5.93751311873352,-0.007890750328101603
81,6.341777819026902,4.079778887109541,-6.51852621984348,-0.007890774038855852
82,6.6938019284240795,4.747268490765151,-6.784125728226371,0.023985020484190045
83,6.773751915364244,5.061398803076344,-6.519091880037905,-0.007890821460307507
84,6.6977550952081515,4.596762481194304,-6.734233165009172,-0.007890845171004912
85,6.668581604194003,4.848724795469195,-6.268459369949156,-0.007890868881702318
86,6.642007872970112,4.469718384315286,-6.409910838296113,0.023984925641286736
87,6.799007665027261,4.950455377371355,-6.828350658554811,-0.007890916303153972
88,6.763503406943244,4.854649488119918,-6.1820986237821245,-0.00789094001390822
89,6.561422836519625,4.420890600955403,-6.502689240376668,-0.007890963724605626
90,6.620311904014102,4.558857115636016,-6.4074491407046565,0.023984830798383427
91,6.731810788004736,4.795623493832551,-6.6553806589119375,-0.00789101114605728
92,6.918180777432383,4.928262077638607,-6.792945842240499,-0.00789103485681153
93,6.9519576924273565,4.982226679477748,-6.846617764351933,-0.007891058567508935
94,6.79193053426701,4.940594800620744,-6.698908033039672,0.02398473595548012
95,6.790899913363376,4.6902663317058,-6.8784098465818175,-0.00789110598896059
96,6.862478325308189,4.79764764814783,-6.5274653370258875,-0.007891129699714838
97,6.87803816918796,4.912933811617421,-6.8197207585754285,-0.007891153410412244
98,6.99472637259197,5.242340576932548,-6.866762395832325,0.023984641112633653
99,6.8604690258795245,5.160883349199679,-6.4835539776645845,-0.007891200831863898
100,6.629821828476111,4.626359933995758,-6.648410466744096,-0.007891224542561304
101,6.829002177492953,4.856540933055015,-7.117404157002198,-0.007891248253315553
102,6.944993170856378,5.111471208587886,-6.517924727348273,0.023984546269730345
103,6.811925830363862,5.076305313383898,-6.715423501546141,-0.007891295674767207
104,6.721810909688827,4.758333712847104,-6.538397457382445,-0.007891319385464612
105,6.885678992813041,5.009729236266963,-7.38249300528318,-0.007891343096218861
106,7.138792410473684,5.686479717567124,-6.663782065688167,0.023984451426827036
107,6.995224174204907,5.327210692727647,-7.131690558269682,-0.007891390517670516
108,6.798231260298962,4.89682282740867,-6.207622482621872,-0.007891414228367921
109,6.850944708764587,4.820506801304759,-7.176496213714998,-0.00789143793912217
110,6.949346901115689,5.066525386283871,-6.237248102471682,0.023984356583923727
111,7.013356368645304,5.433482483672435,-7.261547008922463,-0.007891485360630668
112,7.044697395637343,5.310118552495709,-7.030332448063575,-0.00789150907127123
113,6.785404476380336,4.967308026244552,-6.3299574466813056,-0.007891532781968635
114,7.027297245102375,5.2873535123625,-7.8112016909182955,0.02398426174102042
115,7.072040738947294,5.558036352354264,-6.50633907584637,-0.00789158020342029
116,6.988343037878394,5.044418356068888,-7.417031838537383,-0.007891603914174539
117,7.298877848983125,5.839670691012088,-7.269891031557918,-0.007891627624871944
118,7.09243362491253,5.667668502875159,-6.899128452912933,0.02398416689811711
119,6.8237911810600735,4.987589961845686,-6.570983433511714,-0.007891675046323599
120,6.93283138332481,5.023633722101948,-7.401480014160683,-0.007891698757077847
121,7.011467800406706,5.3685900783422085,-6.560146806810735,-0.007891722467775253
122,7.1372171147912695,5.4910689606169285,-7.344615065214626,0.0239840720552138
123,7.084752998788019,5.5233865063087535,-6.659218422531396,-0.007891769889226907
124,6.854440324206905,4.9808282308335095,-6.712178428072008,-0.007891793599924313
125,7.011859834048721,5.21563444058944,-6.814745154001386,-0.007891817310678562
126,7.141525624414896,5.191602063428945,-6.9804382697267755,0.023983977212367336
127,7.314835375163398,5.731494075894858,-7.024041997809562,-0.007891864732130216
128,6.985500015570381,5.094651659192664,-6.365294436161406,-0.007891888442827621
129,6.926768118092127,4.933008819090389,-6.80940645519334,-0.00789191215358187
130,7.031684050256786,5.323496755516317,-6.337861657611157,0.023983882369464027
131,6.964162136304367,5.148143097549166,-7.160464556225378,-0.007891959575033525
132,7.095321980852987,5.199202718585013,-7.060067460952681,-0.00789198328573093
133,7.3351733152615,5.783537118222256,-7.227068499676378,-0.007892006996485179
134,7.0924149758587305,5.490511468402445,-6.8450881654260485,0.023983787526560718
135,6.939362954326725,5.322783878621294,-7.217120603377239,-0.007892054417936833
136,7.254778153247173,5.718908681859631,-7.211232058042967,-0.007892078128634239
137,7.260246043065536,5.809559216851085,-7.175301611655968,-0.007892101839331644
138,7.144947012233615,5.317898805920237,-6.730908389054534,0.02398369268365741
139,7.007343898633451,5.315311513891288,-6.6069142881508895,-0.007892149260783299
140,6.968774003509623,4.957398799738911,-6.55094462040519,-0.007892172971537548
141,6.928496378157718,5.207807016798938,-6.989447968431634,-0.007892196682234953
142,6.879217229800815,4.953556498829528,-6.101781961745402,0.0239835978407541
143,7.1507145482322585,5.354627822039646,-7.408407973426151,-0.007892244103686608
144,7.280160809866686,5.781431695737666,-6.8671987385117035,-0.007892267814440856
145,7.15962354263246,5.539950230916361,-7.204372398034835,-0.007892291525138262
146,7.130434708990833,5.464939276053968,-6.733813211258152,0.023983502997850792
147,7.279416944807679,5.646467683069488,-7.309662451054777,-0.007892338946589916
148,7.174293311991164,5.4126594661210845,-7.071280042680087,-0.007892362657344165
149,7.1933814059513,5.580878786897472,-7.25613725080396,-0.00789238636804157
150,7.414754171589948,6.135388091983401,-7.2169766504121355,0.023983408155004327
151,7.407073717185824,6.068180114398388,-7.523358109187015,-0.007892433789493225
152,7.331253982592841,5.879981045031428,-6.808568735948455,-0.00789245750019063
153,7.123079344452094,5.413981256285638,-7.057524730726868,-0.00789248121094488
154,7.196825756077942,5.484886832335945,-7.099410882042562,0.023983313312101018
155,7.210579379894568,5.533280180840876,-7.178817365617547,-0.007892528632396534
156,7.3297835242614156,5.906466174749767,-7.328908927838938,-0.00789255234309394
157,7.288072241616135,5.72167871978769,-7.305102467264973,-0.007892576053848188
158,7.174732308173986,5.464278349261093,-7.075314055950386,0.02398321846919771
159,7.203497282409728,5.71731318553239,-6.795387925926249,-0.007892623475299843
160,7.080661665298521,5.318659462778214,-6.933960962723589,-0.007892647185997248
161,7.0157269237492415,5.113004213308955,-6.592335246477532,-0.007892670896751497
162,7.123067327066906,5.26951376060282,-7.3508637637617795,0.0239831236262944
163,7.514178254809281,6.27227982745103,-7.865877319510361,-0.007892718318146308
164,7.436062678633391,6.02667472714171,-6.79402149654473,-0.007892742028900557
165,7.2563560915147605,5.63684731505478,-7.179266737764692,-0.007892765739597962
166,7.28847946571409,5.646073421378844,-7.03485102326961,0.02398302878339109
167,7.41572034129274,6.1003502408406405,-7.342000153504046,-0.007892813161049617
168,7.226715591583115,5.827882105094233,-6.841088377186026,-0.007892836871803866
169,7.202301588609316,5.450139528530059,-7.152218210122598,-0.007892860582501271
170,7.289302967973242,5.632525505190586,-7.382261622954715,0.023982933940487783
171,7.350085964270249,5.9582689358816765,-7.325226727197034,-0.007892908003952925
172,7.287913439785257,5.747510060422513,-7.249380689086678,-0.007892931714707174
173,7.159932224562965,5.32879475068728,-6.927425349552976,-0.00789295542540458
174,7.4580748751805,6.059732255356863,-7.499168702612266,0.023982839097584474
175,7.437893552011133,6.05834829217585,-6.950853274302091,-0.007893002846856234
176,7.204060152231875,5.272446276733774,-7.282279094302567,-0.00789302655755364
177,7.52785472561726,6.394642288769319,-7.716638176122117,-0.007893050268307888
178,7.589805863485083,6.138823782821362,-7.633424254156282,0.02398274425473801
179,7.414091166105948,5.94662817320517,-7.283421337185999,-0.007893097689759543
180,7.252198985290704,5.607555883054744,-7.117081503759081,-0.007893121400456948
181,7.468307727527645,5.983261123940338,-7.680199243373806,-0.007893145111211197
182,7.626077533889259,6.463406838406144,-7.737248256294521,0.0239826494118347
183,7.563083237205092,6.367479423562344,-7.3122734459817025,-0.007893192532662852
184,7.438788545420209,5.892762978406154,-7.611564987802325,-0.007893216243360257
185,7.435001666135463,5.929551325763697,-7.176282287462158,-0.007893239954114506
186,7.3923431808239,5.83441530169253,-7.213735808470972,0.02398255456893139
187,7.42399112661019,6.161385324631254,-7.507435758016115,-0.00789328737556616
188,7.261668773358224,5.736622935888192,-6.7776391567101655,-0.007893311086263566
189,7.339820086362465,5.571140315579385,-7.518065551109956,-0.007893334796960971
190,7.627360078478944,6.41318372638321,-7.629368266446406,0.023982459726028083
191,7.48712270233807,6.012272058988913,-7.402542051482513,-0.007893382218412626
192,7.611088843039283,6.212475139397185,-8.038974447393954,-0.007893405929166875
193,7.613950782515133,6.207656280593113,-7.061816592375678,-0.00789342963986428
194,7.363577334206866,5.682081874127789,-7.547711035561093,0.023982364883124774
195,7.748608502702098,6.524955342268356,-8.28844528850891,-0.007893477061315934
196,7.642823516343128,6.325406451157335,-7.506168444199389,-0.007893500772070183
197,7.626188485838384,6.134676471246252,-7.686251323542706,-0.007893524482767589
198,7.668579626782673,6.4143558847026725,-7.71321835895904,0.023982270040221465
199,7.516582758224558,5.962017780955023,-7.540563309086224,-0.007893571904219243
200,7.64071361023781,6.299532822916063,-7.623191856104057,-0.007893595614973492
201,7.654510625029502,6.357293100790599,-7.2155661289886694,-0.007893619325670898
202,7.566175586644192,6.419817626410662,-7.884243714910454,0.023982175197375
203,7.644205250583298,6.025663622092338,-7.673939753351249,-0.007893666747122552
204,7.5377543957527,6.138925884863681,-7.273111942177934,-0.007893690457819957
205,7.590742753250822,6.038693400002671,-7.749396825313838,-0.007893714168574206
206,7.557566405678017,6.1261231374630825,-7.357674964990167,0.02398208035447169
207,7.583530941518802,6.178505655304974,-7.663305648567416,-0.00789376159002586
208,7.841267666953627,6.861581183941951,-7.9324515086671,-0.007893785300723266
209,7.6799689485206954,6.5444615254938014,-7.827109102566553,-0.007893809011477515
210,7.574501354797462,6.0374046730390205,-7.2987948745710725,0.023981985511568382
211,7.740452399122773,6.546347579824669,-8.036936471477745,-0.00789385643292917
212,7.704404426489305,6.483088687643573,-7.510412169742352,-0.007893880143626575
213,7.744588026255201,6.4460284255994225,-8.11334633985389,-0.007893903854380824
214,7.715398289353743,6.415299686311471,-7.4424797115501775,0.023981890668665073
215,7.729929172972447,6.354359876040235,-7.815247353115694,-0.007893951275775635
216,7.731902591070934,6.494294878336802,-7.477692890816016,-0.007893974986529884
217,7.465605009731348,6.031178582674812,-7.501965704040728,-0.007893998697227289
218,7.644421351225901,6.234871397028257,-7.799445585906838,0.023981795825761765
219,8.04556001293389,7.0355881062776575,-8.472917378154449,-0.007894046118678943
220,7.7503160488888625,6.431705593658222,-7.304336195833912,-0.007894069829433192
221,7.737862010197034,6.470504840389708,-7.691467047137877,-0.007894093540130598
222,7.887629633785309,7.01804026470748,-8.083374641055642,0.023981700982858456
223,7.683397532984543,6.404673141349576,-7.339130694677024,-0.007894140961582252
224,7.590577667960076,5.946652403331598,-7.5987459987381385,-0.007894164672336501
225,7.847705881248089,6.559945936169157,-7.910898003322302,-0.007894188383033907
226,7.88893916599784,6.724439079502929,-7.7869351539240625,0.023981606139955147
227,7.669006099294506,6.181396099152721,-7.638713018048961,-0.007894235804485561
228,7.484101992377077,6.038462917320544,-6.794451586370528,-0.007894259515182966
229,7.6518018291668,6.040742698017738,-7.5995319365173515,-0.007894283225937215
230,7.944090711209924,6.8945935175373165,-8.11657737318869,0.023981511297108682
231,7.8460542759160035,6.718422836453499,-7.593898724106282,-0.00789433064738887
232,7.756987822171652,6.356285193536564,-7.902956183561201,-0.007894354358086275
233,7.850701511433442,6.716643896871318,-7.869472494451514,-0.007894378068840524
234,7.859307820853758,6.554750405316213,-7.961513401687441,0.023981416454205373
235,7.951042925702097,6.767525212198649,-7.948552483693945,-0.007894425490292178
236,7.7394330115820935,6.484679385888683,-7.767910691791087,-0.007894449200989584
237,7.733596521584559,6.360731273017791,-7.740170264567354,-0.007894472911743833
238,7.956127283452929,6.785887344271089,-8.194668085798526,0.023981321611302064
239,7.9684710419907105,7.038914324419096,-7.907879069761179,-0.007894520333195487
240,7.848959834259858,6.67144262689493,-8.070461560318947,-0.007894544043892893
241,7.867049459951545,6.7083407539240625,-7.739360332548102,-0.007894567754590298
242,7.971518926961494,6.948635891512481,-8.095447050661903,0.023981226768398756
243,7.959834471046975,6.781239247721544,-8.090681720850085,-0.007894615176041953
244,7.763179591574897,6.490918997650283,-7.707997216043154,-0.007894638886796201
245,7.958070088815077,6.780024089041547,-8.183928785053695,-0.007894662597493607
246,8.021260355946595,7.143291025281002,-8.215708103874945,0.023981131925495447
247,7.96359255175139,6.870585488179387,-7.947715976946199,-0.007894710018945261
248,7.829331069780324,6.3933532658532215,-7.734625429491601,-0.00789473372969951
249,7.8445841492925865,6.442800095592531,-7.9210515337654215,-0.007894757440396916
250,7.883296416639496,6.702162614394325,-7.65623071107639,0.015132940579121623
251,8.037875417745738,7.085525734483184,-8.082350665137767,-0.00789480486184857
252,7.94011061813768,6.711486236097585,-7.62695209415206,-0.007894828572602819
253,7.9112283400675665,6.702967601702113,-8.254024560730542,-0.007894852283300224
254,7.934996807319919,7.042927699161282,-7.505482308676264,0.023980942239745673
255,7.818907601484,6.508414012277768,-8.107013504750071,-0.007894899704751879
256,8.079892985817537,7.262512682436125,-7.939587663590956,-0.007894923415449284
257,8.00145241833718,7.014392557445177,-7.881237771068669,-0.007894947126203533
258,7.745748077973815,6.797607282012478,-7.905408949267581,0.023980847396842364
259,7.7985778651399755,6.3404379570110905,-7.766165785280322,-0.007894994547655187
260,7.815298213086464,6.79691637118961,-7.802695210368242,-0.007895018258352593
261,7.997164393251694,6.8953414473304235,-8.346057897442549,-0.007895041969106842
262,7.91931424667564,6.739745674471237,-7.926519537646186,0.023980752553939055
263,7.744424368227612,6.421686462625701,-7.396963076144743,-0.007895089390558496
264,7.952629977438164,6.889207348912009,-8.15807658426725,-0.007895113101255902
265,8.000372823110467,6.9892450491297495,-7.694716018953642,-0.00789513681201015
266,7.851023439092444,6.5963013546211755,-7.579456349596256,0.023980657711035747
267,7.868456153983345,6.447237085574955,-8.199648849089911,-0.007895184233404962
268,8.19580339151139,7.103001890084215,-8.545704587019003,-0.00789520794415921
269,8.383909705719873,7.6055845890979015,-8.56618839209007,-0.007895231654856616
270,8.214838024215453,7.176342345643462,-7.868864664965557,0.023980562868132438
271,7.824173881252307,6.751882916679222,-7.51107305879934,-0.00789527907630827
272,7.967455976710653,6.749240797293368,-8.564072820801314,-0.00789530278706252
273,8.176003382796182,7.292649452468822,-8.123948548496557,-0.007895326497759925
274,8.074440599887623,7.20599856503722,-8.558523107741607,0.02398046802522913
275,7.998762842735857,7.095303170206876,-7.465031184825364,-0.007895373919211579
276,7.8904110354222325,6.6653800499783245,-8.360311692660247,-0.007895397629965828
277,7.865316532261261,6.865877980357141,-7.726891212561725,-0.007895421340663233
278,7.8094854302986505,6.417229371393148,-8.296807892624045,0.02398037318232582
279,8.305338824633338,7.458268720181422,-8.413643216432462,-0.007895468762114888
280,8.153087522991939,7.471180783292596,-7.753625099314206,-0.007895492472812293
281,7.880786172522448,6.551173869319371,-8.361544294909976,-0.007895516183566542
282,8.070243988483469,7.229255694299894,-8.138654058028308,0.023980278339479355
283,7.775014623258301,6.484031084957024,-7.303747971478472,-0.007895563605018197
284,7.793850633662089,6.464428967845436,-7.912753801879973,-0.007895587315715602
285,8.101210028055505,7.096805978382662,-8.43469346264726,-0.007895611026469851
286,8.062818322555245,6.910637474283334,-8.064002278949914,0.023980183496576046
287,8.351919743506699,7.552953791596337,-8.588125350501059,-0.007895658447921505
288,8.135592480687023,7.20013232918302,-8.03399104334774,-0.00789568215861891
289,8.048045049845086,6.7307835915796375,-8.143003019069795,-0.00789570586937316
290,8.21762693690573,7.029225710185244,-8.124347674911036,0.023980088653672738
291,8.187992093394485,7.3539549877744435,-8.043176862824481,-0.007895753290824814
292,8.090120942116926,6.990725651658636,-7.815153040173243,-0.00789577700152222
293,8.029236677477968,6.890750517771721,-8.307666920526557,-0.007895800712219625
294,8.292272710793497,7.5454818361253615,-8.576698949591574,0.02397999381076943
295,7.921225388808693,6.8350070521567545,-7.503592403869433,-0.00789584813367128
296,7.974012330291316,6.7338064493859235,-8.21844241318928,-0.007895871844425528
297,8.175774131978187,7.091271501045753,-8.187810591755436,-0.007895895555122934
298,8.194534358090891,7.167646590435254,-7.997402224190765,0.02397989896786612
299,8.376848469780668,7.521945455700433,-8.663773001367844,-0.007895942976574588
300,8.170400875732412,7.359774661496658,-7.988979276239078,-0.007895966687328837
301,8.197102980019963,7.059814159325157,-8.592174726985192,-0.007895990398026242
302,8.263076866497784,7.30938778744283,-8.218764574250727,0.02397980412496281
303,8.257868530097596,7.221401584522511,-8.558557104458018,-0.007896037819477897
304,8.242317500689694,7.113602203458129,-8.089705987888209,-0.007896061530232146
305,8.355378916433722,7.568117626679907,-8.537135581199067,-0.007896085240929551
306,8.264188034452502,7.560846139865276,-8.523237108276689,0.023979709282116346
307,8.150128674291864,7.031969288954542,-8.23652654456258,-0.007896132662381206
308,8.202781589260042,7.145960461989034,-8.351448228386104,-0.007896156373078611
309,8.178159815925483,6.957577701884674,-7.863642539530616,-0.00789618008383286
310,8.260318917096185,7.331139674686085,-8.405419382279518,0.023979614439213037
311,8.13572285971577,7.079781481828263,-7.562026130181664,-0.007896227505284514
312,8.134473119905522,6.945858803059508,-8.440835318687306,-0.00789625121598192
313,8.333638168328264,7.782344357515257,-8.254590980197051,-0.007896274926736169
314,8.122800234257,7.157768283509483,-7.972719930241524,0.02397951959630973
315,7.980846806885154,6.711371115439448,-7.742938259110616,-0.007896322348187823
316,8.202595030340206,7.547950103850155,-8.545126922412948,-0.007896346058885229
317,8.1191867864095,7.011954988892398,-7.947146861132623,-0.007896369769639477
318,8.08194114400959,6.888741753306277,-8.38204433811346,0.02397942475340642
319,8.23758582789884,7.305747238040993,-7.96404703411595,-0.007896417191034288
320,8.178114568931903,7.057110529881612,-8.222455786011196,-0.007896440901788537
321,8.174506447406145,7.122146323795789,-8.025704245372495,-0.007896464612485943
322,8.117180303020518,6.991916486030476,-7.962741936109566,0.02397932991050311
323,8.16248590145949,7.044781739347968,-8.578628872551008,-0.007896512033937597
324,8.289623863650547,7.431974214688751,-7.939792839189664,-0.007896535744691846
325,8.060932466760903,6.782640451601196,-7.728134297734911,-0.007896559455389252
326,8.153125535396384,7.057259427642919,-8.05281122386566,0.023979235067599802
327,8.183553050817636,7.524822877601082,-8.362780379690562,-0.007896606876840906
328,8.220374700401521,7.358446259472828,-8.515369659364325,-0.007896630587595155
329,8.322237419120711,7.467482882796361,-8.417392399012428,-0.00789665429829256
330,8.253759778642461,7.207348057771924,-8.183716470634167,0.023979140224696494
331,8.295708231264996,7.281438513861048,-8.427528141779845,-0.007896701719744215
332,8.404578036751161,7.694780623994262,-8.684737908196425,-0.00789672543044162
333,8.250298444896828,7.554170749565202,-7.8510674556891615,-0.007896749141195869
334,8.208292700860966,7.144960468265197,-8.587755750939266,0.023979045381850028
335,8.488505735663693,7.58085614036878,-8.678212588673546,-0.007896796562647523
336,8.585260146244138,7.985224410337224,-8.778040403771115,-0.007896820273344929
337,8.332831591820025,7.387148682151718,-8.261531699444475,-0.007896843984099178
338,8.18552511465333,7.026442255852999,-8.090451774195017,0.02397895053894672
339,8.422735158271962,7.634212582894804,-8.82169225342092,-0.007896891405550832
340,8.510409544237575,7.915478168319538,-8.456598791328616,-0.007896915116248238
341,8.306578686196303,7.355649911773639,-8.483428914892869,-0.007896938827002487
342,8.328697026263058,7.540075287557357,-8.580996256496505,0.02397885569604341
343,8.497377713639139,7.817397951402626,-8.524459901265757,-0.007896986248454141
344,8.502935316776131,7.848068151419767,-8.358420164324613,-0.007897009959151546
345,8.290819396127858,7.497612595604153,-8.451771480465652,-0.007897033669848952
346,8.261305820183736,7.14962377489752,-8.12449736681576,0.023978760853140102
347,8.305882322864477,7.313491879213359,-8.328039400298536,-0.007897081091300606
348,8.286313424369439,7.438387986229515,-8.471489125177783,-0.007897104802054855
349,8.46679619673273,7.642900315888738,-8.713154595956837,-0.00789712851275226
350,8.513923772712928,7.652543177218007,-8.894223866292464,0.015130569506766278
351,8.673350488248786,8.174315387837908,-8.957686199370087,-0.007897175934203915
352,8.35057657517217,7.519047962440283,-8.338901510788844,-0.007897199644958164
353,8.264018164690981,7.067548120184171,-8.40639547110662,-0.00789722335565557
354,8.670792323586966,8.201205510800264,-9.011744820375014,0.023978571167333484
355,8.524502953049932,7.953144225751345,-8.668664162658004,-0.007897270777107224
356,8.274421911067122,7.3482273344530995,-8.256286953140858,-0.007897294487861473
357,8.369587651779,7.377052600555345,-8.39155353576308,-0.007897318198558878
358,8.375080604892275,7.499223389843337,-8.24805646873078,0.02397847632448702
359,8.367813821639459,7.402118218643864,-8.220051203629467,-0.007897365620010532
360,8.487540192836263,7.68999641978462,-8.754882283689824,-0.007897389330707938
361,8.33412420663791,7.222340070010404,-8.489360028722402,-0.007897413041462187
362,8.544339542629075,7.927708918252563,-8.306629677245212,0.02397838148158371
363,8.512438952723699,7.906396124809589,-8.629520950581991,-0.007897460462913841
364,8.357112900574009,7.35259178735609,-8.210973881061136,-0.007897484173611247
365,8.37035340851628,7.553901025459112,-8.6634505592326,-0.007897507884365496
366,8.584776112014993,7.966126976131932,-8.560616652422638,0.0239782866386804
367,8.547401967744179,7.696833305978117,-8.473601456276782,-0.00789755530581715
368,8.328717075697114,7.550853550141085,-8.208154533741933,-0.007897579016514555
369,8.296378619197071,7.336762029735951,-8.226648843548702,-0.007897602727268804
370,8.419939777541686,7.416955999394162,-8.32796198868266,0.023978191795777093
371,8.466114581437523,7.592857712237503,-8.63308424635862,-0.007897650148663615
372,8.44095201989677,7.730215985817836,-8.518052948154875,-0.007897673859417864
373,8.308066337235516,7.173137572085409,-8.550681829611918,-0.00789769757011527
374,8.495123361207902,7.80115606104107,-8.97860479178361,0.023978096952873784
375,8.525074529650396,7.662246418114307,-8.781669376511601,-0.007897744991566924
376,8.557928392419399,7.92888931785842,-8.812481584167273,-0.007897768702321173
377,8.516211507917319,7.92598575061848,-8.582031760372232,-0.007897792413018578
378,8.430655088738263,7.567814460357198,-8.477466731607322,0.023978002109970475
379,8.616061129324123,7.969818592326362,-9.062265711214323,-0.007897839834470233
380,8.666752725531694,8.055602367899922,-8.563054683705701,-0.007897863545224482
381,8.299905911395683,7.305422891654189,-8.134120245786647,-0.007897887255921887
382,8.342541196391664,7.413430881160394,-8.992001219652096,0.023977907267067167
383,8.593754021137272,7.914176404380953,-8.49261320224062,-0.007897934677373541
384,8.504328379678839,7.909974962167638,-8.696796837249394,-0.007897958388070947
385,8.473706097996796,7.665954727480653,-8.890425821546458,-0.007897982098825196
386,8.55105999780983,7.8882842007504905,-8.452942629750638,0.0239778124242207
387,8.391179662575723,7.601837572867453,-8.735474112640318,-0.00789802952027685
388,8.58767128754505,7.735416390714136,-9.32577720348307,-0.007898053230974256
389,8.732756093967623,8.219667724011856,-8.754323794499669,-0.007898076941728505
390,8.656063507753629,7.99754944160739,-8.434997055112646,0.023977717581317393
391,8.439732196940156,7.399241290048252,-8.328652259535346,-0.007898124363180159
392,8.628297696187133,8.10691453011782,-8.686564055663567,-0.007898148073877564
393,8.553813210149201,7.899829427601134,-8.74461598182171,-0.007898171784631813
394,8.489250868261877,7.726890012520954,-8.349408142912267,0.023977622738414084
395,8.643817526413727,7.804229754125515,-8.77593109102746,-0.007898219206083468
396,8.551753661228929,8.087557700758055,-8.80957323968802,-0.007898242916780873
397,8.535470878824412,7.68642189558463,-8.773339247910855,-0.007898266627478279
398,8.631549276733779,8.035313593581776,-8.46496138025664,0.023977527895510775
399,8.591706616990734,7.720954317236959,-8.89352472178912,-0.007898314048929933
400,8.70828474466225,8.074346108315126,-8.808448976614073,-0.007898337759684182
401,8.676500286717442,8.121136278366492,-9.01046546642938,-0.007898361470381587
402,8.495100626900182,7.595329049896037,-8.465170471039286,0.023977433052607466
403,8.629859764047808,7.747933622696394,-8.61907424336313,-0.007898408891833242
404,8.596341071567394,7.786689559549899,-8.852975833242638,-0.00789843260258749
405,8.657606799570601,7.915679453354386,-8.984618871511515,-0.007898456313284896
406,8.555386379415665,8.025694661233047,-8.561982163253688,0.023977338209704158
407,8.514674622497125,7.824403326405985,-8.438962210731162,-0.00789850373473655
408,8.65793631716366,7.997671216117027,-8.946277032865353,-0.0078985274454908
409,8.51845323577038,7.895671972507159,-8.306686441933664,-0.007898551156188205
410,8.446876739118181,7.592161875426484,-8.645290348281264,0.023977243366857692
411,8.465761704432225,7.499544553954536,-8.614030035327119,-0.00789859857763986
412,8.601455708602145,7.88771334096586,-8.534591137661195,-0.007898622288337265
413,8.596377392298905,7.929090904999981,-8.768108728617591,-0.007898645999091514
414,8.584804963697422,8.00904317813496,-8.64869669735134,0.023977148523954384
415,8.69614139726741,7.954094568224349,-8.936254144203104,-0.007898693420543168
416,8.51747357834222,7.68083598539954,-8.359361875724332,-0.007898717131240574
417,8.578025445846777,7.763286029099703,-8.78221392846774,-0.007898740841994822
418,8.774525687423022,8.260444122490327,-9.213389493248101,0.023977053681051075
419,8.835200623760443,8.52873033270825,-8.934160864413897,-0.007898788263446477
420,8.494711131167662,7.916179113900455,-8.671611397799978,-0.007898811974143882
421,8.614857641624951,7.889198640691376,-8.918286140906162,-0.007898835684898131
422,8.711268779365923,7.879573128209131,-9.116585058406656,0.023976958838147766
423,8.939439126393268,8.521980231262205,-9.446642424595552,-0.007898883106292942
424,8.814680149372009,8.395812236314583,-8.861064038186782,-0.007898906817047191
425,8.747758337242601,8.021383074441673,-8.831768719455198,-0.007898930527744596
426,8.851030059785444,8.445252221778475,-9.361591861004655,0.023976863995244457
427,8.945210029496991,8.39912905559737,-8.991130193641155,-0.00789897794919625
428,8.554997703401455,7.751351229140283,-8.813922548985147,-0.0078990016599505
429,8.698600358844772,8.050815198889268,-9.139823265978293,-0.007899025370647905
430,8.788742293287271,8.398343965034087,-8.447480803381808,0.02397676915234115
431,8.60930629513291,7.772807655055658,-8.784378384648718,-0.00789907279209956
432,8.761968908838185,8.227656932221123,-8.597647499811856,-0.007899096502853808
433,8.664488215341066,7.752568716075444,-8.979910943722032,-0.007899120213551214
434,8.935803445099396,8.696180698070378,-9.231628296851042,0.02397667430943784
435,8.909064232028356,8.173540045716805,-9.227750506286895,-0.007899167635002868
436,9.01630941543084,8.585201682417875,-9.51046615381702,-0.007899191345700274
437,8.811436193974487,8.213160959984691,-8.54780782723951,-0.007899215056454523
438,8.704712031033523,8.105943358774311,-8.913426357880553,0.023976579466591375
439,8.90908528897404,8.328777416177815,-9.344480886734203,-0.007899262477906177
440,8.865272473928371,8.38753649676002,-8.978402104014975,-0.007899286188603583
441,8.762860808684707,8.109129096846573,-8.708657804821343,-0.007899309899357831
442,8.725512289904657,7.9793974807600705,-8.783999528373116,0.023976484623688066
443,8.935329139289877,8.576864977938044,-9.198847864697285,-0.007899357320809486
444,8.918461171873616,8.55878263621716,-9.45925566427691,-0.007899381031506891
445,8.813377337323573,8.335130585659016,-8.811884616802246,-0.00789940474226114
446,8.689693936455058,8.010786823432824,-8.542750872827199,0.023976389780784757
447,8.8335785881182,8.048710766902957,-9.351521785952883,-0.007899452163712795
448,9.00616968199796,8.73837487343755,-9.370494573760254,-0.0078994758744102
449,8.611355054291778,8.136828585935888,-8.399015705591836,-0.007899499585107606
450,8.550285581831474,7.532495214877798,-8.54939810948187,0.015128198434410933
451,8.712046710025447,7.9293112965437444,-8.540764503026608,-0.00789954700655926
452,8.93367369926591,8.740685942595718,-9.575868861728395,-0.007899570717313509
453,8.827613636654917,8.373849972209285,-8.84116497115258,-0.007899594428010914
454,8.62371999130653,7.822986383535721,-8.857838428952206,0.02397620009497814
455,8.502296874553565,7.642930716983329,-8.520280975317661,-0.007899641849462569
456,8.941296057849058,8.48875419049142,-9.90384189705452,-0.007899665560216818
457,9.149090306828327,8.963518194018746,-9.711993068048955,-0.007899689270914223
458,8.815988599280104,8.459239544434496,-8.774902836730746,0.02397610525207483
459,8.748983154503435,8.127194484731348,-8.983558333605004,-0.007899736692365877
460,8.943002688425054,8.628990833547135,-9.211371980185376,-0.007899760403120126
461,8.794307478928204,8.325470225960402,-8.80714927656777,-0.007899784113817532
462,8.700999726945042,7.872623499337351,-8.972973812625895,0.023976010409228365
463,8.890941216479177,8.417042802056699,-9.002814817032842,-0.007899831535269186
464,8.684650641640985,8.10540150873581,-8.5609196472939,-0.007899855245966592
465,8.883104839518012,8.521151623002623,-9.695958727641894,-0.00789987895672084
466,8.896598419713882,8.3102198589186,-8.728689637787554,0.023975915566325057
467,8.851471942062517,8.504499502769846,-9.131042653233848,-0.007899926378172495
468,8.666829868267826,7.955841766744982,-8.839539843398313,-0.0078999500888699
469,8.6924948765581,8.167042295382004,-8.696806359968804,-0.00789997379962415
470,8.76408845522974,8.09240932913147,-9.18251440703429,0.023975820723421748
471,8.753587759014692,7.94152218499508,-8.723070872702209,-0.007900021221075804
472,9.007248172109996,8.467832719049966,-8.96837539745303,-0.007900044931773209
473,8.936836486800019,8.416487011465932,-9.04715018052471,-0.007900068642527458
474,8.983899761130715,8.415647318291349,-8.956182239218663,0.02397572588051844
475,8.817019243106358,8.065730745190109,-8.560741579160862,-0.007900116063922269
476,8.827039853922031,8.12847362386455,-8.975337602801332,-0.007900139774676518
477,8.999309468109061,8.848492227603344,-9.332769144220606,-0.007900163485373923
478,8.753271780669195,8.323152803862513,-8.722022458531342,0.02397563103761513
479,8.697207720321728,7.904112713789033,-9.137384779666476,-0.007900210906825578
480,8.859432201936954,8.519553848028522,-9.05305589995993,-0.007900234617579827
481,8.879594598256858,8.348519202355845,-9.175344443532978,-0.007900258328277232
482,8.918929477424626,8.360797999906794,-9.23031403816087,0.023975536194711822
483,8.78206220981781,8.367828369111947,-9.073720969155715,-0.007900305749728886
484,8.668820148731868,8.02613800519768,-8.601901098405406,-0.007900329460483135
485,8.695042918018316,7.873858334308181,-8.708562698050557,-0.00790035317118054
486,8.961459085734305,8.619554139187812,-9.392584788959681,0.023975441351808513
487,8.873575216811673,8.383576871382246,-9.072285008735875,-0.007900400592632195
488,8.704761231228758,8.023226304396388,-8.659237792061717,-0.0079004243033296
489,8.903750281016073,8.497661303348565,-9.333547393599844,-0.00790044801408385
490,9.012487255882263,8.635661804614585,-8.913923008453793,0.023975346508962048
491,8.76321971192641,8.104018600923922,-8.734500522524073,-0.007900495435535504
492,8.750571280442273,8.235934879641263,-8.85857501329592,-0.00790051914623291
493,8.910889960206077,8.18459000815514,-9.327948354767344,-0.007900542856987158
494,8.941631554253433,8.624623917536411,-9.185099655715604,0.02397525166605874
495,8.837941278557537,8.141727719632485,-9.063441989296862,-0.007900590278438813
496,8.94479282700712,8.707939025573097,-9.191277813377468,-0.007900613989136218
497,8.79432090919488,8.279480790899498,-9.066701348322027,-0.007900637699890467
498,8.82633041872134,8.288858654156115,-9.282089137837005,0.02397515682315543
499,8.870525511070525,8.57568167125524,-8.873463581852178,-0.007900685121342121
500,8.988839545473638,8.582689251877554,-9.27672090385262,-0.007900708832039527
501,9.066250410061855,8.53240584864642,-9.42583220384023,-0.007900732542736932
502,9.08707380149849,8.916175876287582,-9.170004401541902,0.02397506198025212
503,8.8666410705045,8.266539869587035,-9.381061075386768,-0.007900779964188587
504,8.95260061940894,8.458146399066862,-9.159684984568798,-0.007900803674942836
505,9.04978319579078,8.61612895360284,-9.402935634506903,-0.007900827385640241
506,9.056380733546632,8.580793416735645,-9.439346909005891,0.023974967137348813
507,9.014349814736136,8.718921254589475,-9.270440640805745,-0.007900874807091895
508,8.848687584290246,8.13411402590907,-9.031319644333038,-0.007900898517846144
509,9.04096293410953,8.812916299315447,-9.436595934053386,-0.00790092222854355
510,8.914727335778196,8.508833230079546,-8.914722987640175,0.023974872294445504
511,8.814631065389108,8.176616209797459,-8.76547847874582,-0.007900969649995204
512,8.744386683295033,8.047803803997965,-9.115063240145844,-0.007900993360749453
513,8.978533488058872,8.67293936949011,-9.655420886385045,-0.007901017071446859
514,9.197865451254643,8.948134571730463,-9.380881152589552,0.02397477745159904
515,8.947541125304667,8.65540106895449,-8.910975710748971,-0.007901064492898513
516,8.841041860398093,8.355387265533437,-9.101131731948058,-0.007901088203595918
517,8.93598068410455,8.260510950072671,-9.160317511548243,-0.007901111914350167
518,9.231709223189341,9.118245151169049,-9.513288868947171,0.02397468260869573
519,8.896023343824822,8.610296558930713,-8.800113936471305,-0.007901159335801822
520,8.900272787982772,8.14677454669922,-9.373248548544211,-0.007901183046499227
521,9.07829667964728,8.674950875314863,-9.307765966428335,-0.007901206757253476
522,9.133485590965847,8.813302224788174,-9.335058803775993,0.02397458776579242
523,8.939474927713036,8.5038971169987,-9.229887906053378,-0.00790125417870513
524,8.95233484383158,8.616785936584478,-9.24310014564793,-0.007901277889402536
525,9.083987317340132,8.619664488886457,-9.386512685067245,-0.007901301600156785
526,9.193401880670649,8.964752472542301,-9.509432400814248,0.023974492922889112
527,9.042875325679745,8.733876718436875,-9.317489634424476,-0.007901349021551596
528,9.054235198321237,8.539528691516836,-9.30668318137539,-0.007901372732305845
529,9.10338260507558,8.72111910102663,-9.518767691945996,-0.00790139644300325
530,9.186147730201924,8.979171081739366,-9.226635688587663,0.023974398079985804
531,8.900185736087508,8.486941320945164,-9.038364991762009,-0.007901443864454905
532,8.840717988732365,8.178623935345826,-9.297202703752006,-0.007901467575209153
533,9.080873328384826,8.600830314996841,-9.487267778387775,-0.007901491285906559
534,9.172783226836714,9.008818212564734,-9.305158450544894,0.023974303237082495
535,8.986090699149486,8.577972591569392,-8.778924019770614,-0.007901538707358213
536,8.836510229057808,8.129028491969052,-8.970860156384646,-0.007901562418112462
537,9.07847053713931,8.635112811340804,-9.29276288252143,-0.007901586128809868
538,9.036631914936379,8.51562785566395,-9.522194704606946,0.023974208394179186
539,9.128961362125949,8.915673558322226,-9.227329869603352,-0.007901633550261522
540,9.08920830467872,8.820047513757174,-9.612539304925164,-0.007901657260958928
541,9.026435043758681,8.46779589395669,-9.116862484695218,-0.007901680971713176
542,8.82189133561792,8.27868234579509,-8.688012561038576,0.02397411355133272
543,8.984485783530204,8.312601953772543,-9.364432238425536,-0.00790172839316483
544,9.102292891697175,8.748671925701984,-9.271566108043416,-0.007901752103862236
545,9.096707314718742,8.77095363778568,-9.185690697809207,-0.007901775814616485
546,9.009639840011857,8.587338477471661,-9.226769938967934,0.023974018708429412
547,9.086787465074678,8.603411658418537,-9.360939748581742,-0.00790182323606814
548,9.029840135233314,8.568381358783427,-9.16742963459383,-0.007901846946765545
549,9.10529578457647,8.795221351916439,-9.246729738058292,-0.007901870657519794
550,8.966501019973464,8.502517174479237,-9.322220784834855,0.023973923865526103
551,8.990361520602391,8.57608919770459,-9.261181105324042,-0.007901918078971448
552,9.025530538818657,8.464609020474114,-9.3836407563591,-0.007901941789668854
553,9.235623137674963,9.270387955040178,-9.633820025263944,-0.00790196550036626
554,9.203205806519122,8.992905192055503,-9.515097685609334,0.023973829022622795
555,9.038010734654335,8.508986112391796,-8.757454424421823,-0.007902012921817914
556,9.009809040381242,8.380388667396005,-9.487630716817648,-0.007902036632572162
557,9.208094597285424,9.073445241690678,-9.317755087525768,-0.007902060343383255
558,9.29242130590211,9.207743034397481,-9.765973952351999,0.023973734179719486
559,9.169305704003705,8.939226576415535,-9.254834695507498,-0.007902107764721222
560,9.102555877239297,8.759495633319347,-9.297405096087743,-0.007902131475475471
561,9.168647145027535,8.921658552594835,-9.711604809261615,-0.007902155186172877
562,9.100123236803029,8.918100337615641,-9.376371157321799,0.023973639336816177
563,8.945632411634506,8.48976808589623,-9.235342508331172,-0.007902202607624531
564,9.183454452512365,8.810989458457215,-9.878483462207669,-0.00790222631837878
565,9.45492124537003,9.58811130023642,-10.00176451685067,-0.007902250029076185
566,9.132778824343461,8.82424708221862,-9.313172016629721,0.023973544493969712
567,9.07357002934117,8.779601019017804,-9.45231259808395,-0.00790229745052784
568,9.083628933446676,8.526791471001417,-9.620422470016152,-0.007902321161225245
569,9.31117750338069,9.378260236608668,-9.544441004927208,-0.007902344871979494
570,9.081413349084983,8.744565573080763,-9.386818448987796,0.023973449651066403
571,9.070382225654441,8.546507182621497,-9.163153211367828,-0.007902392293431149
572,9.087309507863552,8.51926680833958,-9.130213905686034,-0.007902416004128554
573,9.125631953413006,9.088018263707681,-9.479706152838943,-0.007902439714882803
574,8.999259473041093,8.474165043120308,-9.085598979419672,0.023973354808163094
575,9.000298803790145,8.59407665623695,-9.0942149182345,-0.007902487136334457
576,9.133221895476083,8.664602980504839,-9.587964948623977,-0.007902510847031863
577,9.160002927417736,8.98547578379683,-9.52878867771048,-0.007902534557786112
578,8.984365171845582,8.495146807694795,-8.852041629065525,0.023973259965259786
579,8.875916165851606,8.226671990364537,-9.021035894083951,-0.007902581979180923
580,9.096487999377189,8.665233199986716,-9.661657977227847,-0.007902605689935172
581,9.141837681655886,8.893832761425443,-9.42339253896769,-0.007902629400632577
582,9.20171264191032,8.97584390997045,-9.540461233270577,0.023973165122356477
583,9.303617000595978,9.14923954095454,-9.634564395317312,-0.007902676822084231
584,9.07894723523458,8.604834492148854,-9.074498056245119,-0.00790270053283848
585,9.168106113253828,8.890664921992453,-9.629070016984272,-0.007902724243535886
586,9.128731632771064,8.670771450645333,-9.507980161186069,0.023973070279453168
587,9.234736723798108,8.859668662138006,-9.514259102806037,-0.00790277166498754
588,9.154083088439904,8.508908766639138,-8.731447155756769,-0.007902795375741789
589,9.024616043407036,8.515714805831095,-9.296642745295173,-0.007902819086439195
590,9.118652688554505,8.760018202519177,-9.099206552934078,0.02397297543654986
591,8.944813698980226,8.434476328376974,-8.896192880821317,-0.007902866507890849
592,8.964998251897896,8.35156440851776,-9.421118791120364,-0.007902890218588254
593,9.164868130960713,9.15117235434758,-9.83360011381643,-0.007902913929342503
594,9.152127331203928,9.043727548180357,-9.270478446724539,0.023972880593703394
595,9.018436298359688,8.584797358807037,-9.47617434903215,-0.007902961350794158
596,9.037895201796402,8.693714211087524,-9.142900959479704,-0.007902985061491563
597,9.175384559267684,8.902131912843686,-9.5528621363937,-0.007903008772245812
598,9.156929124959163,8.707042921913853,-9.260740307902978,0.023972785750800085
599,9.194037858168201,9.135890107719433,-9.529314332232588,-0.007903056193697466
600,8.985958618812731,8.571677520319412,-9.396403558396088,-0.007903079904394872
601,8.99458988553073,8.503436278167698,-9.211431531181773,-0.00790310361514912
602,9.176059171788154,8.805631096113586,-9.127507286028688,0.023972690907896776
603,9.27906241000369,9.406714184890689,-9.529587000846064,-0.007903151036600775
604,8.981006313841817,8.472565299799669,-9.353081929365388,-0.00790317474729818
605,9.209654018247022,8.790279909999697,-9.927417596259573,-0.007903198457995586
606,9.198422747796656,9.034351768298848,-8.931057997418137,0.023972596064993468
607,9.059097045181488,8.615177597798663,-9.780321822646101,-0.00790324587944724
608,9.245787009325625,8.915795006586137,-9.4416817915657,-0.00790326959020149
609,9.229294199095818,8.954721172998774,-9.330320754692735,-0.007903293300898895
610,9.12292528918249,8.5725027139884,-8.8303150022993,0.02397250122209016
611,9.105001071813604,8.852569668134038,-9.348848685127379,-0.00790334072235055
612,9.040388228006293,8.619301319684098,-9.119955529548577,-0.007903364433104798
613,9.043120321457934,8.64442162638727,-9.388330068312456,-0.007903388143802204
614,8.987366151707931,8.441796064369697,-8.748002247999167,0.02397240637918685
615,9.013489544347067,8.397287002341784,-9.361303009415636,-0.007903435565253858
616,9.051317605130691,8.598823491889647,-9.298978223245044,-0.007903459276008107
617,9.234094379661144,8.957203276600012,-9.522586777486737,-0.007903482986705512
618,9.292566975304226,9.025924117873245,-9.656520587409034,0.023972311536340385
619,9.144872972868143,9.173049743361474,-9.351145334192196,-0.007903530408157167
620,9.083449759438452,8.54478736465154,-9.741227695154777,-0.007903554118854572
621,9.205843283353545,8.784770233560437,-9.361272151613136,-0.007903577829608821
622,9.328624772517458,9.096422278892078,-9.426281231553062,0.023972216693437076
623,9.164237324976568,8.921183666757571,-9.02473326527361,-0.007903625251060475
624,9.099922299287584,8.681414488898412,-9.340437829488252,-0.007903648961757881
625,9.172105962597016,8.753455153919731,-9.57618203311057,-0.00790367267251213
626,9.105974970820284,8.574449885204729,-9.13889877377035,0.023972121850533767
627,9.142615148296443,8.930532173041058,-9.430225986527859,-0.007903720093963784
628,9.260558958491629,9.152770240807513,-9.562183439461236,-0.00790374380466119
629,8.992919356202549,8.514309263732315,-9.177818670246694,-0.007903767515415439
630,9.04792214364727,8.64995818206188,-9.2186124508614,0.02397202700763046
631,9.150160418641235,8.878646782572588,-9.58572414241931,-0.00790381493681025
632,9.14954644777356,8.867848234261885,-9.498292711944856,-0.007903838647564498
633,9.028395317365039,8.653262830750009,-9.308499011899016,-0.007903862358261904
634,9.200702006103256,9.024089152245466,-9.636197158332578,0.02397193216472715
635,9.324292285331182,9.19503594495896,-9.44392057477826,-0.007903909779713558
636,9.16413383739274,8.683723781627862,-9.496201961352213,-0.007903933490467807
637,9.3228810709075,9.187648543395824,-9.686006131597466,-0.007903957201165213
638,9.106512530887585,8.769852349258372,-8.991040018166188,0.02397183732182384
639,9.100430034806948,8.533035524123392,-9.401472835409407,-0.007904004622616867
640,9.33759950117161,9.237488490822244,-9.679389050315692,-0.007904028333371116
641,9.309003753896718,9.090541327758842,-9.821593950641756,-0.007904052044068521
642,9.082423516870733,8.813362840379398,-8.930945186389422,0.023971742478920532
643,9.051841271948547,8.593943353234437,-9.712913453542669,-0.007904099465520176
644,9.27862439413525,9.255839599042815,-9.496560953230627,-0.007904123176217581
645,9.15212206910985,8.829166182835621,-9.479452244054599,-0.00790414688697183
646,9.190232976374773,8.847819491488593,-9.664035270791075,0.023971647636074067
647,9.3094209895321,8.997152099043177,-9.666364026259075,-0.007904194308423484
648,9.289258963094028,9.061520185070009,-8.994832316695081,-0.00790421801912089
649,9.177765601039596,8.836689612532496,-9.81851074782972,-0.007904241729875139
650,9.368426143561067,9.161489052567134,-9.309553809815881,0.015123456289700243
651,9.163426722473218,8.749055779435707,-9.362837569932779,-0.007904289151326793
652,9.110764980308431,8.689487591182314,-9.287424317065614,-0.007904312862024199
653,9.267282340375118,9.026313730170841,-9.445165298366135,-0.007904336572778448
654,9.384701796259037,9.49104176233945,-9.649753297567187,0.02397145795026745
655,9.279530208651522,9.178001420244044,-9.838544925912515,-0.007904383994230102
656,9.40721464451559,9.076284150695102,-9.702909015959264,-0.007904407704927507
657,9.340844824306146,8.961393027938243,-9.58474469121444,-0.007904431415624913
658,9.479353009946692,9.277329092920013,-9.765806427016088,0.02397136310736414
659,9.269450281677223,9.049158682480538,-9.530068163072684,-0.007904478837076567
660,9.15948221326039,8.588345795088543,-9.189640847036657,-0.007904502547830816
661,9.442332648027332,9.414705199073467,-10.091641848135936,-0.007904526258528222
662,9.423131070698389,9.207569298689918,-9.379409311790738,0.023971268264460832
663,9.323330432693979,9.142808403112895,-9.726996105123717,-0.007904573679979876
664,9.181967635708133,8.713822632386666,-9.161645417472187,-0.007904597390734125
665,9.25586045061209,8.99861391779271,-9.659682833149034,-0.00790462110143153
666,9.258659529679448,8.818779493173395,-9.098590384601678,0.023971173421557523
667,9.297485208470107,9.056434804971019,-9.87406610023018,-0.007904668522883185
668,9.407790845104614,9.187881907278324,-9.784715406725994,-0.007904692233637434
669,9.185926857515028,8.784630565062344,-8.892969313265894,-0.00790471594433484
670,9.04480095839773,8.40058783552331,-9.220437267919507,0.023971078578711058
671,9.386772856945186,9.09580855305407,-9.746279298026849,-0.007904763365786494
672,9.326217178832167,9.087437740790534,-9.882232003595576,-0.007904787076483899
673,9.224829064797746,8.939081752545121,-9.364599081856667,-0.007904810787238148
674,9.089623637516183,8.774984250269739,-9.330455796438258,0.02397098373580775
675,9.206918960712528,8.775349495660322,-9.556883441885162,-0.007904858208689802
676,9.426475771228581,9.40690487266258,-9.663880985719075,-0.007904881919387208
677,9.155343285806168,8.793684190161486,-9.484775043191462,-0.007904905630141457
678,9.144989389444675,8.796465177361824,-9.434152454392915,0.02397088889290444
679,9.238345448282132,9.048775175464215,-9.58787874166569,-0.007904953051593111
680,9.243787001012606,9.069659767738358,-9.513365297499334,-0.007904976762290516
681,9.140137827073431,8.788213235092769,-9.339941498091605,-0.007905000473044765
682,9.125251881895622,8.61919237230424,-9.184859707116843,0.023970794050001132
683,9.259350141117125,9.016218114003749,-9.354696327137631,-0.007905047894439576
684,9.07346035823116,8.560707342274242,-9.344501103553995,-0.007905071605193825
685,9.070843598140527,8.460948966801595,-9.546694428102839,-0.00790509531589123
686,9.217161266289622,9.177487129162301,-9.600065064915967,0.023970699207097823
687,9.325542086467351,9.169309471648972,-9.542431663974085,-0.007905142737342885
688,9.212098274926518,8.60756742851541,-9.142014544153511,-0.007905166448097134
689,9.22136882219894,8.913402632478892,-9.377093861719302,-0.00790519015879454
690,9.159537853125642,8.726311639491684,-9.211374878881799,0.023970604364194514
691,9.296105904810872,9.124113994159558,-9.569997415046927,-0.007905237580246194
692,9.200228680117107,9.021690054554938,-9.335173335379181,-0.007905261291000443
693,9.091712830370113,8.66639963646142,-9.501257299977766,-0.007905285001697848
694,9.227581740993685,9.073241775327944,-9.58684630827149,0.023970509521291206
695,9.159556786376584,8.672046710564473,-9.04310229049102,-0.007905332423149503
696,9.000485851146777,8.412877759120732,-9.11737980676719,-0.007905356133846908
697,9.19442219331438,8.976469444516141,-9.445312471902213,-0.007905379844601157
698,9.228308103967436,8.957493575109396,-9.4993760207322,0.02397041467844474
699,9.327642493766518,9.108645240258625,-9.57382681992432,-0.007905427266052811
700,9.27520967524265,8.903272926363115,-9.833822172345322,-0.007905450976750217
701,9.260029622531079,9.101247763714241,-9.416370495757064,-0.007905474687504466
702,9.196262506958874,9.072379053222988,-9.571843273883047,0.02397031983554143
703,9.129312503248684,8.710166113167787,-9.233419013433505,-0.00790552210895612
704,9.213830786367623,8.836958030664022,-9.68780987533917,-0.007905545819653526
705,9.445387192212252,9.506415319989685,-9.632489103275205,-0.007905569530407774
706,9.039379670367111,8.536506819894669,-8.969589491884278,0.023970224992638123
707,9.167838299198024,8.85323788103625,-9.772467588544487,-0.007905616951859429
708,9.500901771743372,9.421511255550342,-9.998433834720828,-0.007905640662556834
709,9.446806957553747,9.463730394057308,-10.194556084248248,-0.00790566437325424
710,9.241931951736433,8.93542152384228,-9.204105877001751,0.023970130149734814
711,9.258501663373067,8.766499535128503,-9.428648084038898,-0.007905711794705894
712,9.441196249467225,9.502785345764636,-9.96564168985114,-0.007905735505460143
713,9.420276467383758,9.334440636481617,-9.546904554345332,-0.007905759216157549
714,9.428121724967866,9.329401260248545,-10.00947993030286,0.023970035306831505
715,9.477384423015792,9.56582213909499,-9.776260309620767,-0.007905806637609203
716,9.247033204315358,8.865440745174737,-9.762947234675295,-0.007905830348363452
717,9.402786621611313,9.100317103555483,-9.57372183046104,-0.007905854059060857
718,9.286518105871835,8.886432372580714,-9.152130525725482,0.023969940463928197
719,9.451384687875702,9.279421576791577,-9.570077966997147,-0.007905901480512512
720,9.374969902314149,9.00478489538753,-9.78730947614305,-0.00790592519126676
721,9.20756139752109,8.925266153971563,-9.27451856532025,-0.007905948901964166
722,9.214255844064382,8.82590602181412,-9.444835177284446,0.02396984562108173
723,9.35276114333925,9.26689729873496,-9.90240412581828,-0.00790599632341582
724,9.564785713915342,9.669992525841622,-10.359769427371091,-0.007906020034113226
725,9.374866607399156,9.223229262539974,-9.6662718966585,-0.007906043744867475
726,9.3064383024157,9.00996701168907,-9.76291396517928,0.023969750778178422
727,9.422332262490784,9.29700829297866,-9.925301209999276,-0.007906091166319129
728,9.267256538091374,9.234070964100141,-9.451422844994624,-0.007906114877016535
729,9.338151607115663,9.248363466864987,-9.77235916722249,-0.007906138587770783
730,9.083827106288652,8.703635785647663,-9.083736229149707,0.023969655935275114
731,9.141777632498304,8.632136544285657,-9.403423969580231,-0.007906186009222438
732,9.143167621391058,8.94764281056186,-8.958108071967786,-0.007906209719919843
733,8.893949516185785,8.450909395959911,-8.954590408014653,-0.007906233430674092
734,9.075876638074476,8.54191973294607,-9.857276404470355,0.023969561092371805
735,9.47379097727594,9.521964335404306,-9.850223277949212,-0.007906280852068903
736,9.475667826051904,9.62024618795246,-9.915161976367614,-0.007906304562823152
737,9.270144203937377,9.010501708429132,-9.407934858988511,-0.007906328273520558
738,9.191971703420677,8.871948341836202,-9.614631298735802,0.023969466249468496
739,9.340998196464739,9.046181632823846,-9.512749882912274,-0.007906375694972212
740,9.441295823280086,9.00747128951096,-9.86851896881197,-0.00790639940572646
741,9.412100175668115,9.344369541954705,-9.213243555066157,-0.007906423116423866
742,9.40176115339915,9.118020508482317,-9.69106108430529,0.023969371406565187
743,9.465258571422112,9.363185661701948,-9.876023457856022,-0.00790647053787552
744,9.494935763332705,9.411667759728545,-9.937045810390742,-0.00790649424862977
745,9.207874439885927,8.816431127821403,-8.921598992368104,-0.007906517959327175
746,9.258432123800048,8.906993761153927,-9.58339480971081,0.02396927656366188
747,9.175978255160487,8.863871648922526,-8.850268123038177,-0.00790656538077883
748,9.276647360330912,8.796397401299345,-9.312029941573812,-0.007906589091476235
749,9.419228889249268,9.41254474574066,-9.60080002577456,-0.007906612802230484
750,9.264556262559267,8.943265707873394,-9.468527783316617,0.015121085217344898
751,9.28693146107878,8.982381950208065,-9.673499562821718,-0.007906660223682138
752,9.19558822878679,8.635985524917487,-9.104598092247983,-0.007906683934379544
753,9.316880611595252,9.21816086860963,-9.753510442709185,-0.007906707645133793
754,9.428888695962996,9.13709432390101,-9.691536206514712,0.023969086877912105
755,9.418788371914786,9.119733720618285,-9.84202324813046,-0.007906755066585447
756,9.385842155756109,9.189794881746764,-9.545195413546395,-0.007906778777282852
757,9.393830881137319,9.19485268176112,-9.781193602848049,-0.007906802488037101
758,9.480827557335829,9.236274839289308,-9.742989543149648,0.023968992035008796
759,9.397610664947877,9.198736383312308,-9.84516565601514,-0.007906849909488756
760,9.55719926391123,9.536064013899818,-9.814622920826437,-0.007906873620186161
761,9.318359894392017,8.999664060275535,-8.973751260491923,-0.007906897330883567
762,9.16450113123642,8.655330978036687,-9.373463875044493,0.023968897192105487
763,9.326016163112627,9.142379373355396,-10.168762637857725,-0.007906944752335221
764,9.550144088782929,9.454627491020176,-9.947926394635786,-0.00790696846308947
765,9.462974574250836,9.135376994935484,-9.693522278647919,-0.007906992173786875
766,9.487281497315792,9.404789094990178,-10.034629280831226,0.02396880234920218
767,9.331082486405762,9.017679334115087,-9.358786897565764,-0.00790703959523853
768,9.355501625020167,9.01277891394804,-9.86114654291542,-0.007907063305992779
769,9.606574231100296,9.60071133604606,-10.155741805706697,-0.007907087016690184
770,9.6632026057963,9.729880193207464,-10.36141254083536,0.02396870750629887
771,9.614893358339828,9.60701537417691,-9.922859364177995,-0.007907134438141838
772,9.479896277321245,9.019435100962426,-10.059997426827536,-0.007907158148896087
773,9.409998374251188,9.214640948855134,-9.547740782646414,-0.007907181859593493
774,9.550163022918582,9.415014676414614,-9.764598308683986,0.023968612663452404
775,9.584820906081745,9.631812129336623,-10.175858590274956,-0.007907229281045147
776,9.325558588012711,8.947604257529576,-9.181580603855522,-0.007907252991742553
777,9.307665898849905,8.951441312614008,-9.751286503318724,-0.007907276702496802
778,9.50164043516321,9.324416212444106,-9.62835221794873,0.023968517820549096
779,9.688539104910035,9.718899316525068,-10.174830750206425,-0.007907324123948456
780,9.51492115087143,9.546084785364286,-9.399521988690665,-0.007907347834759548
781,9.228465496838055,8.781538093191159,-9.91723987696355,-0.00790737154540011
782,9.41021638616644,9.051127227066615,-9.637755250275006,0.023968422977645787
783,9.542581291725298,9.79220008328312,-9.892630019278783,-0.007907418966851765
784,9.53523497590362,9.527682947175435,-10.007580945630906,-0.00790744267754917
785,9.265090925573247,9.16629369560593,-9.375878312546519,-0.007907466388303419
786,9.174132179585513,8.70075104779886,-9.413553726376932,0.023968328134742478
787,9.34036754224445,9.192850410922517,-9.735042634816779,-0.00790751380969823
788,9.416977424919196,9.390652928469592,-9.661750290921972,-0.007907537520452479
789,9.375378263019854,9.136355962056285,-9.883448841919616,-0.007907561231149884
790,9.36366863050307,9.303015964802512,-9.42904072139909,0.02396823329183917
791,9.227381171295292,8.955242188623515,-9.74655020349985,-0.007907608652601539
792,9.46893538656309,9.55493311718297,-10.333022314067819,-0.007907632363355788
793,9.4430861377096,9.470842508124662,-9.733574670816438,-0.007907656074053193
794,9.391990305043066,9.14150978298656,-9.587536401924098,0.02396813844893586
795,9.494106463579215,9.230010223815839,-9.756116227140666,-0.007907703495504848
796,9.523387763072265,9.352091983055544,-9.93112900802511,-0.007907727206259096
797,9.516085342397218,9.51168059829891,-9.85438959916884,-0.007907750916956502
798,9.384888575702234,9.027648544658035,-9.331996848154134,0.023968043606032552
799,9.501508343111652,9.300204384730705,-9.958449940107528,-0.007907798338408156
800,9.626034585883815,9.735259250041054,-10.046722232443145,-0.007907822049105562
801,9.455867292028245,9.367156214893868,-9.531439937610571,-0.00790784575985981
802,9.46806201152333,9.034956057863752,-9.731036811352581,0.023967948763186087
803,9.607832659502037,9.643576186377516,-10.105823104359942,-0.007907893181311465
804,9.525457498298351,9.520885314115645,-9.732476079653935,-0.00790791689200887
805,9.502340534199789,9.495338163760806,-9.746176286961727,-0.00790794060276312
806,9.496668683554958,9.342372808990547,-10.126230204760205,0.023967853920282778
807,9.565759357768343,9.527247913109903,-10.002698205015392,-0.007907988024214774
808,9.394802202102994,9.251619117782383,-9.403500387855672,-0.00790801173491218
809,9.310395406294276,8.886882087892644,-9.397445333598554,-0.007908035445666428
810,9.367153610795071,9.028248135590076,-9.458461227675755,0.02396775907737947
811,9.45545360071577,9.250262859756305,-9.881848779905681,-0.007908082867118083
812,9.478853535830694,9.157614954572125,-9.65775683365905,-0.007908106577815488
813,9.518708465460747,9.274284400428769,-10.044781207878813,-0.007908130288512893
814,9.805745684418127,9.89039699574505,-10.698366925370635,0.02396766423447616
815,9.686572069770989,9.678857548416119,-9.687300260624582,-0.007908177709964548
816,9.572748920553579,9.610799411733126,-9.861767466641453,-0.007908201420718797
817,9.544659096197165,9.601170480957734,-9.736871821162723,-0.007908225131416202
818,9.421616704047324,9.208876535704803,-9.779104046131877,0.02396756939157285
819,9.47000820256767,9.557430540332064,-9.942131084872713,-0.007908272552867857
820,9.572432277504731,9.42928040778284,-9.613922254629685,-0.007908296263622105
821,9.266632324991235,9.140606267514727,-9.322402492906576,-0.007908319974319511
822,9.365814339807685,8.998756727440025,-9.999723906017522,0.023967474548669543
823,9.464836589083234,9.39550390514782,-9.926381418799522,-0.007908367395771165
824,9.371402442835631,9.273730023401185,-9.538506438319729,-0.007908391106525414
825,9.246314377629346,9.05258559805705,-9.551387185947547,-0.00790841481722282
826,9.348782890948371,9.207893160770368,-9.80666302746451,0.023967379705823078
827,9.355948436241817,9.003999006171227,-9.537061292236984,-0.007908462238674474
828,9.339581960424596,9.117520333917355,-9.614961307743911,-0.00790848594937188
829,9.406033753683573,9.493186570829721,-9.66438415876027,-0.007908509660126128
830,9.3470543398916,9.16504540954378,-9.60002712136226,0.02396728486291977
831,9.467281815934882,9.335665518996308,-10.167202517879076,-0.007908557081577783
832,9.42266316960712,9.342275953053928,-9.664403605598125,-0.007908580792275188
833,9.340021627570763,8.922003201711902,-9.732712698788589,-0.007908604503029437
834,9.403895691765683,9.068108544654365,-9.954914360925272,0.02396719002001646
835,9.499094664404595,9.431509202666348,-9.71941092065353,-0.007908651924481092
836,9.625271949958233,9.761163292746602,-10.025707082751865,-0.007908675635178497
837,9.513338298680651,9.52544271057721,-10.114439876980441,-0.007908699345932746
838,9.397406815428269,9.29146825392499,-9.358801720390659,0.02396709517711315
839,9.523432294819997,9.417396296546286,-10.07041590662979,-0.007908746767327557
840,9.63355750149941,9.838301749466126,-10.07735824709124,-0.007908770478081806
841,9.410017137358011,8.999834961509691,-9.733960044824755,-0.007908794188779211
842,9.617953961839817,9.644967256762044,-9.680426300661907,0.023967000334209843
843,9.34609864888148,9.04073865918133,-9.362118967573949,-0.007908841610230866
844,9.289352735055786,9.10623995067425,-9.578429410226633,-0.007908865320985115
845,9.336195437588174,9.127279346498796,-9.556467570030733,-0.00790888903168252
846,9.478423453522339,9.264912440932903,-9.781477101269417,0.023966905491306534
847,9.551613538768322,9.611640493469395,-9.792835554075936,-0.007908936453134174
848,9.44006641561026,9.24296351882893,-9.962613169847756,-0.007908960163888423
849,9.498547017463238,9.354972637871583,-9.603884629429785,-0.007908983874585829
850,9.480304481583119,9.238641487942118,-9.867543249884022,0.01511871414493271
851,9.61148592076222,9.346942903996279,-10.133111019437365,-0.007909031296037483
852,9.609755759023415,9.645407109524882,-9.48362303445603,-0.007909055006734889
853,9.53624465831308,9.35611266812765,-9.79190127144868,-0.007909078717489137
854,9.645196820825959,9.616995890822977,-10.108677238407736,0.02396671580555676
855,9.79717341472633,9.862690779192945,-10.504919963836173,-0.007909126138940792
856,9.66315741113715,9.357266794439084,-9.631625780525667,-0.007909149849638197
857,9.482953596519508,9.264722272776396,-9.668883865047476,-0.007909173560392446
858,9.5242062415075,9.179945954137565,-9.82851946287542,0.02396662096265345
859,9.593880429907358,9.359718586699188,-9.971395438896295,-0.0079092209818441
860,9.5425147233002,9.492272097530673,-9.506068496428881,-0.007909244692541506
861,9.714833583661175,9.911138014719114,-9.935110099284628,-0.007909268403295755
862,9.525324079971199,9.405390614339922,-10.162028471910958,0.023966526119750142
863,9.548437569499697,9.49682324833637,-9.70406416798312,-0.00790931582474741
864,9.446871533804483,9.16765437214147,-9.792273773868928,-0.007909339535444815
865,9.555768345256922,9.476293430851257,-9.746980325488607,-0.00790936324614222
866,9.623359409576324,9.55594276145473,-9.988600214247569,0.023966431276846833
867,9.73511960207162,9.996919995469568,-10.332580144468011,-0.007909410667593875
868,9.525679696780685,9.354712504923157,-9.847272068552627,-0.007909434378348124
869,9.37258017368714,8.902903431810415,-9.181745361363184,-0.007909458089045529
870,9.46963214059133,9.280779112938035,-9.80302495991404,0.023966336433943525
871,9.489214295843055,9.451532299042753,-9.6282613180379,-0.007909505510497183
872,9.510892872332022,9.278472498524678,-9.679997944939885,-0.007909529221251432
873,9.635925874120687,9.77336054555596,-10.184414328737915,-0.007909552931948838
874,9.692704908427686,9.576036068355847,-10.006162499983475,0.023966241591040216
875,9.547721747801688,9.376380348816696,-9.638087723507951,-0.007909600353400492
876,9.612261802913281,9.519867680816816,-9.670690769535796,-0.007909624064154741
877,9.672989418223835,9.469512373155226,-9.922135702737265,-0.007909647774852147
878,9.68962958162814,9.58255742039941,-9.850300089414645,0.02396614674819375
879,9.616014389454278,9.43893169582688,-9.768525554926484,-0.007909695196303801
880,9.6226989691271,9.595842748931489,-10.095817288213539,-0.007909718907001206
881,9.699850643325703,9.69972896658021,-10.066000850481771,-0.007909742617755455
882,9.663867854128341,9.527587770292286,-9.74299135409612,0.023966051905290442
883,9.544409352783816,9.451250816608933,-9.804468924658366,-0.00790979003920711
884,9.638717842184803,9.576376265315048,-9.897182235294537,-0.007909813749904515
885,9.698272913616961,9.703503583536303,-10.42914512286508,-0.007909837460658764
886,9.712049217849142,9.782023379281213,-9.54053558491944,0.023965957062387133
887,9.562741792702582,9.445900803120423,-10.037572215696684,-0.007909884882110418
888,9.61615513882981,9.604052124043932,-9.649582397152344,-0.007909908592807824
889,9.63058533066021,9.537256913436522,-10.042792517238425,-0.007909932303562073
890,9.621399614933182,9.565430175674095,-10.15177383683222,0.023965862219483824
891,9.707993077602111,9.777289564179682,-9.949542648249619,-0.007909979724956884
892,9.599917684297623,9.607333652186384,-9.97534029525805,-0.007910003435711133
893,9.617208251101204,9.295386472400878,-9.840954310055992,-0.007910027146408538
894,9.490430704762957,9.364814925367995,-9.28537540751664,0.023965767376580516
895,9.52160733272325,9.458450822964778,-9.86665205283677,-0.007910074567860192
896,9.752826540231922,9.952468408336102,-10.254517876114718,-0.007910098278614441
897,9.592583395562997,9.510305941668634,-10.02411729849372,-0.007910121989311847
898,9.549537194689776,9.38285336958998,-9.885014978589254,0.023965672533677207
899,9.637931130732682,9.551045889540887,-9.902012620436281,-0.007910169410763501
