,tas,rlut,rsut,rsdt
0,-0.02062847057044337,0.02884921862232659,-0.09330474275643041,-0.0001225407785909738
1,0.13917845131931017,0.2629493046796938,0.07539839249696456,-0.0001318844281854581
2,-0.10328735293080626,-0.1513663834559793,0.11260982259460661,-0.00011258291101512441
3,-0.0941801039802499,-0.24152056491413987,0.049735445022719205,-0.0001360316307454923
4,0.07857669732322847,-0.02024083822391276,-0.00451369333812579,-0.00012333349400250881
5,0.1276741728424895,0.2670059926546742,0.02929386366319875,-0.00015705793509823707
6,-0.08192003990609464,-0.057078586499244466,0.12521514124824762,-0.00010682441870812909
7,-0.17358410406279745,-0.4875532125386144,-0.0360979210136918,-0.0001095490081297612
8,-0.047622759305625095,-0.06367118903844471,0.1276522155665134,-0.00017756740635377355
9,-0.06112976535769121,-0.04581765383326797,0.03780962748022887,-0.00014911272018025556
10,-0.1759369310006491,-0.3559257374363085,0.12410204205396269,-0.00011324157162562187
11,-0.012000575064632812,0.10530198260920542,-0.280365550457617,-0.00013982660209421738
12,0.18824350392304723,0.26845213206607355,-0.05687122041689463,-0.00013238508256563364
13,0.12496589262019597,0.33827639340563564,0.11627735604228917,-0.00013722581871888906
14,-0.1340854233309301,-0.2812835946010068,0.16706618970340514,-9.745626209678449e-05
15,-0.2536992933326019,-0.688317814139026,0.43610651765163766,-0.00010732834437021666
16,-0.19163222735181762,-0.37601680363732726,-0.24725205337701084,-0.000116279125222718
17,-0.011325238537665427,-0.03409648634357154,-0.1158993038457794,-0.00016045339850734308
18,0.1646482172613446,0.339501670036384,-0.39029834619532267,-0.0001268844692390303
19,0.11432444411155984,0.2876574882054399,-0.3258418609947853,-0.00013371409988849337
20,0.0005568868556338202,0.1705031761830469,-0.18596145086770832,-0.00011416292562671515
21,0.06988530783922897,0.0885643632292954,-0.33585413680025056,-0.00013947096965694072
22,0.1222272582637629,0.24920571729217045,0.2328936490887088,-0.00014751197790019432
23,-0.013710486194497662,-0.07460141520934371,0.0022674997233593785,-0.0001674170429168953
24,0.05999439256692085,0.07172329227634577,0.17185507158826852,-0.00012428546386900052
25,3.0253552893100277e-05,-0.018394185542291552,-0.006006402728900184,-0.00012536445660771278
26,-0.0698345874060351,-0.2203710075178833,0.012620774851981764,-0.00012334308809158756
27,-0.07175607254987426,-0.047658767318296213,0.04780915345106962,-0.0001284540658161859
28,-0.1503951019040528,-0.29192313325890495,0.3522257003505729,-0.0001371776697851601
29,-0.055598502741190714,-0.2895179818316649,-0.1507880653736322,-0.00017501657657703618
30,0.1505378652549325,0.26584800694243427,0.06687186323839,-0.00013809165113798372
31,0.17748141655170002,0.528485580388832,0.1151206809433063,-0.00013742441001340922
32,-0.06329619454351132,-0.16190447775221628,-0.0033836235014348404,-0.00013489940283761825
33,-0.15338890149104145,-0.25009849128389305,-0.040395991161844336,-0.00010032303936213793
34,0.02463129270012132,0.054416697049305185,-0.5010035576395211,-0.00015697584228746564
35,0.020707538366195877,-0.10128183225378962,0.2048318234737252,-0.00015288819071201942
36,0.2097697479915155,0.4067916419382982,-0.11594121199216545,-0.00010910786204476608
37,0.12609093652696401,0.14571169960430552,-0.06184868831815038,-0.00014723723461429472
38,0.07103976290261471,0.25682200726075166,-0.1920899183331386,-0.0001692500642889172
39,0.04793928526345326,0.174063166814733,0.029077534323050713,-0.00014826078199803305
40,-0.07594817493185246,-0.28121169527091183,0.05266364696711889,-9.323164960051145e-05
41,-0.008177151778397729,0.07296684323270597,-0.2357272921043858,-0.00012408535417307576
42,0.03454832086578108,0.13422703837042604,0.12724554731963167,-0.00011991654798748641
43,-0.0887059672922419,-0.05866198409535173,0.15985618486753594,-9.658159871150929e-05
44,-0.10766619192889948,-0.07934283124623676,-0.17113228262194013,-0.00011326497275376823
45,-0.007115011196731302,0.04651106987603271,0.08096340280596337,-0.00010362336109892567
46,-0.00664671071859857,-0.04524211729457761,0.0854684363915652,-0.00013258169957452992
47,0.033666251681665926,-0.10820464811857278,0.0049624586445702334,-0.00013986597201665063
48,0.06327462577485221,0.10032826229360126,-0.16035173375533418,-0.00013951561095382203
49,0.3016652442410077,0.28169472069077983,0.007848714141104551,-0.00014722320048576876
50,0.20557187210249595,0.3492427097833115,0.6229433353167195,0.0225864035065797
51,-0.1376521580231156,-0.26486121072665014,0.03337917774928201,-0.00014549572341593375
52,-0.21667461629169793,-0.5098351493519999,0.024380415037114744,-0.00013126109951144826
53,-0.10758688177725162,-0.1095854631115003,-0.31293597303834986,-9.690139910389917e-05
54,-0.00015354908987319504,0.1044614865404867,0.10795471876761553,-0.00016229027477265845
55,0.11462578932531642,0.34688003375336507,-0.09073583352287073,-0.00015377630404600495
56,-0.10038300790989751,-0.14356578250146868,-0.28750448770500725,-0.0001245239092781958
57,-0.06666382921395098,-0.2422477243074468,-0.20475421548241002,-0.0001417446963500879
58,0.09362481647406184,-0.058988158160588,-0.2385681749736932,-0.00014780256503854616
59,0.3795309484071936,0.6338690130235989,0.06653089619908314,-9.44742521369335e-05
60,0.03698416773488589,0.17740403656281956,0.5376904149379698,-0.00013239356383110135
61,-0.19038532019436616,-0.4323714238319951,0.04820184738498767,-0.00011414489244998549
62,-0.06503315484661698,-0.12246483273884223,-0.013081848187411538,-0.00010465982575169619
63,0.09138748052055234,0.015056792259656504,-0.28001762326140067,-0.00015373085949477172
64,0.20802864328356918,0.38031861042892956,-0.08976600689065606,-0.00016903597980899576
65,0.1297969926015412,0.4478230364705382,-0.18865449118152355,-0.00014070696556700568
66,-0.09506574628596809,-0.1136806157293222,-0.07708687437506967,-0.00012430484264314146
67,-0.056821865911160785,-0.09823021041876245,-0.13519974604542995,-0.00013726960594340198
68,0.04245935598351025,0.3773142351391243,0.03760177698917744,-0.00013038321588965118
69,-0.10562698388667968,-0.28624789692369745,-0.07239728630763409,-0.00018008902162591767
70,-0.012469424829532727,-0.062039455685351186,-0.15762477442942213,-0.00012797757415228261
71,0.08709365726019769,-0.05266604806132591,-0.11811034177218005,-0.00012755388706864323
72,0.1670013997810429,0.5381565341577641,0.0026023952537457262,-0.0001245960304459004
73,-0.11058564725118458,-0.18342942823318253,0.1509643729829122,-0.00011666631917250925
74,0.021172955325425846,0.06699595903566546,-0.5460231670177933,-9.744766299490948e-05
75,0.17368377745987118,0.21930291000904845,-0.330493840334114,-0.00010994556754440055
76,0.29437508801663625,0.6810603904526147,0.14966680800199583,-0.00012522308708184937
77,-0.01698815552617816,0.15810010073616354,0.13275622999567815,-0.00013650884585558742
78,-0.15880494295566905,-0.34518746179898585,-0.08542655543033106,-0.00013223841455101137
79,0.023060839971265068,0.12729637557814044,-0.23213914912845723,-0.00015109639997490376
80,0.11869301916016184,0.25745031700139975,-0.16230795969146072,-0.0001260749451148513
81,0.013871915573190563,0.15577324689343186,-0.1098492647318352,-0.00014119404880830189
82,0.004575483768121558,0.045523462021918704,-0.1090098724680928,-0.00013319614322426787
83,0.11681079080443624,0.1632872347800003,0.05506192944548616,-0.00016788849234217196
84,0.13263695715539825,0.37008002089595493,0.11356799710681287,-0.0001345355727266906
85,-0.12837068571900545,-0.15122613248848893,0.10328113116327131,-0.00013326137707281305
86,-0.1858659086541934,-0.5897721395331246,-0.08758545773086723,-0.00015492449290377408
87,-0.08052326715284153,-0.189621932487114,0.13153063654073094,-0.0001410214686643485
88,0.18150439125355433,0.08072363204291833,-0.10471260944824223,-0.00014399974401158033
89,0.26755175901570283,0.6491901794425416,0.2566251842426084,-0.00012782851706560905
90,-0.18225640077838534,-0.1919941462210204,0.15160404860476717,-0.00015331682038777217
91,-0.24271293263905136,-0.4937396863394099,0.19912791874259028,-0.00015546623262707726
92,-0.056279565927695785,-0.2106921947056719,-0.3062637765852685,-0.00015113243011910527
93,0.07486978457569649,0.2557444301350813,0.0634946990017653,-0.00019768275438991623
94,-0.04356143931022416,-0.013678160372819548,-0.049010225749867686,-0.0001303306757449718
95,-0.03119015060752872,-0.0011268806601094639,-0.229459453035048,-0.00014285424714444162
96,0.12171528159535683,0.09788776356589324,-0.15072982470874763,-0.00016643786182157783
97,-0.04810811883902488,0.1353889069764307,0.291915370383677,-0.00015679750481467636
98,-0.18976448917374,-0.5200912657071797,0.08279289632562836,-0.00018658342344224366
99,0.06203805395341533,0.14046655382023232,-0.20571819965611837,-0.00012703413386816464
100,0.03558289734070286,0.13088898045083397,-0.15072315302590766,-0.00015523359797953162
101,-0.0451059327373855,-0.06026715103988067,0.0397252431193067,-0.0001329718779174982
102,-0.02044151732860655,-0.11664358442908451,0.07584794304420939,-0.00018102011716791822
103,0.16309187513621737,0.1652722504132953,-0.2713548044235097,-0.00017772256677517362
104,0.2719776056144383,0.5671090692277119,0.017667448573675415,-0.0001263401095457084
105,0.08035073474263754,0.21880109947014148,-0.10338760713028705,-0.00014311323980109592
106,-0.13556266230000347,-0.3262641187387487,0.31012842619297487,-0.00016992207469002096
107,-0.095339579654933,-0.40786829192805385,0.1737414947413214,-0.00016399173870240702
108,0.07683271139774206,0.07660723331099462,-0.06640644352185632,-0.00016206888579972656
109,0.07619443362602851,0.3900599736625736,-0.19946958760318978,-0.00018362261675974878
110,0.042495031445128006,0.0030566977045509702,-0.1481886990516159,-0.00015263439007640045
111,0.0975029019157887,0.3179633760826164,-0.034535764689891835,-0.00014764065264216697
112,-0.05641250454539204,-0.03875026944757565,0.1798084516338463,-0.0001594633645822796
113,-0.10113510941624781,-0.18588593366047235,0.15248078323212155,-0.00014841957334965628
114,-0.061446199988097305,-0.16579468732842884,-0.11150976159686365,-0.00015299332943641275
115,-0.07920412911084895,-0.16882609656428826,-0.00923743891407014,-0.0001671840726658047
116,-0.04452591092399416,-0.039669907035886354,-0.14389072973496297,-0.00019350926316974437
117,-0.03220949704564191,0.08108370853562974,0.2554761441577682,-9.90896760981741e-05
118,-0.20727426515776415,-0.2789079641723049,0.46555048143606825,-0.00014081305749868989
119,-0.13179004818198337,-0.21092940258452586,-0.18386101542272115,-0.0001572398040252665
120,-0.0686319468748593,-0.2652593063893107,-0.09531818366664879,-0.0001231432794952525
121,0.11656304591991784,0.1471347246390735,-0.034728327033107576,-0.00015394456323747363
122,0.048720439312319286,0.441660409921127,-0.3036853554221466,-0.00014319734776790938
123,0.00557014375340259,-0.0027604732799773046,-0.03197251526928824,-0.00010025986455275415
124,0.03707299596607072,0.1279673077522432,-0.21051821049039177,-0.0001560933404221032
125,-0.007930778974127861,-0.2608144419472751,0.04011916901745849,-0.00011560829568679765
126,0.09113166028117803,0.07348118826277528,0.1248648526791527,-0.0002116920269372713
127,0.1695953441681013,0.40482920745620277,0.1281446016822656,-0.00014082420443628507
128,-0.13175155503080305,-0.20826263151715807,0.0974264614709881,-0.0001167580991250361
129,-0.13869673157557827,-0.3144260097193978,-0.00854968316369309,-0.00014818229294633056
130,-0.01786050717805665,-0.30643035496817106,0.2581034479119495,-0.00015920767674515446
131,0.1438642461915265,0.19435886478564157,0.04698757613101634,-0.00018069025452405185
132,0.0036088528775621853,0.1571905157212825,0.17978321357759341,-0.00014196822712619905
133,-0.29130079774324713,-0.49700242731307753,0.3737482640603389,-0.0001463133394850047
134,-0.16027054854100697,-0.19577285441303616,0.04605784825855608,-0.00017963181051072752
135,-0.07419441663159887,-0.14537481417102072,-0.2277017520822966,-0.00014195992366694554
136,-0.011140223985307784,0.005895609422225334,0.06337933232804005,-0.00015945426963526188
137,0.002999376165519152,0.09808541060024822,0.05021111301169867,-0.00018861790442770143
138,-0.0018899771690712441,0.02044699796906002,-0.12862386427217132,-0.00015648093847175915
139,-0.11905338339761329,-0.23136128652495813,0.058698525285109326,-0.00015127092410693876
140,-0.10176743978297509,-0.2118187603642241,-0.021936782057906612,-0.00012911067375398488
141,0.1337416882463458,0.16559074994563616,-0.31937271598920347,-0.00016805693024934953
142,0.1326509868194421,0.2513702682372241,0.3107537286439026,-0.00016699270548770073
143,-0.06671650129646878,0.0014023814046311145,0.21149785485027905,-0.00014327583159001733
144,-0.13951628654928072,-0.3829466936661561,0.012701082147358989,-0.00014524276707561512
145,-0.035654250982759095,-0.12002263645300104,-0.04468485643609199,-0.00016726423632462684
146,0.01668272152579675,-0.026409831682002505,0.2157432393579768,-0.00017801490616875526
147,0.14622279171265973,0.3673130675715015,0.3136157582691226,-0.00018483120817336385
148,-0.11910182904460953,0.02932937117859069,0.03828523122861327,-0.00019306834155941033
149,-0.22641103603581314,-0.577688731516588,0.4700072394530821,-0.00016049764030867664
150,-0.18170348500154887,-0.33806137897025224,-0.004580743413782784,-0.00016008639551046144
151,-0.033358515692611945,-0.10539237839313387,-0.17290628001120467,-0.00020413690413079166
152,0.103746333054346,0.3782452600815702,0.009733975459141675,-0.0002141380560374273
153,-0.17275989723839302,-0.3271066822506725,0.5256146224691349,-0.00014994882928931474
154,-0.1852033727056437,-0.32273048816804817,-0.2769811625364156,-0.00014893795861325998
155,-0.0607689743113724,-0.2307756969341881,-0.19467035629277518,-0.00017075489114404263
156,0.12007548743457619,0.2098102301056315,0.28802625048855646,-0.00016141175598249902
157,-0.11966518643100699,-0.3610294099025566,0.28350486441722467,-0.00016100498402238372
158,-0.054633598814575635,-0.08620868425455797,0.035724560548132445,-0.00015764276332674854
159,-0.07227014662714737,-0.17305584772699945,0.10995827295488425,-0.00017213405078564392
160,0.13273899748099893,0.12646771308672555,0.110560995860979,-0.00020290393479172053
161,0.04291054311033804,0.37145913798170227,-0.04747416171730379,-0.00015874477890065464
162,-0.21907067165005856,-0.339150387142638,0.46209331597307823,-0.00021238068126194776
163,-0.21978051857644232,-0.5285785191903756,0.12156546418623293,-0.00014647234036146983
164,-0.14689644287557257,-0.3730189693847876,-0.2386363124695663,-0.00014651377034624602
165,0.05554895192244658,0.02157789881070471,0.2137616225258938,-0.00018436722302794806
166,0.11693575421338664,0.38422615958398865,0.012497959406502446,-0.00017384645622087191
167,-0.11250477921220181,-0.16822775196095563,-0.12749962704998552,-0.000148708484459803
168,-0.10151178238902503,-0.10398389029484179,-0.3065444314246406,-0.00012173886193522776
169,-0.004474505492964909,-0.1224499235065366,0.03880551269422483,-0.00016836017726973296
170,0.0021423851941904104,-0.18239712055725477,-0.09324349047832925,-0.00015837518515127158
171,0.14733476202235352,0.30023301934707547,-0.030075915287184785,-0.00015075540494535744
172,-0.13835989132144277,-0.24713617607514493,0.08575283290579705,-0.00021574040027871888
173,-0.13592496476053384,-0.38733106806614614,0.3578489317810636,-0.0001471602828360119
174,0.10486750649602072,-0.10284372088239024,0.010798737010674131,-0.00021271890682328376
175,0.21675503860990375,0.6071300769492325,0.2998514613027652,-0.0001365526703125397
176,-0.10746990473853657,-0.10914748687957854,0.021400254173073563,-0.00018110214097077915
177,-0.11964541344508461,-0.20952640039169523,-0.23427677670147773,-0.00016536604312022973
178,-0.06039411742926859,-0.19688454749655193,-0.15097418298920218,-0.00015819077276546523
179,0.036335073901682335,0.2399871650087846,-0.0006657020089733123,-0.0001368400472756548
180,-0.07321429740795793,-0.05049511278198793,0.09815318471352441,-0.0001992894331124262
181,0.0012957870324612486,0.1587072403489742,0.044864718924330305,-0.0001830770066817422
182,-0.09612312447330851,0.05509159441962197,0.22610288117385835,-0.00016288742284586988
183,-0.05309515328201542,-0.04205950493309274,-0.06212227723072772,-0.00014575433772279212
184,-0.023039742915216266,-0.1308945830399182,-0.02756639949670614,-0.00016946012084417816
185,0.14230604508094302,0.3563467653151804,-0.06226671276374418,-0.00020468712665433486
186,-0.04141816040851154,0.059711800855637875,0.03154368326785573,-0.000145579307513799
187,0.006332340309540996,0.12106457362423839,-0.09560556447321744,-0.00015408736578592652
188,0.025976707163351875,-0.07095303346014248,0.06200608165760002,-0.00017179020807134293
189,0.0642764652827168,0.18761314154730258,-0.05640571941171402,-0.00021692091877412167
190,0.04890121492792332,0.03373837071646335,0.14284778134415888,-0.00013728215219543927
191,0.18280657933604516,0.0914115291058124,0.23214582257978122,-0.00016016795672157969
192,0.14847282046565624,0.5186821789086764,-0.01659096238169866,-0.00015430487394496595
193,-0.13336736101365432,-0.3519393559604964,-0.010074120478876125,-0.000110610361275576
194,-0.17413880779065494,-0.3294138900318444,-0.13189153723595837,-0.0001430909135820002
195,-0.03508440559647852,-0.1531305665223499,0.168616916059122,-0.00016890166892835623
196,0.018320444077687625,-0.07789384783484365,-0.023663441439822464,-0.00017479533875075504
197,0.0666283403108423,0.08095066357648761,0.16212778850264442,-0.00017490253742380446
198,0.0614752099381235,0.21599001776621662,0.029540306083120527,-0.00017719950903938297
199,-0.09796032938373855,-0.26600102422932537,0.32448739348515687,-0.00014674271744752332
200,-0.18018933069527066,-0.6509268864000148,0.24935594357070556,-0.0001319588094474966
201,-0.04600136679817979,0.06233253447135212,-0.3643442854502439,-0.00020551592388073914
202,-0.06623752860900822,-0.062354573809415115,-0.03186414900598322,-0.00015783053601126085
203,0.045936291309431,0.061792371324060014,-0.10119433205832706,-0.00016888359465383473
204,0.1827173089527605,0.20646602999019592,-0.11270169549081288,-0.00017945026968391176
205,0.16795936065926753,0.34518353740494945,0.006209974718373701,-0.0001779135349693206
206,0.018696841506027795,0.12202320011226675,-0.11969639847008295,-0.00015537197259618551
207,-0.15183861825090617,-0.29219517208770185,0.20416547894890869,-0.00017677673776006486
208,-0.22613276022445916,-0.4227063530606472,-0.09210644427676584,-0.00021055355097132633
209,-0.042536071363770134,-0.13340611403228309,-0.14500022715252214,-0.00013795021305895716
210,0.11378577431838721,0.1761939234285137,-0.3370730047050756,-0.00016672127480887866
211,0.2155713048281882,0.19628651929781427,-0.14251801205035974,-0.00021332894431225213
212,0.26912073497317124,0.7276153538962831,0.18931959623714079,-0.00019428043918878757
213,-0.16029590326741072,-0.36807988657275814,0.05489539692381129,-0.0001577510094534773
214,-0.1618061418669754,-0.6690379938114006,0.1941867121798282,-0.00015149377054513025
215,0.06283185802783464,0.12972276725079723,-0.13335446891717595,-0.00014588540943805128
216,0.18503092709994462,0.4599154332562705,-0.1630282187717711,-0.00016158223724005438
217,0.01239708517937288,0.022133062754591037,-0.21128327436611016,-0.00016002771542389382
218,-0.03485471658495953,-0.2088004177301741,0.1643903983410553,-0.00017923307655109966
219,0.04331022548888086,-0.17486696043812344,-0.2459160216859715,-0.0001784295217817089
220,0.35326263848236295,0.4218747952369597,-0.15766147331147806,-0.00017962839558549604
221,0.16678195243247274,0.49091012104815945,0.09824512739150748,-0.00016573735655356359
222,0.057974764958544256,0.010247982706601988,-0.14158418953999785,-0.00014210970880412788
223,0.13063437291378932,0.09483444272575525,-2.8461929275636066e-05,-0.00017236731048342335
224,0.21950528027707605,0.5812506215945916,0.040471216234934104,-0.00014973211034430278
225,-0.03314054314671466,-0.07278415981537023,0.19663806437212372,-0.00017258350567317393
226,-0.08119919127977937,-0.2020401454622629,-0.1066231566596656,-0.00018462795281948274
227,0.001949638419432631,0.0038620305234644547,-0.18755661227534404,-0.00018472421271553685
228,0.07842838229635163,0.11577055095838773,-0.07013238654596421,-0.00017099581043567014
229,0.10607706337702894,0.06983682679879166,-0.2384888285830158,-0.0001865404088903233
230,0.3228952101904383,0.3619125512440746,-0.15486233242330627,-0.00014973392063666324
231,0.3589304364092527,0.7076295322049475,-0.07626487337380183,-0.00022828647161077242
232,0.010469725547409325,0.22068356144339418,0.10995521322000457,-0.00014404267318468555
233,-0.06118277912975145,-0.23539812948467898,-0.22229389588352433,-0.00013621541904740297
234,-0.03719281950606046,-0.06032196355855035,-0.3481751923167593,-0.0001721883582490591
235,-0.009317428671067773,0.2006562567098058,0.10136509275778849,-0.00019353326138116245
236,-0.02842270900788435,-0.034962571453576174,-0.05823136708022503,-0.00018397636222289293
237,0.11478205622785254,0.18580246451963944,0.090557330961758,-0.00017495283321977695
238,0.14475692579435417,0.5117833960003111,0.08143943644878959,-0.0002011975279856415
239,-0.07366100846201107,0.007131518743221932,0.17733159180110647,-0.00019555923017833265
240,-0.20598091427967802,-0.49897533470962685,0.5100114530681594,-0.00017193957717154262
241,-0.09670365220978283,-0.3070235246281925,0.04283642466570825,-0.0001670776992455103
242,0.11862263576034593,0.04210616173216408,0.11050373248700396,-0.00021797060173867067
243,0.13370141020669735,0.3077773875230605,0.33420338747926337,-0.00015494852328856723
244,-0.17185631906698973,-0.1317589274667057,-0.005948653934098047,-0.00019794921934135346
245,-0.23022792186492325,-0.4185239252627184,0.0162306985849483,-0.0001654259659176205
246,-0.12761649171312683,-0.48569836421293644,-0.06430597179264907,-0.00017246538806148237
247,0.08825038508604166,-0.03963474026895142,0.0897305148808698,-0.00017160113810632538
248,0.055694406143572905,0.25740654270475716,0.25496250654880726,-0.0001772860921960273
249,-0.13037686447728447,-0.049573279194021325,-0.05778101724699525,-0.000194151071525539
250,-0.2001143090232631,-0.4356093625503661,-0.09612853121437581,0.02257016710228754
251,0.049614559544068015,-0.00900713583007473,0.0795545629666492,-0.00018881828646044596
252,0.13497846071220465,0.46933612573357664,0.4362816160261076,-0.00021607331575523858
253,-0.13113075622686665,-0.22803609522782153,-0.17367717015919482,-0.00018277241480291195
254,-0.12186421457562346,-0.22016824333510954,-0.0014766054125345818,-0.0001666840525444968
255,-0.04722828635675569,0.03409141508598168,-0.13085252193658903,-0.00017701882063647645
256,0.09015070951375037,0.17800467790877406,0.02686674016754864,-0.00017629567491894704
257,0.036987974447015404,0.11201871747323366,-0.05330382368055098,-0.00019015690543255914
258,-0.05903859295892744,-0.15331126099135872,0.024641184925513926,-0.0001742525195709277
259,0.10835008605374696,-0.1076341247551511,-0.051073871671832194,-0.000199659944087216
260,0.2634294302454805,0.5887592786915548,0.2381556060347947,-0.00019235686096408244
261,-0.13521874451441818,-0.15564885390338645,0.017906209806341167,-0.0001799882814452758
262,-0.14433475999146594,-0.405928532615917,-0.17259415322779148,-0.00016184585041401078
263,-0.062021993304085754,-0.04816746428610941,0.17451172687833605,-0.00018314172029931797
264,-0.13814713007781165,0.004807797859996299,0.04241141472162724,-0.00018507615237695063
265,-0.15965597696026634,-0.3880254487566219,-0.061859406382211546,-0.00018342690469808076
266,0.02622774472325773,-0.12145735758315368,-0.16059664964524245,-0.00017607311013989602
267,0.16801504861814465,0.4662022011659417,-0.09222608499392493,-0.00022735526954420493
268,-0.1269803842024544,-0.13635305808995213,0.17732821635212304,-0.00017529178745689933
269,-0.16983040385224513,-0.2735174937210729,0.021716445722489652,-0.00022610272026213352
270,-0.008113196849024007,-0.04080815590762654,-0.17953756215679562,-0.00023030731722428754
271,0.0702718385227854,0.3343139902825669,-0.15056693014678046,-0.00022081995359712892
272,0.04313377966047938,0.1024137636555622,-0.07146306941739056,-0.00020383134523171975
273,0.10176801906914079,0.03381144033917849,-0.2517827570622444,-0.0002162563871479506
274,0.2540772789836865,0.4250714288682218,0.2680104333679054,-0.00021631446077208238
275,0.14825969358111024,0.6364017820537526,-0.17363579714172772,-0.00018092682927317583
276,-0.15019960033100688,-0.2630995750708678,0.05257529353050927,-0.00017643706826220296
277,-0.14315273061271228,-0.39693000219563146,-0.08194835827167424,-0.00018759686764724393
278,0.114882747920376,0.05451806484225585,-0.28828598737652555,-0.0002106387848925806
279,0.33867068407323586,0.7493049783158767,-0.23914865484670145,-0.00020030637932677564
280,0.011016564788974392,0.36365708922789963,0.013080394462562595,-0.00018183689724082797
281,-0.15659836276739725,-0.2838376854525393,0.2854191646085127,-0.00017455303759561502
282,-0.18088465649600494,-0.4218327839603262,-0.0718756369011686,-0.0001582713012453496
283,0.02925486665697008,-0.09567440921631487,-0.09242548145311957,-0.00020358027751399277
284,0.18863786124035187,0.3871275058007484,-0.12294713324465079,-0.00023572624246526175
285,0.019246494733692998,0.16367640001934092,0.18256497072627553,-0.00020551886279918108
286,-0.0929844401759965,-0.09814439279045928,-0.09748917607055319,-0.00013314650880147383
287,0.016027272142991933,0.11623566822854059,-0.0018062696110092702,-0.00023502327354663066
288,-0.0777066808657878,-0.23896814682629497,0.32832796650981777,-0.00016938450085035583
289,-0.057698619461348244,-0.14158570576984175,0.003296814219083899,-0.00020237093286823438
290,-0.12852411499312666,-0.10464744349212651,0.028121528828151554,-0.00021114000281841072
291,-0.11243467039628285,-0.1819645920823234,0.18436344573402152,-0.00022981447818892775
292,0.0109261600449031,0.21161806586499665,-0.05542376211008104,-0.00017573283503224957
293,-0.15376206376373602,-0.2674593600866615,0.18730015208278417,-0.00018274192615308493
294,-0.1250654165921219,-0.3924918290859125,0.06683328803677568,-0.0001992557899939129
295,-0.07744741279680056,-0.21828275164142497,0.3723487220897823,-0.00019921324013694175
296,-0.11799760890323796,-0.15959850041025447,0.30762785531547365,-0.00017825251859449054
297,-0.103332347001583,-0.29738613800421376,-0.029251317006924182,-0.00022204441251005846
298,-0.03238622208613151,0.048173584309353146,0.01228668082919171,-0.00017469642278911124
299,-0.11130045805191457,-0.1859713755830228,0.27428796975702596,-0.0002147943542354369
300,-0.07570324344959545,0.07097502008502943,-0.06812069653032893,-0.00021460682603446912
301,-0.081469748267466,0.07765352409288084,-0.07914311701000543,-0.00017479391743790984
302,-0.0452846461058698,-0.025885416460369015,0.026767240664483438,-0.00017183755409178048
303,0.012141004678767331,-0.06665374994764761,-0.20131773862023294,-0.0001606759162768867
304,0.029411534804580697,0.030154257037594334,-0.10438365850021114,-0.00019223403359092117
305,-0.009198107278564294,0.007990946378640729,-0.051197397705252,-0.0002104803845668357
306,0.22645396409336627,0.16483864741343268,0.11672931361164274,-0.00018818331392367327
307,0.06931333364110515,0.2344814510554727,0.24098640472188038,-0.0002097341247804252
308,-0.1592735443790616,-0.24224676913638632,-0.08635979630189183,-0.00018521483809763595
309,0.001065151846603385,-0.09485559137880273,-0.20361264846629012,-0.0002044508370317999
310,0.1270683005091655,0.09831086964354085,0.09513563118699153,-0.00021463633191842746
311,0.07663039914308456,0.3879960927766888,0.12173368704348775,-0.00020330794853862244
312,-0.1490980702421325,-0.2244942630435105,0.016026895888117565,-0.00018981422158503847
313,-0.2352242153503994,-0.5645124882372556,0.05881705343429644,-0.00019138992252010212
314,-0.006985100356359908,-0.4233660185290091,0.1429497629971621,-0.00022564933118474073
315,0.23097627964762069,0.4365279144378462,0.00792106396714587,-0.00014508453369899144
316,-0.0763560557380174,-0.24316711065168306,0.015824636475684883,-0.00018562139740652128
317,-0.19427170313412034,-0.4489422148636777,-0.06935573481197821,-0.00018979080493863876
318,-0.10324440090397502,-0.12169328246446298,-0.0914459092909965,-0.00021734637067538642
319,-0.07483342501876677,-0.1944537752529527,0.3244120104759105,-0.0001855947566582472
320,0.011176533303000724,0.03729454671207577,-0.09022436867471129,-0.00019039277134424992
321,-0.07459571817895494,-0.05873706063007944,0.05337518206636105,-0.00021344513453414038
322,-0.09846293024628494,0.05965676819252508,-0.051812307296856375,-0.00020753304670506623
323,-0.03840984381253065,-0.06814725470741223,0.007788023252516041,-0.00020799510224378537
324,-0.17792095899159222,-0.17392901831689755,-0.1685171059591113,-0.00019675487692438764
325,-0.04358357093394716,0.051109845542214316,-0.03367125838039442,-0.0001380683737011168
326,-0.09071922942206356,-0.18862765221675204,0.17502728106168775,-0.00019431399340419375
327,0.043945613906657854,-0.006063960606923047,0.05505613259850861,-0.00019774461350152706
328,0.08700049444331626,0.3395882597960167,-0.0217849390949425,-0.00022686292146545384
329,-0.1181233370721202,-0.2439219728159685,0.19438809399585466,-0.00020534069369659846
330,-0.14592194709501882,-0.520884049944101,0.04136244131089484,-0.0001833667284358853
331,0.06096520957640905,0.12606523938339365,-0.23043681100722324,-0.00021910888779075322
332,0.13237089191932228,0.17125270793414415,0.057140047263573024,-0.00019266287165464746
333,-0.040663048355213505,0.05136358407551711,0.11288215043717287,-0.00023477515452441367
334,-0.19757617113185688,-0.32117344420595373,0.1343588766546162,-0.0002092586472599578
335,-0.07322045774958497,-0.49017097188621506,-0.0976502926752687,-0.0001806847944862966
336,0.2560382476927998,0.29307183139073345,0.39395768314807356,-0.0002137141862021963
337,0.09434219091781415,0.503977029692976,0.38275317899355343,-0.00021602823727562281
338,-0.21274410780961261,-0.36492046507902387,-0.12824329590985428,-0.0001964677743444554
339,-0.25602598280659095,-0.31589436805305127,0.02920789589107642,-0.00016776756723402286
340,-0.16655122582852755,-0.41875571245907395,0.14929512300987824,-0.00022281744804786285
341,0.019255199616509344,-0.054205511481768553,-0.06651234708618858,-0.00021322867888784458
342,0.06348736849110992,0.0805367886344186,-0.014148746375894916,-0.00017353259579522273
343,0.17264416048698195,0.3955078475172513,-0.3608111833901262,-0.00018391425663821792
344,-0.001344764099940221,0.2509848964209027,-0.06024542942097355,-0.00019656489098451857
345,-0.11680364064835658,-0.3134269340812068,-0.03564314392684764,-0.00020428517501613896
346,0.06945172385752585,-0.003399565812998162,-0.2548988543706656,-0.00018683278744902054
347,0.2797692424585989,0.3596925148181924,-0.05464534861721404,-0.00021173374165073255
348,0.2383894737770902,0.5789878323997186,0.4732612172431345,-0.00021706957630840407
349,-0.13195175189258634,-0.1956978956268074,0.23850430807203793,-0.0001989225573879594
350,-0.2072218018583385,-0.3150373361970651,-0.169994277737473,0.022532950249740225
351,-0.1615628196536818,-0.5299625239627517,0.07735431833457085,-0.00021156144833867074
352,0.009607840346575358,-0.24132912413227814,-0.10955041794824183,-0.00020163338217571436
353,0.4063962273914399,0.7007709443886085,-0.045567596375434505,-0.00019322019227274723
354,0.27808691438184496,0.44056997938048426,0.015208694710977966,-0.00023789486078840127
355,0.08124874097251222,0.0742053510110452,-0.09572209890090733,-0.00014820757365896498
356,0.07273654450114009,0.16681846886760354,-0.3275725621340939,-0.00021180726878355927
357,0.16186185126736063,0.15911102587031678,-0.13373245534788225,-0.00021082656667203992
358,0.09153552118090147,-0.014766749914571164,0.10062602090229689,-0.00023097079554190714
359,0.0795235838624535,0.2767553024023641,-0.08111900621619839,-0.00019757545851462055
360,-0.061517920431811035,-0.21997837526959074,0.161291576297387,-0.00021408679100431982
361,0.13019548394112235,0.040928011107070006,-0.27943868080363643,-0.00022237243007339202
362,0.07799064154045254,0.48289602733976267,-0.20746078717101568,-0.00016484368939018168
363,-0.0881551704856065,-0.1488566053065199,0.15706868991746603,-0.00018550268191575014
364,-0.06942425319812173,-0.17909253854620033,-0.0493265440633337,-0.0002031840471090618
365,0.010422932721780853,0.04843825210352293,-0.38639915530490043,-0.00023051984175026519
366,0.2159653111807529,0.2578244185763765,-0.16957681213058606,-0.00017369197360039834
367,0.27282616510888147,0.6193888085564083,0.03590184028421106,-0.00024132846778002204
368,-0.07772401297631859,-0.1908181545970251,-0.01636338047531183,-0.000196269392688464
369,-0.023565034313776323,-0.1912906966827279,-0.25303047482388763,-0.00022773806466602764
370,0.10040721368335426,0.12889888279369188,-0.03603236371844787,-0.00021941266822977923
371,0.21438405931320403,0.34559567678471126,-0.20655369314019367,-0.00024750125669470435
372,0.3961513373456569,0.7113723305033091,-0.0021587503068332126,-0.00019784399097488858
373,0.040997865724193616,0.15877707148246145,-0.012084396654231,-0.0001995439387769693
374,-0.07353789270189282,-0.07749695003820989,-0.2957473235826171,-0.0002013053396012765
375,-0.14182225738096577,-0.24193897685626098,-0.1468969665506279,-0.00020397352932377544
376,-0.00696625440372145,-0.2226076731069213,0.03772662430093021,-0.0001950713960354733
377,0.2543129781230391,0.2100091446661736,-0.0068173903610926345,-0.00020221140681542238
378,0.2973836139874493,0.5974880066663673,0.23546020102378407,-0.0002676549262332628
379,-0.10431698476901374,-0.2215089348214292,0.04404632173002199,-0.00021367442070641118
380,-0.10673302303291621,-0.33466681574799395,0.18067767928289413,-0.0001740053227763383
381,0.07189173918965253,-0.12237859648806193,-0.3918588415109525,-0.00019205313486736486
382,0.2391138493062499,0.4066071843097916,0.21225981726151133,-0.00023709774069402556
383,0.013713588578013969,0.06931608798316802,-0.0714724461826961,-0.00019393567924907984
384,-0.09833511328076838,-0.17114982731274608,0.019235300644311337,-0.00018703290021448993
385,0.0387674054126137,-0.010111014985795919,-0.23762352880352466,-0.00021854933839904334
386,0.0830507774733178,0.2421359233507019,-0.2711574960161869,-0.00022548555318735453
387,0.16799283194910686,0.40137525969151966,-0.33919914788204153,-0.00020022785537321397
388,0.08721271930528474,0.11472955184953548,0.06810869321718371,-0.00023997152163701685
389,0.06502343083633377,-0.07958705795121546,0.061212582867312904,-0.00020419343530875267
390,0.14470698018743633,0.3520663419571406,-0.547005719507581,-0.00019774527049776225
391,0.1410045446448862,0.3014309901089973,-0.40331282651685285,-0.0002140650012165679
392,0.19704591151190698,0.4585121618818846,-0.3554038416059484,-0.00020842171039703317
393,0.016193302625481465,0.0797874358791546,-0.022700499963775655,-0.00019636902362663022
394,0.08590229842008057,0.09804265596238793,-0.1591473832798158,-0.00024489489806001075
395,0.11194209784645182,0.48240489704130596,0.07032411230409252,-0.0002529335647523112
396,-0.08809589023326225,-0.22367358897469103,-0.08729420613893524,-0.00023164476124293287
397,-0.15421338936164375,-0.20750753847136139,0.06460353881563208,-0.0002545633782915502
398,0.0487538306651345,0.07671046012882243,-0.3207360500781249,-0.00020555166832991745
399,0.03967987731732592,0.22993214112517535,0.1233184535865206,-0.00021203822876714185
400,-0.1623205708625619,-0.3324112418918048,0.516326482416531,-0.00026037495734954064
401,-0.03974302181165967,-0.11953168580151896,-0.24467248730384483,-0.00018216086670008735
402,-0.031419440771799145,0.012791732769954933,0.18963629200902687,-0.00019027661790005368
403,-0.03365406765755097,0.1760870192968298,0.07897107798046932,-0.0002560559086077774
404,-0.19154783317378588,-0.12505053123226162,0.11978734958698567,-0.00023442974332965605
405,-0.09957553163189914,-0.40962959202050797,0.002221741853702497,-0.00025262165041795015
406,0.04057234253417619,-0.011450782070426158,-0.07695537990372259,-0.00022969635631397978
407,0.11473298988516945,0.1672254797777839,-0.04101811415674206,-0.0002195824267801072
408,0.0490904315946068,0.21019982260636993,-0.3635779093951612,-0.00021602044478186144
409,0.056792633944724,-0.2271103383286288,0.03351565958547553,-0.00019061173105683338
410,0.1713908720901145,0.43600921109478463,-0.41101343295608217,-0.00026089732597256443
411,0.14599289613119026,0.38785558366774353,0.09636826605839133,-0.00022720012174204385
412,-0.12414218095346996,-0.3109397328579746,0.4303047615353961,-0.00021220742644345592
413,-0.19212372328860283,-0.3579262762069675,0.11128127178696445,-0.00021756172515097205
414,-0.10332082134954135,-0.285623826290049,-0.3546893906633386,-0.00021976636389808846
415,0.06069327853123241,0.2221895722563545,0.03245900758072651,-0.00020172141091734375
416,0.031441343463200155,0.23372720020401516,-0.19020443230017747,-0.0002188596638461604
417,-0.0464650803453992,-0.14030209288759465,-0.146417329897659,-0.00023231433806358837
418,0.03686624330111954,-0.03784365863475614,0.15663074786161246,-0.00020872261183058072
419,0.12020993251081791,0.16750748615524458,-0.007354925198725937,-0.000247098576096505
420,0.0039625859577085976,0.04280520237153951,-0.09529492779266491,-0.00021499360150301072
421,-0.018460159328469672,-0.0015799364726376552,-0.07051751741776968,-0.0002511315755668875
422,0.11412456770517565,0.021847544284867126,0.0767981979159913,-0.00023404045396091533
423,0.16652136557883068,0.30772317209920175,0.17556686585112402,-0.00021597111378923728
424,-0.10582626755501678,-0.052334030519887165,0.3581515088987004,-0.00021481725025296328
425,-0.17019715685245274,-0.44006212461019345,0.1054481515343042,-0.0002203835003911081
426,-0.18762515841967797,-0.327313442228899,0.04912786602457686,-0.00022082029266812242
427,-0.1197772848086629,-0.12356548134053469,0.13072521771407253,-0.00022786225133586413
428,0.14632077187781078,0.06882514836320297,-0.042879133593174856,-0.0001948428657101431
429,0.08409193902207335,0.1884731743697614,0.15301735197292032,-0.00024869836664720424
430,-0.11505101238685711,-0.44163428681284245,0.020004168491382757,-0.0001915628218398524
431,0.05865136473931898,0.2527749702374251,-0.31765486682193966,-0.00020337447483598226
432,0.1139406332642352,0.026331917924466097,-0.10506310635074101,-0.00023947453814798791
433,0.19471665034711805,0.369266580156534,0.0753679429996339,-0.0002409793073070432
434,-0.04761019482953088,-0.09657259736184187,-0.009155528891540143,-0.00025601271266850745
435,0.043520893726906706,-0.1610104800429042,-0.27673233062751024,-0.00018456794691701361
436,0.23373388343736679,0.37892585905353826,-0.015043018232489658,-0.00019227313151759517
437,0.05896615571731445,0.22054796547476485,0.2749241784814416,-0.0002300794215557289
438,-0.21683006427980445,-0.33518856124791796,0.19309176173464948,-0.0002400128821591352
439,-0.10585817208152548,-0.33569339787524655,-0.10460071749723454,-0.00024296025844705582
440,0.061114815218047625,0.11519631154754961,0.19830546101914592,-0.00023781107461218198
441,0.0019871202182457637,0.2443913654786911,-0.016533308014587078,-0.00022608039898841525
442,-0.0338024679793989,0.0825367765885403,-0.11805910225383798,-0.00027579812484646027
443,-0.17903166731400688,-0.45660799468072355,0.3242284276231828,-0.0002299667091278934
444,-0.11303758838670319,-0.2384399196114657,0.0007359409530920402,-0.0002319870214932962
445,0.006615504703006536,0.06740025999664567,-0.29697115407277863,-0.00023881162252337162
446,0.12379274291504316,0.2132924328509489,0.012485063405904384,-0.00023737269827961427
447,0.04854601875018716,0.12741884249425084,0.015066381600831846,-0.00021992991980823717
448,-0.04443377460682996,-0.17727599679031414,0.06516848697111755,-0.00022513620956488012
449,-0.07811661723155794,-0.08267469888556889,-0.10802724461872515,-0.0002698881921219254
450,-0.0407791625017353,0.1085076904623179,-0.167902748177994,0.0224791166294267
451,0.018479347824495562,0.1534057026983362,-0.02513660916299898,-0.0002720916783687244
452,-0.03225700504020779,-0.018044853804042305,0.14064097741977832,-0.00018547893506593027
453,-0.10184204603314129,-0.09221343481289068,-0.0749402497635856,-0.0002173203952224867
454,-0.12059427437037584,-0.3161282092228248,0.029846753772218904,-0.00025815039447252275
455,-0.005243467205332308,-0.22229806579642286,-0.1674030799958217,-0.00022676695726886464
456,0.24280960417854658,0.44073946744452996,0.23081894013880344,-0.0002394910641783099
457,-0.022621541399928446,-0.010924807989709961,0.20674516858805703,-0.0002129033670712488
458,-0.08870047788542479,-0.18436296484284753,-0.22706105769366047,-0.00021812068638382698
459,-0.1140482913225469,-0.19770903568442577,0.10038364381691167,-0.0002027570981226745
460,-0.10135856181415193,-0.1713513858577187,-0.3841400507162831,-0.00021920284729048944
461,0.009789776048080512,-0.1188426810021781,0.011512987552535492,-0.00021247249117095635
462,0.04161936837505209,0.07351357542742676,-0.09299178406583053,-0.00020636410130236982
463,0.11952685128420626,0.28547140498818635,-0.3490077058262955,-0.00022628710701155796
464,0.056295253329778916,0.31630576079035677,-0.15590989443364833,-0.0002395456779140659
465,-0.1598179079906572,-0.32402165418312734,0.2514978595997093,-0.00019245710660698023
466,-0.05644142835467392,0.10805754107062171,-0.3933152939463298,-0.00021888380706514
467,-0.10171249172611851,-0.06199572085466798,0.028756554567962667,-0.00022654758998896796
468,-0.08794388791704932,-0.3593647248793843,0.2356571216730572,-0.00022729795938403186
469,-0.07647096387728425,0.03759630414438675,0.011826101292143676,-0.00022853778483522547
470,0.021363125889308776,0.021844109122469035,0.052897930069150334,-0.0002603787772841315
471,0.004042022223188724,0.10689073802384996,-0.03544754232426328,-0.00019743031890584462
472,-0.01528670219624928,-0.24187200301457779,0.06277928873053895,-0.00019579142156089802
473,0.027898235630118506,0.16087463410104874,0.2548125317860439,-0.00018258050710073803
474,-0.004211591991861496,0.05918898461214894,0.15887660827087302,-0.00023163950527305133
475,-0.06581600528613762,0.026908141811816222,0.07777971799174566,-0.00020204979142590673
476,-0.06857054298279763,-0.04843451786192077,-0.25393647073475734,-0.00021756037574505172
477,-0.07537702159544324,-0.27453601628715774,0.033689302691627177,-0.00023859725826014255
478,0.1847543328141228,0.469182051607703,-0.23039837735434787,-0.00020835929228724126
479,0.14756921505960463,0.4498783328714637,0.2879397196801534,-0.00025824027108001246
480,-0.19645547443178657,-0.29087066276395035,-0.05602443135681767,-0.00023365025163002429
481,-0.13196868532986628,-0.3101366575438078,0.050761270614813725,-0.00019721194860267133
482,0.05846595399873422,-0.14755507175101457,-0.1800896807984742,-0.0002050179370485239
483,0.24504658618042185,0.4941421714639205,0.5007573163463945,-0.0002468906803301252
484,-0.08903951290147916,-0.13038263783366233,0.46281884191206757,-0.00022768477003864973
485,-0.20605048700525685,-0.5522478574812055,0.02857634850131774,-0.00021107376801410282
486,-0.016992876802135015,-0.1471264122046705,-0.06943235488532196,-0.0002421154530907188
487,0.18392730402871393,0.4861001484730423,0.22859071612060688,-0.0002527201735915696
488,-0.10019625354254913,-0.2193673942039709,0.34080340126452313,-0.00023637679254306931
489,-0.18998011100694612,-0.2079576318653551,-0.14721067076678196,-0.0002065655094156682
490,-0.2140971725884242,-0.24940358147151187,0.18462337252118743,-0.0002399347451387257
491,-0.22073756314301818,-0.576081840067161,0.19177373847324475,-0.00024002836715908415
492,0.006235436297288288,-0.14666975357349088,0.17050888415035104,-0.0002138924523364949
493,0.08963347557073575,0.19216014789839164,0.05646741985776771,-0.00023780507842730003
494,-0.07106664714569888,-0.05521392864395125,0.053683134917065445,-0.0002303197944115709
495,-0.16410535447101893,-0.24111513054381817,-0.12782239768009163,-0.00022456130221826243
496,-0.001082767110574423,-0.04443775149226781,-0.2551011902866094,-0.00022498768595369256
497,0.18193950821768112,0.16700709702874406,-0.2735277881213136,-0.0002563780902846702
498,0.20766022454733957,0.5518491539421007,0.17772347304085656,-0.00020982718746154205
499,-0.13784562630831942,-0.0849105546947726,0.021150495369042233,-0.00020636600589796217
