,tas,rlut,rsut,rsdt
0,0.2514414559122429,0.5957630623048829,-0.17738544475919582,3.3091498607973335e-07
1,0.32831773094795835,0.9457261604771645,0.0307741782915798,5.269458256407233e-07
2,0.07922666632083519,-0.010775057410285171,-0.1760770749026932,-2.732921871029248e-07
3,-0.0277861276740623,-0.035188558008826476,-0.2279934366519285,1.5589387203363003e-07
4,0.08566674512769623,0.18587596542485585,-0.27502817231365384,1.60384445280215e-07
5,0.15496675410372518,0.21545537593746644,-0.4100698654185635,2.3692331296842895e-07
6,0.24239365727675022,0.5662314914477236,-0.255554708642606,3.1140808687268873e-07
7,0.46775881771367267,1.1337573246542263,-0.020866910805992234,7.282501428562682e-07
8,0.24325406729019505,0.6355862629851003,0.03474856158517525,5.023563858230773e-07
9,0.15916747173037038,0.38002043501731464,-0.304296668675633,1.8929193856820348e-07
10,0.1237420242200642,0.2746960809464838,-0.479195735489796,-1.0664996352716116e-07
11,0.13340232238761018,0.21863305343563866,-0.19602384590572797,-1.2983315400560969e-07
12,0.0165662531325097,-0.10410322627495816,-0.3395764395938272,-1.5072907899593702e-07
13,0.1892576157014787,0.18470515720437675,-0.5558953406763862,1.8545733837527223e-08
14,0.18378427436414313,0.42269445090144586,-0.328953176562905,8.149697805492906e-08
15,0.08549719737823125,0.35232414093371744,0.01792300101344324,2.764353439488332e-07
16,0.0559015725123686,-0.09851350462213304,-0.2774678585857515,-8.501388037984725e-09
17,0.12916047582416468,0.18224454350126962,-0.11932280848336063,2.1856692455912707e-07
18,0.19300789867622825,0.24298312032942704,-0.13092474518633423,1.7928823581314646e-07
19,0.1376332240871534,0.3510540191541054,-0.09475314234498455,3.967876978094864e-07
20,0.022852365877554348,0.11505045501399991,-0.026362533388976317,2.4539235710108187e-07
21,0.012874538682524417,0.02415512098522754,0.04165258624415458,1.3023890232943813e-07
22,0.08293535079485537,0.1627436098659416,-0.2239084364000803,-3.619129529397469e-08
23,0.11651726573529686,0.17032717633094308,-0.021041716175233205,1.0460132671141764e-07
24,0.13165564628951643,0.14779438804922052,-0.19052996179456727,1.1884253581229132e-09
25,0.08070602291059004,0.2084139931085076,-0.16265212530613837,2.780268459900981e-09
26,0.19515873028620945,0.3851849624828958,-0.29423911420390425,-2.45281626121141e-08
27,0.30895636324765974,0.48179387275791896,-0.10057865288035828,4.4496260898085893e-07
28,0.23138698165797678,0.470696177303779,-0.03042335538543739,4.078329993717489e-07
29,0.06953337222466871,0.15805112841016467,-0.05868582343646267,2.9345113716772175e-07
30,-0.0741579396365637,-0.07945788647165841,0.2340962386771821,-6.986203970882343e-08
31,-0.18051678334290955,-0.2920368540331708,0.13686929928920222,-3.922899054487061e-07
32,-0.09782626713439413,-0.3355466829710849,0.11940931125040777,-1.1948031897190958e-07
33,-0.10055216422983904,-0.516307776540998,0.047277471792597225,-2.700301138247596e-07
34,0.10999914129280342,0.4299347729833869,0.12726458475647462,1.0401521421954385e-07
35,0.006246450746402843,0.21413211611985616,0.4181948400420481,4.613174837686529e-07
36,-0.1061959953033238,-0.21587362831778023,-0.16499620545182836,1.8125660972145852e-08
37,-0.026066983707210056,-0.18406458527476843,-0.08505690527691456,8.336087375937495e-09
38,0.04020317645091609,-0.04556258655213696,0.40474745555911795,3.567402018234134e-08
39,0.03384970955710287,0.25446560094414394,0.14069786725789868,-7.065636964398436e-09
40,-0.023793498942836777,0.07661567581686768,0.03760144322697556,-1.2217185485496884e-08
41,0.0770555476925665,0.12057212785470028,-0.21257253463662096,1.1462486781965708e-07
42,-0.16816111625945496,-0.3674616674995548,0.45366538709077986,-1.9454660105111543e-08
43,-0.3606641823589598,-0.6494410179607826,0.1530261132690498,-4.881904374087753e-07
44,-0.3653205734552216,-0.687932694706916,0.4083021517563168,-4.6323305014084326e-07
45,-0.2552211834108107,-0.5518664304664753,0.07800018691318655,-4.4298121792962775e-07
46,-0.22357088177278683,-0.3183893459806768,0.4777028849561873,-5.438380412670085e-08
47,-0.24370713682043288,-0.41548668186084114,0.18683747061409406,-2.6817701836989727e-07
48,-0.09325842000538387,-0.1436512538224406,-0.019908211582489344,-1.434855789739231e-07
49,-0.02037417235101202,0.11546997591165109,0.3298462423994266,2.16093383187399e-07
50,-0.23257422498227243,-0.2570202567311526,0.5409699027333232,-1.6364248267564108e-07
51,-0.19764934368072318,-0.5271862393474862,0.0824608139672165,-2.2147253275761614e-07
52,-0.08366408914218937,-0.285699386618802,0.10503911030278346,-8.652574479128816e-08
53,-0.019651155761096106,0.09300773785517435,0.08874705567554031,5.59516024623008e-08
54,-0.0658962748247518,-0.07292009345468387,0.40356249922173504,1.859090161815402e-07
55,-0.2149329506870572,-0.42405358329131104,0.5711785788632966,1.9135939055558993e-08
56,-0.19592947652330395,-0.47639964922345257,0.39461042764156673,-7.986722039277083e-08
57,-0.11164293721378726,-0.27587995258076603,0.31202298055919186,-1.0336077593819937e-07
58,-0.16482915113726904,-0.4352603772422867,0.2463796633457349,-2.5039389583980665e-07
59,-0.1673320159591185,-0.34888245946751795,0.08441441300395525,-2.0108723219891544e-07
60,-0.16934926873568656,-0.37833863598527273,0.29779873115599287,-7.658292133783107e-08
61,-0.1182969007779775,-0.3965382667314259,-0.0013183528016895707,-1.9496775394145516e-07
62,-0.026397056744542624,0.10437716564717903,0.07807007559382839,7.885512331995415e-08
63,-0.04595267461934327,-0.08689685603940234,0.24482559502365575,3.15901388603379e-07
64,-0.01212263836555394,0.0830822807136542,0.08006210190124818,-1.6631366861474817e-07
65,-0.11111753757552378,0.1443753501228855,0.2774588516968066,-1.5557071719740634e-07
66,-0.167345973970896,-0.4761494466752083,0.02511467925513955,-2.0503512132563628e-07
67,-0.23278646363917233,-0.3969695501244246,0.3539121876004856,-1.7341523061986663e-07
68,-0.39327674357457454,-0.5775496126838959,0.3561580512043321,-5.434750391941634e-07
69,-0.2568759514820158,-0.6706788765097258,0.1454049359229117,-3.887147386194556e-07
70,-0.08755185362582552,-0.06671076281585897,0.09884667661492585,5.43070086678199e-08
71,-0.0928006504926202,-0.21595543261386752,0.003914893606932424,1.2044864661220345e-07
72,-0.13444936529771212,-0.09699886947586833,0.27775292088398373,4.506188133746036e-08
73,-0.12628111241758688,-0.29364364888201067,0.2598520656416383,-4.340893156040693e-08
74,-0.07551734767133667,-0.08119285751357097,0.1532597046823838,-1.369501774206583e-07
75,-0.12986256803179685,-0.15598050603310298,0.05852429468671971,1.6070771380327642e-08
76,-0.05297516856450102,-0.20201465599421908,0.21293452433467053,1.9411970697547076e-08
77,0.18023460988945317,0.5289890993126676,0.2182313666234137,4.869616532232612e-07
78,0.06640912188083803,0.19862700691916757,-0.1670048684817118,-5.2911673265043646e-08
79,0.10449114368310575,0.0028291094062069533,-0.42585786779287105,-4.247152673997334e-08
80,0.18046853104135607,0.3273295631905171,-0.4081792959620998,2.6710910105975927e-07
81,0.03782240522843949,0.16391755445874878,-0.13375425656138873,-6.079238801248721e-08
82,0.06778696320674271,0.08883979813703036,-0.22020262422071823,7.923307521195966e-08
83,0.06256143048443619,0.3225358882521334,0.304620916221495,3.137785142826033e-07
84,-0.026844588504559397,0.10721140558570141,0.3988437743931996,-1.0842171604963369e-07
85,-0.19382032498378976,-0.4151012419569895,-0.15604088534099958,-6.165416834846837e-07
86,-0.34271664216623776,-0.6573201237390265,0.4971065915977704,-5.490435910360247e-07
87,-0.33730162897825267,-0.6859550407376958,0.26524736467597165,-4.3122525994476746e-07
88,-0.12374943450453202,-0.42759312406010963,0.22199756950993788,-1.4263082448451314e-07
89,-0.1049991111832469,-0.1631037400291575,0.1151182229150578,-1.1185773018951295e-07
90,-0.12765531592845036,-0.28759925049095614,-0.23182291857941095,-3.722174710674153e-07
91,0.06597286901677535,0.02365057076056587,-0.08747220835846292,1.354378582618665e-07
92,0.16132577133237191,0.503350535639612,0.31893624230973217,4.7507211320407805e-07
93,0.04344172316837103,0.14747799404671014,0.304678492007298,4.461326739146898e-07
94,-0.0630995214394261,-0.21259417164847605,-0.24794017646605937,-1.4348057675306336e-07
95,-0.04860873690978451,-0.11741634930663736,0.032801398497198875,-2.3503218926634872e-07
96,0.11106472829658287,0.311192460171668,0.23103989096944133,-3.651769020507345e-08
97,-0.13366904382337452,-0.09034760571023526,0.30758251326801656,-1.4271262216425384e-07
98,-0.21495456956796488,-0.4001592634932649,-0.17760148706831558,-6.301662551777554e-07
99,-0.243926667949097,-0.6412291184559251,0.03472533251702714,-3.890515358762059e-07
100,-0.08135794846288036,-0.14114573916936024,0.4481545447901567,1.3105750440445263e-07
101,-0.18327974521110946,-0.35044261618446626,0.011724159171592419,-2.618608050397597e-07
102,-0.087087421654644,-0.2697767812108509,0.1995545930488447,-1.1947685152335907e-07
103,-0.0437016100493679,-0.01459811132585287,-0.2739764765096879,-2.6824346832654555e-07
104,-0.11593940895278365,-0.2959283717485164,0.10418516330314276,-5.5839620927145006e-08
105,-0.029753194546913164,-0.14351965381544574,-0.04984466651752939,-1.631616441954975e-08
106,-0.030444271926512556,-0.20402596237957482,0.19736667851438483,-8.717449873074656e-09
107,0.008319015105769267,-0.014418361959940285,-0.06338118230756606,6.235990213099285e-08
108,0.09555061897287942,0.2837782491607186,0.038896962642326116,-8.674697937749443e-08
109,-0.008454231641053411,0.07592585867001844,0.06624079894810109,-1.2529631021607202e-07
110,-0.012164191059753193,-0.24837770903315004,-0.369551615464502,-1.1646142183963093e-07
111,0.17173056012467214,0.3274958962642245,-0.005870912436847675,7.255488299051649e-08
112,0.1948170326244849,0.29968642452976724,-0.20762202933312324,6.871465529911802e-08
113,0.055128482062514195,-0.05829750659202659,-0.03374731050968194,-1.0279620710207382e-08
114,0.14149026506009932,0.16160523039076224,-0.08793663463006851,1.3226326700532809e-09
115,0.11341607336612469,0.12500171739520738,-0.4420497300724975,-9.446461035622633e-08
116,0.16801773679213738,0.36453756013298744,-0.012975445306736333,1.690278850219329e-07
117,0.054197966570598055,0.12816527322630122,-0.007590783135867696,1.723673790365865e-07
118,-0.004872260660647498,-0.2503397790977431,0.01918195492197583,-1.3633120943268295e-07
119,0.04504050128321069,-0.023515651942915383,-0.034098860694456334,-4.944098463965929e-08
120,0.17860984258442159,0.27136358938491867,-0.25169003397434153,2.7495502763486e-08
121,0.22916313478037864,0.5757410838442354,-0.058210738175787924,4.014842147626041e-07
122,0.2282263837962546,0.5054701738728227,0.19988516359494213,2.681511546143156e-07
123,0.07570904591852923,0.1838400707358403,0.14839648828269958,1.9599661982283578e-07
124,0.0636074547807084,0.006538373663403263,-0.5363091461239264,-2.7625333132164087e-09
125,0.011426072646656849,0.02218775272928042,0.15631643379025206,9.258565114578232e-08
126,0.009411846857346973,-0.1498900975801405,-0.319323678285258,-3.568612783055869e-07
127,0.031768466952371455,-0.2041361439622733,-0.30605981828107076,-2.463256123519386e-07
128,0.2430569700165961,0.19982289005164944,-0.6965464387761244,-1.1186614301550435e-08
129,0.4082874606449991,0.9720702725037427,-0.3523176472668865,5.797542712571158e-07
130,0.3614155151236105,0.8724866133170224,0.03255196723812048,5.784838208455767e-07
131,0.046808623258300486,0.08700482831665113,-0.019008209170294776,-5.847920192536549e-08
132,-0.19246052646008138,-0.5073536194972519,0.008042930602115916,-1.665176796450396e-07
133,-0.14349930940852573,-0.3864978876528937,-0.16114620580985672,-4.80555456761067e-07
134,0.07911238480130578,-0.03970479824801032,-0.4281128085304289,-1.0367267577748862e-07
135,0.3491196257972433,0.6748602425473678,-0.356194964062837,1.985422954930982e-07
136,0.4011209685264703,0.9848391071466835,0.01379929763089649,6.251924560274347e-07
137,0.09227075803261187,0.3691957501759475,0.0868526195063879,-3.928363412342151e-08
138,-0.06059230737855614,-0.30987261534400545,-0.10995638783717254,-7.226486786748865e-08
139,-0.008269483271419631,0.04223399609770695,-0.06526086804625209,3.1813158329896396e-08
140,-0.03492958553499648,-0.12803960217524946,-0.09598379024848214,-8.469140766464989e-08
141,0.029954430453528857,0.026805383010099604,0.01916599546180464,-1.0695089258661028e-09
142,0.09532905562190308,0.018514438194159766,0.21283146103134243,1.6174965367099503e-07
143,0.0259873860199491,-0.11686780888720705,-0.08917031899066785,-5.899511279494618e-08
144,0.037694824927086756,0.01743061851834682,0.07941020653287012,5.961010174360126e-08
145,-0.06485343567362634,-0.38614766922407284,-0.2260537401930094,-3.8494221143992036e-07
146,0.005143175674845679,-0.13786287778805217,-0.19803818015830643,-2.1330930621843436e-07
147,0.17306064977782398,0.04004963553268226,-0.3967517738118005,9.402049272466684e-08
148,0.2390291268525857,0.4078877584561553,-0.10730399469791507,2.393514364484872e-07
149,0.18637728026777722,0.2254796842565554,-0.267719002314621,1.830671294555941e-07
150,0.4053003769047905,0.8684631784406349,-0.6117739443717625,1.74925276041904e-07
151,0.21749649438731922,0.6323733643276057,-0.338971950541449,1.8957234715344384e-07
152,0.11902832363244897,0.22484765133435758,-0.37656718601526507,-1.116152930080716e-07
153,0.24238197511635917,0.19406864361715748,-0.19358909873885466,3.216592858734657e-07
154,0.21179038863925825,0.5548308274387352,-0.21664298421457318,5.354812060431868e-07
155,0.11836055282071811,0.21008036128137064,-0.11941577083561583,-1.9954143226641463e-08
156,0.09716017395822973,0.14510122469229714,-0.31999035504011886,7.460300821549026e-08
157,0.19965016225739873,0.3238959304520961,-0.3303310212029231,1.2257726211828412e-07
158,0.21498844205711976,0.5001542036634135,-0.12631848224064868,4.001849447377026e-07
159,0.06102933618035422,0.2941314517928788,0.2579035460463217,2.4393125386268366e-07
160,-0.06162325598239704,-0.2937952077543855,-0.310350140961404,-1.3857697922503576e-07
161,-0.06837418466739109,-0.23005458613022256,-0.10784521158167593,2.0141555978625547e-08
162,0.02818602958950578,0.060346316706812786,-0.1414134625836283,-1.6772850131019368e-07
163,0.07639602820978553,0.19127268455181934,-0.1899587156331819,1.415677388649783e-07
164,-0.06719881898942504,0.001495101165289725,0.03964096816544327,-9.480720564170042e-08
165,-0.04382953934617717,0.06262299355560685,-0.024767590468357525,-1.888505494207493e-07
166,0.07167835887577212,0.31625566199627997,0.06188040251538496,1.1264239674346754e-07
167,1.408175228334585e-05,-0.0168880975960235,0.35068114121364147,3.6169865325064166e-08
168,-0.12132907368612678,-0.3083616114429333,-0.20273216254163628,-5.2760356084036175e-08
169,-0.035819519618030426,-0.346384590227899,0.1258924699812809,-6.35845367469301e-08
170,-0.046304462892294396,-0.13479327374435002,0.04848569610956588,-1.4288389138528146e-08
171,-0.052220744497731175,-0.08392248946958603,0.2230751675263889,8.986717148218304e-09
172,-0.09127762308941101,-0.17622344021788194,-0.23183878265679425,-1.9011554286407772e-07
173,0.02552990316183923,0.21965951919554527,0.01148547394865318,4.480580173549242e-08
174,-0.0886016129119298,-0.07692154557113895,0.31753882621362095,1.0445177167639486e-07
175,-0.14444059756050365,-0.20340645002099222,0.19552216666434674,-2.3610192556589027e-07
176,-0.11405797133494389,-0.22641479746562254,-0.3078991935813349,-7.785661182424519e-08
177,-0.12033982393597853,-0.1467857293964414,0.20943986491990074,-9.607191486793454e-08
178,-0.03226912291097506,-0.11360318570112327,0.11874101697176798,-9.457727401240845e-08
179,-0.09070115908252774,-0.12172009655054694,0.31582201725088055,-1.139435994446103e-07
180,-0.17970417297988206,-0.45100684437051086,0.3814044618693089,-1.2823778661186225e-07
181,-0.019323127329244016,-0.17163937054115763,-0.09078528778221084,-2.0967206637578784e-07
182,0.02206024626946146,0.01846892824880797,-0.008008681640731652,1.0758958524093032e-07
183,0.01195566028087569,0.150134240488768,0.17364118215337498,1.3045871583017288e-07
184,-0.04847138883593516,0.023447660421538785,-0.06536532837228037,-1.391538830830541e-07
185,0.0013572493251103879,0.07812978575947227,0.13436783459779633,1.6960939319687895e-09
186,-0.010478749844651247,0.19435887341015246,0.007161759631358677,-5.1358938435441814e-08
187,-0.041409302001170545,-0.08388520848652092,-0.020703961270314153,5.4573320085182786e-08
188,-0.23153767064144404,-0.45044486853061017,-0.22935018328361423,-4.4645810248766793e-07
189,-0.08130365418924157,-0.347987868270593,-0.2821691482330948,-2.2771661178921931e-07
190,0.04620732327987298,-0.06085079219397471,-0.14732248197526587,-3.5625475902634207e-09
191,0.18352943096004992,0.6266369277237516,-0.139626866891291,2.8210467917233473e-07
192,0.09511978577290847,0.08257088633507692,-0.077945223582077,1.4744495047125383e-07
193,0.05676241607545762,0.1459645046391529,-0.035146146432154524,-1.6998262708511902e-07
194,0.04706715204537204,0.1758284226051785,-0.321059011785394,1.447503450435761e-07
195,0.008787775271230203,-0.16229664075297023,-0.4804142758048897,-2.2298524982033996e-07
196,0.051430435477755054,0.056155251219649926,-0.11784902333067748,2.134959231625544e-08
197,0.10097391172212156,0.13196623885227154,-0.3164514347246552,1.3131648302078247e-07
198,0.19258944212765527,0.3808602991304326,-0.5118524222979914,2.106190777340089e-07
199,0.08645560877056369,0.12205485390506965,-0.4908756140123103,-1.1823766499219346e-07
200,0.27072659415591716,0.6885466089314889,-0.3631635721562958,1.828104245760187e-07
201,0.25281999894576757,0.4858137584452038,-0.2516438807519279,4.6623478056062595e-07
202,0.336766692937033,0.6523456848053399,-0.3773592259893235,4.594324423123908e-07
203,0.22788615183702632,0.3413012813652756,-0.32580445840702055,1.6972126104519702e-07
204,0.170294881549637,0.33052138690717925,-0.2758479781338252,2.7010054282072815e-07
205,0.12240919180436549,0.21862612818148364,-0.16160338491044968,9.982278470488382e-08
206,0.1257044494271895,0.18644848815381465,-0.3359568920933782,2.3078428057488054e-09
207,0.26245150694842323,0.3151706077455003,-0.447094467396127,2.468998445692705e-07
208,0.1389570793687085,0.14950363870102024,-0.02510675259867412,3.833362711702648e-07
209,0.04403203903268604,0.1506024895769258,-0.3191553014429189,-1.3333800552572939e-07
210,0.13638898933254495,0.35705303734474114,-0.1353882244190885,1.1905137853318593e-07
211,0.11975336771047296,0.11062247653637769,-0.23954559706997713,7.777720156809664e-08
212,0.09180308976465312,0.21232134187010843,0.1728902212949066,1.5250111573550384e-07
213,0.17150776010879554,0.4412492766350624,-0.020828672619288113,1.7833173160397564e-07
214,0.10939205456708123,0.17623368666022543,0.17685489261759813,2.7766577659349423e-07
215,-0.01369186027733349,0.032283503499257904,-0.08051401887378518,-1.4538818504661322e-07
216,-0.05493179434358808,-0.11618570034906384,0.03902804707941243,9.53646122070495e-08
217,-0.0518435191989397,-0.14806911453791827,0.18032104075496136,1.6608640862614266e-07
218,-0.2885899099197218,-0.5573914542789282,0.2534754490670963,-2.2340640271067969e-07
219,-0.2914359588293678,-0.36121434917023976,0.30006001423566886,-3.780224915317376e-07
220,-0.2873962508234058,-0.6106695054200202,0.2975294759720697,-2.0748672113768407e-07
221,-0.1950841281686735,-0.21981744435410633,0.48778993252658154,-5.5499640438938513e-08
222,-0.41999647309467036,-0.8297495629900311,0.03170908659741656,-3.801580419349193e-07
223,-0.13424752120386074,-0.41713400444692184,-0.09483998371320013,-2.553316562625696e-07
224,0.12619590172602102,0.3822223750691762,0.11893381414668625,7.573930815851782e-08
225,0.09814109674903193,0.5377240710065223,0.4066811718799954,5.97278642544552e-07
226,-0.23352363322464953,-0.3236275716521675,0.3971343389515454,-6.805527164033265e-08
227,-0.385159110422137,-0.6460227727679637,0.5546623274199334,-2.3664438231207896e-07
228,-0.23815723625136798,-0.5382944850392448,0.2930974039869767,2.143053734471323e-09
229,-0.1011018931492913,-0.27306879298396325,0.19379976227450868,-1.700861957942834e-07
230,-0.060228828215599606,0.16125525632494941,0.09659042142102692,-3.409138571441872e-08
231,-0.1660205666517527,-0.37538839344861685,0.2596871800679281,3.0667195005662506e-08
232,-0.025655698241848768,0.023986670138697264,0.1686740451693538,8.893431413525832e-08
233,-0.08029872505943558,0.11986496869721464,0.32007855927649587,1.3448317304209922e-07
234,-0.29155901093588454,-0.6297737072697203,0.22128081929393772,-1.9196534140064614e-07
235,-0.3087040141097077,-0.44489951500369784,0.4076790957369525,-3.4967337114721886e-07
236,-0.43022525381798005,-0.9142243818106124,0.19760043129438998,-7.473578875760722e-07
237,-0.32839171925940036,-0.7955312099689138,0.4038158769346154,-4.576050400828535e-07
238,-0.2344701559140958,-0.567819168684224,0.197053831424995,-2.6495865768083604e-07
239,-0.1778917657889565,-0.22829887085720202,0.18456459095510525,-1.0496142976990086e-07
240,-0.2324085163113523,-0.5864110283522734,0.3302719485917578,-2.666242266968766e-07
241,-0.1498246746156724,-0.24899437723951223,0.46709523353344196,1.1806724842244876e-07
242,-0.09064896640830966,0.10576457373986159,0.45005366747108155,3.784876412282756e-07
243,-0.19346816723219717,-0.15946581600914556,0.3859637990353946,2.8529711926239543e-10
244,-0.05568456446349046,-0.013596027866697113,0.08684273649369345,-1.8381172139925184e-08
245,-0.11347351504366543,0.019699460699968085,0.5837502939354806,1.8531079604144907e-07
246,-0.2915753018452847,-0.5653165843975501,0.4243637962357667,-2.811064518937201e-07
247,-0.3046018176144685,-0.5689382317731315,0.20506839218157324,-3.176676841576409e-07
248,-0.3395911831780154,-0.6198297082725617,0.362145916757342,-1.3436681456369115e-07
249,-0.31244301490306725,-0.4997151871777703,0.2536146108324573,-3.42933390129474e-07
250,-0.2873571870116507,-0.5240762025739514,0.5079225690855083,-1.0037842912424821e-07
251,-0.3710384733184924,-0.764879951580383,0.4406801895816841,-3.1331194350059377e-07
252,-0.3590638716395915,-0.4997155220290779,0.12068816039929686,-4.314474040256755e-07
253,-0.18288586771069504,-0.5786611977691507,0.2683588491172202,-1.6677842040735413e-07
254,-0.2424005771167117,-0.40168622863390624,0.6272865624575132,-1.2032046470267233e-08
255,-0.21820229240540812,-0.401247088624217,0.5393530178247516,-8.960842023952864e-08
256,-0.13787525293741965,-0.1625441210791223,0.2569614514128915,-1.7114479078372824e-07
257,-0.28966447634036285,-0.4965998647820413,0.5865094443565937,-1.1923657439183444e-07
258,-0.32088818517200934,-0.735689089631137,0.1802003658978606,-4.368484951555729e-07
259,-0.25209095735033316,-0.5467932327097742,0.19040125714045075,-3.537668362696422e-07
260,-0.1570481539707771,-0.46000330053215066,0.194446826717936,-1.05856543086702e-07
261,-0.07602620191818232,-0.12616289454609841,0.02265552913912927,-8.764391168369912e-08
262,0.09476456360550856,0.11309618055625492,-0.23405704086943047,-4.552799737211899e-08
263,0.2820549575444602,0.5543133139816518,-0.099780974010514,6.153119898044679e-07
264,0.12362317561326108,0.14021473012618912,-0.027204250573618083,3.3994359682765207e-07
265,0.17189920863916086,0.13546339186700607,-0.060280333150785737,1.8337209439778235e-07
266,0.22964741068932426,0.4680273356185012,-0.41460267823860875,2.075097427223227e-07
267,0.2312221956206031,0.2550893274224961,-0.5277292332527566,1.8202740648121107e-08
268,0.24052893305292855,0.5311125466449198,0.01449308546339978,1.044720079335093e-07
269,0.16172762425213705,0.07269382104965416,-0.4320242978329105,-7.527626166847767e-08
270,0.0991902964530027,-0.017047438731765396,-0.16721407137455913,-5.789274837297853e-08
271,0.23645999919727956,0.26647749586879854,-0.09937946819536592,6.6828761191573e-08
272,0.31358736622991046,0.6026981573068326,-0.34616753486757545,2.716616336329025e-07
273,0.22406058807456475,0.6387923776900948,-0.32564874350067896,2.497369564480323e-07
274,-0.04294575905765896,-0.13322859020499322,0.016603389159328685,-9.179512971968506e-08
275,-0.09996505731623984,-0.29357587944943475,-0.2977009482726771,-3.5102152651234064e-07
276,-0.030687079146105134,-0.23938423217600757,-0.1268040039279157,-1.5215545090541127e-07
277,0.026326377801581202,-0.021515155025070953,-0.2927833062111205,-7.271950153153739e-08
278,0.05687424878084357,0.27236617674270747,-0.0840717038843195,2.260950964227959e-07
279,0.038484057421044326,0.052799731231260694,0.13672167725896145,-1.6889259768504417e-08
280,0.14594245922353366,0.2307335550893299,-0.3552702663876488,7.427513537550112e-08
281,0.17010918159400035,0.3408908327677693,-0.3974016472292874,4.3055649712187005e-08
282,0.2394366313371279,0.4869322564844083,-0.2786155007196953,1.4735428521817084e-07
283,0.20337217686670783,0.4908903607939976,-0.05710653677245148,2.989725089719286e-07
284,0.1464211584561781,0.29378108202948283,-0.16511757226965074,-7.662259804419591e-08
285,0.11074432772505816,-0.04350956685934193,-0.3258956916142921,-3.924373004338122e-08
286,0.2574035621483972,0.6583685149678615,0.07966077878165834,4.836755920223368e-07
287,0.1944524936824905,0.6660220868643876,-0.014104134975255533,1.90760260920797e-07
288,-0.05773146621430669,-0.2977857522609213,-0.1374099707936267,-1.0865727517739288e-07
289,-0.045079018075000477,-0.26497935292519514,-0.15670170143407347,-1.4520441027343622e-07
290,0.09286211246666198,0.09415305035139454,-0.5096119309977922,4.1753366986085894e-08
291,0.20268636698091314,0.48729238532033037,-0.14659815065395776,1.8018687342191697e-07
292,0.23300590638274343,0.5786464220833807,0.21974374557400722,5.149760227141087e-07
293,0.020490579026613887,-0.09572180876884318,0.1158951422431187,1.0377448234066833e-07
294,-0.03200134964856716,-0.2470309057940483,-0.14761757645722184,-1.794854256331746e-07
295,0.021856188632227713,-0.054261028575155024,-0.1144117837839076,-4.553641019811039e-08
296,0.08260182843486064,0.1145960952085261,-0.14805866243514743,-1.6342596609320026e-08
297,0.0778359327812268,0.33725787875022206,0.02200221491477805,1.8471280327503337e-07
298,0.017499672397150334,0.09576378245080264,0.21649799300810457,1.217398448716267e-08
299,0.012862971140805257,-0.13441866133521785,-0.1442277815171309,-3.0362690495167044e-07
300,0.03300892856009341,-0.03963723824395515,-0.09038269049052872,-6.266452601266792e-08
301,0.13783519208124062,0.21454121473550458,0.005292430959002559,2.402489940322994e-07
302,0.06665778570879866,0.1680330546250559,0.5889788998302663,5.075241915619699e-07
303,-0.08122003930719757,-0.23551290936117653,0.11226111905516234,-1.3114953389958828e-07
304,-0.24926810979661695,-0.4789462374576203,-0.09728229160131718,-3.237232135688828e-07
305,-0.1481565549685797,-0.42379855596595917,0.03778489486738579,-1.635110606912349e-07
306,-0.2157961287311423,-0.35634012377533963,0.11642840786520026,-3.232303811273596e-07
307,-0.24464318407063956,-0.4069244248759958,0.1343302337623271,-1.8960048464577994e-07
308,-0.14570004301833706,-0.40424011098710366,0.12479280978479323,-2.270977574880817e-07
309,0.07683754271033649,0.19294027383597268,0.21462799192272541,2.617443897179328e-07
310,-0.010045213879948278,0.026625177709604486,0.30098835012435643,2.3503298507421277e-07
311,-0.08904612106715604,0.03923306980524899,0.19252435812687452,-7.8992400176503e-08
312,-0.2060361343094428,-0.47747035857946685,0.16356300243194255,-9.54455572355073e-08
313,-0.23973624347308942,-0.3065065242938374,0.18634575037633283,-1.4585702956537716e-07
314,-0.166686246119923,-0.4788818709595546,-0.039292443604892924,-3.002188577738707e-07
315,-0.07009185986288458,-0.1041018845832582,0.1712249902218872,-3.9800204376660986e-07
316,-0.08890836950394032,-0.03277084054209922,-0.12422421097986103,-1.7373008631693665e-07
317,-0.054694674306517754,0.01692039379952348,0.08502338613634208,-5.093221489005373e-08
318,-0.2625792763204231,-0.33782160269808514,0.020766775328624476,-2.907862608481082e-07
319,-0.2843159635811503,-0.49785510190343985,0.3808382205853036,-9.294404890169972e-08
320,-0.22879116816034184,-0.40133083450137974,0.31146165568998185,-1.0601553412925568e-07
321,-0.22147744084134047,-0.19546130947864526,0.3663267815168325,-7.540666047134437e-08
322,-0.23106488858627472,-0.19090338945781582,0.4224047648668119,-8.42136387291248e-08
323,-0.3253613880636408,-0.5754334111395565,0.1715827011583997,-1.9804434714387753e-07
324,-0.2937069776816088,-0.7059844775796762,0.20402231256534265,-5.073443389846943e-07
325,-0.09671783865434236,-0.1517365080771924,0.1919539478746657,-1.7307678490396938e-07
326,-0.2390756744822511,0.1201902897202558,0.8513482239662693,1.7471376168032293e-07
327,-0.37592516660475894,-0.6551749349154363,-0.00772050080166764,-4.3729221488320036e-07
328,-0.2154250454742055,-0.43394826533568676,-0.047418120594542756,-2.1380901671363972e-07
329,-0.1917843101232961,-0.2635251422051965,0.3602349473666635,-8.015462071853108e-08
330,-0.16101955443889437,-0.38224753134957723,0.34938865308382105,-8.546385288354941e-08
331,-0.11667935326130419,-0.21148820144026104,0.20727401285026303,-1.3812717725159018e-07
332,-0.011724860065157827,-0.17728351109533946,0.10516072628288953,-6.099651272961637e-08
333,-0.004075561399190519,0.34568039400750195,0.4191548089360708,6.421549869628507e-08
334,-0.09630326192205985,-0.24421789206954259,0.22324791278134626,-1.69304314567853e-07
335,-0.1967976878229365,-0.4223039466605769,0.08156651695735206,-2.71301246357325e-07
336,-0.05645331900745987,-0.2661107612845228,-0.2964628689621662,-3.0931227001929074e-07
337,0.020641301400416978,0.09335302765123288,-0.1532589216815552,-1.335592969553545e-07
338,0.13581975843538885,0.33472995547984397,-0.00278569153518049,2.6331809976909426e-07
339,0.06271047279022923,0.19821898797638937,0.14122426426887102,1.6999524632410612e-07
340,0.1421852788070055,0.14075634706537699,-0.3164921993700176,-1.630733095225878e-07
341,0.2239677232163899,0.42565284571475104,-0.4558645054805055,9.781774679140653e-08
342,0.1467543274197851,0.28893055409449175,-0.17946118080298845,1.4037402706890134e-07
343,0.2185288927226452,0.18783760982955755,-0.41110127847093736,6.51925802230835e-08
344,0.22469087109715247,0.3521560149977745,-0.25106808090740174,8.553627139917808e-08
345,0.2576356244875342,0.43829427556400447,-0.5765700195182717,1.3418463140624226e-07
346,0.34793873566314915,0.583108299551327,-0.4968537010741727,1.3245994523458648e-07
347,0.3640081362944443,0.7586277118825819,-0.35169767228499893,3.783690090131131e-07
348,0.2693452750646088,0.4117490674989881,-0.17619730998033845,3.0481663770842715e-07
349,0.06940368574868216,0.24000255173643836,-0.2234344603346301,-2.1392577309597982e-07
350,0.09807577524804856,-0.07398949939684485,-0.41946414383819786,-1.257868689208408e-07
351,0.17727689342910935,0.002116549354724384,-0.5437653779507912,1.2429609341779724e-07
352,0.37809794732811497,0.43258260434112117,-0.6364465386634919,2.1007099348935299e-07
353,0.34277083111498996,0.6558792557539448,-0.1895525228610353,3.3729725146258716e-07
354,0.3263081268005408,0.6370214237940672,-0.47377079524386545,3.203560936526628e-07
355,0.30658794267839085,0.41564046927925347,-0.7446774575985557,1.2307828001212329e-07
356,0.34084970608881804,0.75749389006873,-0.3981184068276349,4.933681339025497e-07
357,0.16019268940641496,0.1775547075462498,-0.10978141895928673,2.831980054907035e-07
358,0.21289821939512876,0.2947151883740844,-0.49796538112759947,-5.6484566357539734e-08
359,0.2586754017784756,0.5668257848834628,-0.24586417946315464,4.159390414315567e-07
360,0.3878518658718235,0.7750301734841116,-0.7939528306152681,3.5833625133818714e-07
361,0.21268997666385303,0.4309406541570979,0.3779689024409407,4.795849690708565e-07
362,0.019342880587544187,-0.011031042932728496,-0.16301859146362574,-5.035604999648058e-08
363,0.06648183636946214,0.0018454693412763845,-0.21687700446943836,3.5784978535957634e-08
364,0.06513016057823506,0.3029790388178242,-0.3284217791801183,3.582539420676767e-08
365,0.260589919674203,0.3989342535324454,-0.5532085296375158,1.0880972922677756e-07
366,0.4531636985304317,0.8949947615564895,-0.2613925222893272,7.020472025942581e-07
367,0.252665958396733,0.5770774546804773,0.19997773181495404,7.694393957535794e-07
368,0.028491181874699123,0.055359431205374676,-0.10634688966709405,-5.0943185669893865e-08
369,-0.16805417773963427,-0.2004766279904402,-0.30505949665062815,-2.3453890207747463e-07
370,-0.21350863067431192,-0.4159634800217873,-0.09132975532493504,-4.6487303961839643e-07
371,-0.025629709528800504,-0.03274359657675063,-0.14094748571680782,-1.6074272934929468e-07
372,-0.11841654236803834,-0.17577078328579887,-0.009240236569027616,4.3170302888029255e-08
373,-0.12875165860793913,-0.18792105346858534,0.49727993646455104,6.973681365707307e-08
374,-0.18860326806998273,-0.24283816868265262,0.0873386648571568,-2.442499749122362e-07
375,-0.16708019614827663,-0.37826255335826886,-0.025244512303160604,-3.3270680432906374e-07
376,-0.018580342296957042,0.23003319289452406,-0.19154110909181554,8.372313686777488e-08
377,-0.006038836640243517,0.0738617699054771,0.2594754444375127,1.102436613109603e-07
378,-0.09912766946007423,-0.25838352133933995,0.250822749449398,1.3830572243023198e-08
379,-0.14874217770062614,-0.30479320779917884,0.15700984436111298,1.78758341462526e-08
380,-0.2466605038172247,-0.5058944022244134,0.3120115580295675,-1.958052848749503e-07
381,-0.10203211515249677,0.05176908859939999,0.2917412448207557,-2.215807626271271e-08
382,-0.09649983225801861,-0.18762906400289125,0.41814939773657045,2.1243732817310956e-07
383,-0.11697438309471409,-0.08529829790600729,0.13511227369424716,-2.1584838805210893e-07
384,-0.14837566933437074,-0.31937735662634736,0.28907867388458897,-1.915914822347986e-07
385,-0.11348870947853129,-0.22289611629352635,0.2623678022882956,-1.9601861822593492e-07
386,-0.21094113712092621,-0.39309293139794477,0.44764496565782963,-2.4854506364135887e-07
387,-0.22506625627005405,-0.5325732925975615,0.22199534260056453,-4.38243489497836e-07
388,-0.262881863506891,-0.37991398841518276,0.24371917735699355,6.043097755537019e-08
389,-0.31764311632070985,-0.5811682202351278,0.5341718823023172,-3.3426670142944204e-07
390,-0.2813119864670739,-0.5861941178164614,0.3258733073153053,-3.8703569771314505e-07
391,-0.4291441992744467,-0.7289918375659568,0.24818795063876564,-5.905903321945516e-07
392,-0.2898165004780253,-0.923013660500942,0.20057068715613013,-4.6504038664352265e-07
393,-0.1717623823300869,-0.2193367213794204,0.3333849363810657,-6.296562560237362e-08
394,-0.16027396900608437,-0.20742619434500398,-0.03248350297569402,-2.1674719619113603e-07
395,-0.15872804522814477,-0.17517012052331893,0.3241604330692951,6.553989351232303e-08
396,-0.18657329470562445,-0.15670161138447725,0.17792231349103815,-7.286979553100537e-08
397,-0.1140007074381515,-0.15970570726477717,0.14538153097942086,-1.5591245983159752e-07
398,-0.01725587635746706,0.0025336327795173474,0.04594634148855903,4.122176733289962e-08
399,-0.028936523283107363,0.027776688077381095,0.08822781531630142,-6.573935706910561e-08
400,0.029093664775871275,0.3894789400748948,0.2423653434629074,-1.4263719094742555e-09
401,-0.18901987119005526,-0.18422872097664822,0.3634411142383982,-1.9813438711935305e-07
402,-0.2141074803854508,-0.5711910078172195,0.0019283142514865403,-2.3001314275461482e-07
403,-0.02787566041848777,0.11398345500691676,0.11607967355639914,-1.713141273285146e-08
404,-0.2185646823035654,-0.3373797533984657,0.27257620880557454,-5.100168891658541e-07
405,-0.3075634598187662,-0.780102282488798,-0.055898579583725905,-6.993205374783429e-07
406,-0.14617761097633775,-0.43426743463518847,0.02709881110844492,-4.543693989944586e-07
407,0.14560487193654126,0.18615558674756016,0.18079240030603216,2.552737896621693e-07
408,0.08039842257727514,0.513557246230107,0.5115058435526407,3.7237623473629355e-07
409,-0.2344365773942627,-0.6491088389163338,-0.08792945895859816,-3.05824585211667e-07
410,-0.25050666821243794,-0.46244292741104687,-0.14949762112304654,-3.874623644151143e-07
411,-0.09796894014164081,-0.2720753737205541,-0.25184156832497706,-4.806564675163827e-07
412,0.10771686395844426,0.1505544408673245,-0.07027237504587447,-5.305111017150921e-08
413,0.08404231080805857,-0.08934896959087268,-0.030133859455119705,3.339283694003825e-08
414,0.2324247843951639,0.29641946176309375,-0.42959987281780343,3.484790909169533e-07
415,0.329639543765893,0.49588535812685564,-0.22922711539614227,3.306006419734331e-07
416,0.3468494608769106,0.5668621995191074,-0.31825137293121486,3.710891292030283e-07
417,0.28388456018183206,0.5320755256277039,-0.5075948886311608,3.8006095337550505e-07
418,0.28537488862156124,0.5464919235213586,-0.36121491456528076,3.0037210763111943e-07
419,0.282393932547393,0.6449609880988305,-0.20571224035575142,3.281714953118353e-07
420,0.08553105884800516,-0.0059574149282468625,-0.36356705050521043,-2.5414692572667263e-10
421,0.1731999762992018,0.18439892853439233,-0.46930706297995073,-1.2715781849692576e-07
422,0.2100282293661735,0.2601508303221465,-0.5940418436913149,3.230172751500504e-07
423,0.3380009917565303,0.5989185195955997,-0.6280592567423042,3.779991857300047e-07
424,0.4276933317878502,0.813451023170245,-0.6182702138623171,3.2427647056465503e-07
425,0.3758162277623569,0.6411625029809329,-0.5991426191952911,2.1889826484766672e-07
426,0.44239487693130286,1.019049654236369,-0.6089774899109983,3.5196381986679626e-07
427,0.3362830127180132,0.9771487842163538,-0.18327608289537523,5.076933007330808e-07
428,0.20227033403574524,0.07365035902981276,-0.5149476933477501,-4.149563892497099e-08
429,0.4696788519098618,0.7205343693210011,-0.589406435913105,4.0860641092876904e-07
430,0.5444852629249226,1.2899937919185902,0.18989921981521718,1.0121554510078568e-06
431,0.1034174734340354,0.1563923740552866,-0.18014833902823568,1.7320576262136456e-07
432,0.0772200425246865,0.05667892690595977,-0.634802411691652,-2.4363203010580037e-08
433,0.09335535613655566,0.07042012169978307,-0.28708591934267247,7.707757276875782e-08
434,0.15090251866354265,0.2207681991978916,-0.2509981544802429,3.666690417958307e-08
435,0.3266403613455964,0.6829008111995165,-0.22444734035698843,3.8753347553210915e-07
436,0.2145118667231145,0.6264397428835764,0.30344314495295066,5.320692366694857e-07
437,0.02849270905994672,-0.06544366357630338,-0.06438524795699152,1.855931373029307e-07
438,0.03796873301018877,0.2493764775728664,-0.2212533654679305,2.0799870981136337e-07
439,0.08047447704279875,0.23768002836558821,-0.27172567748360166,3.007386339959339e-08
440,0.11911934665664603,0.30217425966489486,-0.21669984106802076,-2.1753976398031227e-10
441,0.1699828940588759,0.4903827221381789,-0.16111239292075652,1.4826008509771782e-07
442,0.16181537322609074,0.5361827319573251,-0.09010651278040882,1.2073871857865015e-07
443,-0.011184292589348388,0.17254261615809696,0.033140274450829565,-1.8652895050763618e-07
444,-0.07669373188554118,-0.2618464019135729,0.4539861266966767,-1.8586786154628498e-07
445,-0.28039242626334726,-0.4632714469072141,0.08381673867916106,-5.417374495664262e-07
446,-0.2132029453230757,-0.5899357710470383,0.023754184378276477,-4.546133709482092e-07
447,-0.02564814419480399,-0.031000064864372234,0.3779872716700936,5.4028021168051055e-08
448,-0.02173955310627207,-0.06592379783432989,0.1072872951263264,-1.298643041991454e-07
449,-0.07687891187600826,-0.14306211307200556,0.17668778121327477,-7.352093689405592e-08
450,-0.04365926137063525,-0.08027041459854445,0.13462635584727423,-3.7020470244897297e-08
451,-0.037188149443636576,0.14282852156256354,-0.04966225988071926,3.003276560775703e-08
452,-0.11236403101480619,-0.0628246310700149,0.118312688066041,-1.0612444611979299e-07
453,-0.24985689036645908,-0.5748213649121681,0.33705348805057156,-9.829989267018391e-08
454,-0.17541925234672817,-0.2804336638331506,0.06654089765235938,4.1855514609778766e-09
455,-0.07541905742397148,-0.36851473028610826,0.220961991081424,1.7149943687400082e-08
456,0.059561452789466784,0.2409201626557831,0.1384898505330483,1.141663688031258e-07
457,-0.058987407822939986,-0.020925161995137387,0.32155260833951615,4.1728071664692834e-08
458,-0.3083428501738581,-0.6411448953190586,0.18689055025539858,-4.679906737692363e-07
459,-0.15657697865094633,-0.3871575344156497,0.10057768915049792,-2.4382018182222964e-08
460,-0.21140806896545428,-0.5482114028708054,0.13332053467600247,-2.0656142396546784e-07
461,-0.10887855486521403,-0.38233638302972395,0.21973441613830857,3.0174021503626136e-08
462,0.13630820332656413,0.39621187222473964,-0.058458677533479886,1.2523025816335576e-07
463,0.2128147722469862,0.7473669651712385,0.3187005705080992,7.497803835576633e-07
464,-0.1227254087486358,-0.32321937390042876,0.31852949838034306,1.1240979347348912e-07
465,-0.22544420688859645,-0.4814369000616807,0.0046151319702971705,-2.3504117052652873e-07
466,-0.051752322289473796,-0.23787783008077668,-0.09485020680884304,-1.1815848210972035e-07
467,0.028021301513604158,0.2440063186311079,0.28248940364565556,9.092764230445027e-08
468,-0.1947638909667262,-0.08922465637471078,0.603253281168378,-8.949371022026753e-09
469,-0.32093929623869144,-0.6765400698164683,0.5099248877897793,-2.3565388573842938e-07
470,-0.2946956025110694,-0.756593793763443,0.6635300405641544,-4.115292995265918e-08
471,-0.09507503639287052,-0.3159811776293111,0.02339395945895717,-1.4362183264893247e-07
472,0.007162474660788121,0.053352016093640486,0.31625357479670413,-1.4876110299155698e-07
473,0.02093322584789803,0.1328943745635911,0.5618076564041701,3.4937505688503734e-07
474,-0.28646541717461105,-0.2828914295198217,0.31328371669114574,-3.2684260986570735e-07
475,-0.24528474631551944,-0.6919703759897118,0.10501601948941186,-2.69869872226991e-07
476,-0.0980867010451334,-0.16327434941300112,0.1977876020636984,-2.0569711978168925e-07
477,-0.14937752119863035,-0.3318688124358289,0.3837918745950617,-1.450422928428452e-07
478,-0.06885598532318227,-0.272721346216116,-0.06127886373508318,-1.400669020767964e-07
479,-0.06350298826691869,0.13651985896416363,0.1509026116550558,-6.371396921167616e-08
480,-0.018430509882819024,0.11548772982467881,0.1283299904077495,1.7644231320446124e-07
481,-0.09261637833270697,-0.2915781185713513,-0.43503841367335383,-3.0592894972869544e-07
482,0.08721164061120135,0.06979627859530524,0.0038773765222543943,1.5569281686111935e-07
483,0.3502117738482866,0.5128559300106019,-0.1034856839778655,4.4362548123899614e-07
484,0.2308682878884838,0.5042891245704766,0.16275633732162476,4.852216761719319e-07
485,0.06431252115999087,0.030580185272214067,-0.2759602464430344,-2.1308244413376087e-07
486,0.10908490774556867,-0.06744333547146653,-0.17579943750524762,-2.697746026569803e-07
487,0.13393842782153342,0.2515209275310042,0.29402489998174985,3.5534282005755813e-07
488,0.16977526696359746,0.2879750007637085,0.19247799419991907,3.207670147276076e-07
489,0.04917691115969092,0.163272872891298,0.4276861047180063,3.4492296663302113e-07
490,-0.14778229830164946,-0.5017704763898791,0.15120920505718516,-1.967313778550306e-07
491,-0.1666346236547156,-0.3306104069482956,-0.1486416512638442,-1.97768088128214e-07
492,-0.09103046106463353,-0.2173151534631188,-0.5452571790636114,-3.6499869793260586e-07
493,-0.02140393227500681,-0.10981771083402236,-0.36791607873415444,-3.9107476368371863e-07
494,0.008726946716762995,-0.25970529560405,-0.49470686043044054,-1.4443958207266405e-07
495,0.09776026278473182,0.32874332771058334,-0.40465499396597693,5.809226877317997e-08
496,0.14285737803464826,0.13626248350882975,-0.31702622151486537,3.114070068477304e-08
497,0.24343873184909626,0.6003523135312037,-0.3539001648072144,2.9248951705085346e-07
498,0.3469312109225484,0.7758941334871281,0.32948364781525186,6.4936278931782e-07
499,0.16674687829060986,0.36041705435084737,-0.018218826460071114,2.744020548561821e-07
