,tas,rlut,rsut,rsdt
0,1.258820350502333,-0.29533361401504976,-0.5028468626773446,0.0727447962315182
1,1.2581845170477095,0.028797548618797464,-0.7783721939698154,0.00022176120154426826
2,1.4579981065872403,0.5744410944068079,-1.4406728138308296,-0.01865863205551932
3,1.534544075612871,0.5167664827049521,-1.4522643833354039,-0.026388170673214972
4,1.5842413081045947,0.8883271375574111,-1.5864446513661363,-0.02765664178446059
5,1.5650500326681822,0.7961984753813454,-1.30526428805112,-0.017381183691725255
6,1.4470369406849954,0.19232426013664394,-1.3793892362122762,0.054033387635229246
7,1.4661567661995605,0.0993040180302387,-1.4661257121345415,0.13196475678279285
8,1.5709025540785433,0.48753636082562934,-1.4073954274228413,0.17550849038940441
9,1.8264366262540648,0.700602539111685,-1.4885949257446072,0.19418911419705864
10,1.7252841523022084,0.4848910930416821,-0.9136567060161696,0.1501917489790685
11,1.6741127812085779,0.37918273623401433,-1.541691103788338,0.10142995710941705
12,1.6667855154912559,0.21277906577384442,-1.2330829961258587,0.05123906509891185
13,1.770578175306298,0.21676923260019976,-1.3190398090868882,0.03162693583504961
14,1.801338387257033,0.5259434745709086,-1.4645070750435423,-0.0016734261005240114
15,1.8503568718947463,0.8373545540903535,-1.241628923484086,-0.019506556992212154
16,1.6892248613092988,0.08487821450938782,-1.5630859664270673,-0.036878059831224164
17,1.721514037933673,0.22574418190868073,-1.5187749881683885,-0.03300772329004076
18,1.8668545545324946,0.5082608286450636,-1.6917828805692352,0.009798363532979693
19,1.9232829827328715,0.8373613755748579,-1.2671824315829667,0.08466412675767288
20,1.7521158113397064,0.08624739341289,-1.2010196303407525,0.09311916396569586
21,1.7611343545228237,0.24353580650716822,-1.4178724958102862,0.12655561170697638
22,1.8660251500667187,0.46504979342540764,-1.5388192778005845,0.0930756254575158
23,2.0416589839167045,0.5810562562686243,-1.6612655313142852,0.09258730952865335
24,1.9714912800894808,0.6967506061047573,-1.5588773262648488,0.043932889787356544
25,2.0032244059589175,0.5310431983931778,-1.48644418518451,-0.0008612227983917364
26,2.0834317307210313,0.7477001730135839,-1.8719832104428917,-0.04083096153254928
27,2.149467354804756,0.99101871389027,-1.8568738798841338,-0.051744914361677274
28,2.08677328234171,0.8793555447688561,-1.8924356892364784,-0.046417851602200244
29,2.0074564787854,0.8814409513144597,-1.5845801748124302,-0.021914553918634283
30,2.0218028071557796,0.6100385374427901,-1.6080141108009798,0.04880950143780183
31,1.9754720392526224,0.7348482691427023,-1.5864906317486316,0.09668568648754672
32,2.128381840398106,1.0616687268893372,-2.017660882789869,0.14962794418175918
33,2.082469047720906,0.7743764774602084,-1.6481453096596113,0.1557877744796201
34,2.0388578679097122,0.8628879140810852,-1.579848562689179,0.1116026148949345
35,2.0406564992663334,0.8365489066152065,-1.8484043758545425,0.04372624603604436
36,2.110319322368923,1.0575209064744229,-1.8694226368812679,0.010914298381351273
37,2.215478040977871,1.126002186372375,-1.948894953184947,-0.020251885755158128
38,2.1161946411430677,1.1844361363645817,-1.7253224665794704,-0.041339885817137656
39,2.023639972115575,0.8064476418711308,-2.0130036305196626,-0.03307518324999137
40,2.0080842781721344,0.5157464767877968,-1.8252163171716944,0.007640622403869202
41,2.1405392785866866,1.0423700739106607,-2.062657770650418,0.05878355112065492
42,2.2712016862650444,1.2778641980204668,-2.128700826560106,0.05965788426419749
43,2.128967333609353,1.1156725533004987,-2.007238287078451,0.06822626584090585
44,2.088294807658656,1.1126787459486138,-1.7705614471263402,0.0748633578689919
45,2.11885491393258,1.064857517906404,-1.648046575767168,0.03171901784168085
46,2.029706600098166,0.7019861690303628,-1.9299899024555884,-0.0033929372567058635
47,2.2522711863981044,1.0200327717979008,-2.004346974020123,-0.032674943430379244
48,2.247870566469828,1.65843477924318,-1.912430615356385,-0.04291794088499046
49,2.140735015044811,0.9529126386990754,-1.6991891586129242,-0.04687640720186437
50,2.1252124396829117,1.001959753265055,-1.9342440025411207,-0.03404913081533323
51,2.0946136711843906,0.8118018232520967,-1.8684555135564693,0.0218307545039238
52,2.015280763396106,0.6971074905620753,-1.761118766651748,0.07136633286916094
53,2.070032442072261,1.029305505809873,-1.7997791128608327,0.0999239662383502
54,2.1435178934058854,1.2686579570445247,-1.7016449230231956,0.08804388611093827
55,2.036187605663031,0.927178182766653,-2.133778652412829,0.05726948321535019
56,2.1847047313304415,1.0296613858446335,-2.0590796308426036,0.013322835051440052
57,2.1838305544011405,1.182139158023773,-1.8090458272526604,-0.008177776982165597
58,2.2460228128859967,1.2772215835144038,-1.8900205123574096,-0.0238710211656894
59,2.1838474087068107,1.3837397835387435,-1.275156051544215,-0.0470750906140438
60,1.9215814193530605,0.7007260166732294,-1.66034384461733,-0.056650401759895885
61,1.9134891480653096,0.7272038139395249,-1.9437203587457645,-0.06611935493162946
62,2.0829732547073263,0.9900560331741133,-1.9032121248929599,-0.05350762490752459
63,2.1681877020933484,1.248823022545622,-1.7376218959621355,-0.018074137491055353
64,2.0973980073142684,1.1925857915541371,-1.8014146744707915,0.019093768608172468
65,2.0225236721606166,0.9274806593000164,-1.6554477681023485,0.046219540748325016
66,2.2317461279593545,1.5787969035265519,-2.1885711672208146,0.04919946101290407
67,2.0678749075512997,1.023899413263365,-1.7950891247097758,0.04766651703357638
68,2.1456174566197888,1.0977427881225879,-1.9670622058412306,0.019081993189274726
69,2.2407266336604152,1.6633668640278358,-2.272575316396413,0.00618206081713879
70,2.234522223997999,1.462505402564176,-2.117383628584065,-0.03626448369254831
71,2.033551005839854,0.8328014161936608,-1.5897138702713534,-0.05973912870706499
72,2.1190881181769896,1.3458944478361445,-2.0328833643722533,-0.06167747338207619
73,2.0221614595901087,1.4369681428119918,-1.8667479390775696,-0.05841011323093426
74,1.9349612830084197,0.8657674354515166,-1.4497419658881512,-0.02581120480977006
75,1.9343228239676478,0.8402087591137501,-1.7089506570551407,0.028656932644878452
76,2.117497049098745,1.3564096651623174,-1.8672368192680437,0.06868751086250313
77,2.0263329335981553,1.2705086150899945,-1.646671004403828,0.11975188582601959
78,1.9467383729971175,1.1333492054717738,-1.6085758113338073,0.09911625481146302
79,1.9239547386142704,0.8790663290544103,-1.686919960333114,0.054760547928992764
80,1.9405867518129867,1.0535924661471938,-1.7413048898832102,0.021076754620025895
81,2.1450890692290727,1.2408396067614547,-1.9595210606531595,-0.01987145468729068
82,2.1160919872420436,1.5579862734498704,-1.648742440015667,-0.03341139523087122
83,2.0333793936193274,1.1743047257014325,-1.5306321534899752,-0.046312427976431536
84,1.9991837272277735,1.0510945501487186,-1.883294813991796,-0.02762664857306163
85,1.9915331725817396,1.1820917925797119,-1.7993980047016152,0.015487831296070453
