,tas,rlut,rsut,rsdt
0,1.2295681898779094,-0.4225453706140172,-0.4707548025161543,0.07274452019561295
1,1.1969636971353452,-0.3296412479251103,-0.6753037816952769,0.0002215398124008061
2,1.4142826781417739,0.31462103951596987,-1.3286866445027243,-0.01865889974288848
3,1.4847322306885644,0.6585276508048707,-1.3000964210132082,-0.026387745245415317
4,1.4289929040862717,0.41011747940984833,-1.7105749965994619,-0.02765704767131183
5,1.4874022885146019,0.594475189487838,-1.672494679749093,-0.01738160054060245
6,1.5756072002354244,0.8554538838264136,-1.3964643611727325,0.054033833764833616
7,1.4435398015020269,0.17492635662443945,-1.1476476170788459,0.13196483119139657
8,1.4895569112520093,-0.020624903760875668,-1.3585339063195647,0.17550835705804957
9,1.6921635279709903,0.2205393698881437,-1.3479060400685796,0.19418881570015856
10,1.7675912457519303,0.6330829122355226,-1.010333322884776,0.15019184909033356
11,1.6430185179909813,0.01891496214912536,-1.3565102470846995,0.1014298150093964
12,1.6526152340463796,0.1257486568739523,-1.3071652553627189,0.05123884529876932
13,1.8295387147160795,0.5063722217590225,-1.4460611499675196,0.03162711894918857
14,1.821637244166027,0.26109199930752425,-1.4853888617973183,-0.0016736817304376927
15,1.7327543991604557,0.2468804157875013,-1.6305337713056929,-0.01950749747345526
16,1.7901768818965706,-0.01088222551521767,-1.7339626294044592,-0.03687812099195753
17,1.930659097211901,0.3229111286267994,-1.358258495594967,-0.03300760486706622
18,2.0205577547885696,0.995380939445738,-1.7941728007466935,0.009798512408622173
19,1.8574168117364138,0.18449402232832313,-1.3177175053940573,0.08466325723424006
20,1.9759280720898005,0.1371252219306598,-1.6853272699235191,0.09311858024216235
21,2.1060738265685472,0.5651446681141294,-1.720721801220762,0.12655526223107927
22,2.0841310488258387,0.6513624819729102,-1.5373467978528055,0.09307538472137367
23,2.1263566005092684,0.5410920817068074,-1.7857671767878998,0.0925865510987478
24,2.3006005240845866,0.770429971184285,-2.1782275756752654,0.043931958443636177
25,2.194716704671862,0.33015784771200174,-1.7027402035107144,-0.000861992123930122
26,2.151722867677563,0.2118341565936248,-1.8087259073394648,-0.040831733456741404
27,2.2869239523586202,0.41270722223148937,-2.16467620957836,-0.051746106133236935
28,2.328016047944402,0.5696434346437229,-2.218489965857316,-0.046418954679268154
29,2.4711439938860735,0.8789309211984744,-2.140238087596046,-0.021915392616392637
30,2.5056059229343646,0.9103400900525287,-2.0785565593200204,0.048809029644928614
31,2.4646902847619003,0.639637412550826,-2.214628224504196,0.09668473709757563
32,2.390783615001851,0.40941507170171576,-2.245527647204483,0.14962655777429745
33,2.5581953182301618,0.6488400322967891,-2.4840104838711454,0.15578636811221713
34,2.6556799332948913,0.909574739231374,-2.1121154104095012,0.1116016418980621
35,2.719059233824339,0.8087778322594374,-2.369912202460185,0.0437251970951138
36,2.9148360989532875,0.7455197045048578,-2.7539795767415995,0.010912907158285634
37,2.9197060586116663,1.0775971195229204,-2.3486690559509356,-0.020252872455728266
38,2.7045882425180707,0.548227071831775,-2.678523480178441,-0.041341946391639794
39,2.7460476851645126,0.28645622607609766,-2.812244575478914,-0.0330772407008908
40,2.9720839298663577,0.924581739312373,-2.8697550634226587,0.0076388979035755256
41,3.130964924720729,1.443554077749667,-2.817683090535567,0.058782490577698354
42,3.05571354666489,0.8780195091164273,-3.0396765757379853,0.05965588863807625
43,3.0403415745927873,0.8243146473368199,-2.852980917950063,0.06822429231283422
44,3.2130747892095997,1.2581188068705842,-3.059518339089763,0.0748609753341043
45,3.2291878086579686,1.0788708650251522,-2.922122999671089,0.031717087013987566
46,3.2170552250322544,1.1618904680560433,-2.91368476790187,-0.003394808092423318
47,3.3049065395055095,1.1564578385894038,-3.0530108051843285,-0.032677165732764024
48,3.1988402092776482,0.8452521476552306,-3.0083080017448225,-0.042920586381967496
49,3.4366925290930226,1.0068579545732064,-3.7904344795559552,-0.046879106231244805
50,3.6550941099813485,1.37277410897903,-3.2077016496054824,-0.03405128920115885
51,3.6597212558755245,1.4369427666973706,-3.6693042505904003,0.021828372115408
52,3.731396142677397,1.476394908389011,-3.7657666894257034,0.07136367896237061
53,3.7688201541704984,1.4183785702420835,-3.2403804998393895,0.09992141287648337
54,3.901663546220732,1.9204827781023823,-3.6042348129878263,0.08804096842879972
55,3.8580208138125727,1.3752362778464828,-3.8506552768294,0.05726670134214373
56,3.9644269152177003,1.6649719047173335,-3.8570777960973004,0.013319899318219086
57,4.077852064074705,1.681746175228028,-4.045910971885462,-0.008181044081823075
58,4.051012143247874,1.6092834841066406,-4.258345161553606,-0.02387464865154243
59,4.251662410089011,1.8706159075283324,-4.373769864745995,-0.04707917900753955
60,4.267414909517754,1.8933517616763993,-4.136543263440927,-0.05665353966924158
61,4.438186424424771,1.945683532590749,-4.5122995135997,-0.06612245475986356
62,4.245726867789529,1.3268066623330412,-3.891435273392105,-0.053510915714468865
63,4.33255550430232,1.2968685316813549,-4.314552042304612,-0.01807837362059672
64,4.530711911418791,2.094305419271194,-4.6316456483957325,0.019089710870730414
65,4.652433936910143,2.1546224514663663,-4.5763605834087,0.04621618260370042
66,4.619816385707281,1.9104899373919864,-4.753188985186995,0.049195134038029664
67,4.5890054950886,1.5393526507505157,-4.762307308300862,0.047662237551833186
68,4.751243270455632,1.8858948462429908,-4.917981264253072,0.019077873032927073
69,4.98957236437758,2.5567924440406955,-5.03239736209872,0.006177794430982431
70,4.981829035411408,2.266385061517127,-4.951018379069808,-0.036268755290166155
71,4.880373160603824,1.79154956474801,-4.934486398565113,-0.0597437288691367
72,5.000195608823333,2.0496813811738264,-5.261048809353952,-0.06168237108101948
73,5.220960365895621,2.284772996921447,-5.1188571029636165,-0.05841454300934856
74,5.392100908960572,2.7790248463621765,-5.468431538743857,-0.025815497840369517
75,5.445526958522805,2.7381634551261413,-5.581968461346534,0.02865277409034661
76,5.5241619461270375,2.814797091265575,-5.660703919463131,0.06868301125115295
77,5.513029734411873,2.91268854267679,-5.63254044852188,0.11974680854149256
78,5.576842329912608,2.5761727694532226,-5.5664069621317935,0.09911141923691957
79,5.687630577316952,3.0698940063992666,-5.644608047510403,0.05475593357869002
80,5.6035462845507595,2.7498393483546124,-5.546052715809381,0.021071991018459357
81,5.573463755055968,2.1075415322741264,-5.833758025794765,-0.019876851957008057
82,5.71087555587502,2.639071566902828,-5.907348241604325,-0.03341708432390078
83,5.897644762840116,2.832822677558653,-5.965232332952198,-0.04631780121792417
84,5.91178685512358,2.8168500308908904,-5.867134298536186,-0.02763176954709934
85,6.087678481761941,3.1444858031896956,-5.940314037551275,0.01548272074757051
