,tas,rlut,rsut,rsdt
0,1.049417169004812,-0.7661550011583813,0.10426272227681466,0.07245325069686714
1,1.0596320555784473,-0.4717128945676734,0.28388430024530464,0.0013040435483162582
2,0.9395678554030269,-0.7378917059477317,0.3722483546285247,-0.018115936409742517
3,1.0093095390537314,-0.9260061747220618,0.16239750797709007,-0.02694576969258833
4,1.1419739445776145,-0.5980976209698667,-0.005942590660652058,-0.02770728958392965
5,1.163518143410272,-0.8174472257385617,-0.067717619975042,-0.01730147962399542
6,1.2872259891037174,-0.5612227018798137,0.001574091512551945,0.05329561920626702
7,1.3223679477118822,-0.3281131127693868,-0.25032411020639245,0.13125159740081926
8,1.242831143427793,-0.6477924765221132,0.10034161781142359,0.1764141174049314
9,1.3386974048117395,-0.3161418733166954,-0.10881453267006691,0.19318740538858492
10,1.2773950931084528,-0.4730091284438629,0.2531864173077025,0.15026450806396952
11,1.2777785437195917,-0.8093099074298493,-0.10124646801618553,0.10001246562609367
12,1.3070931330486815,-0.5739242027960643,-0.2545685199850283,0.053071732825458184
13,1.4072185381417057,-0.349551203523049,-0.304141906093335,0.030784413532671806
14,1.363261234405968,-0.577145091320034,-0.398054186683666,-0.0011787782730152685
15,1.484052462404179,-0.4445554151307931,-0.23261922214423691,-0.019334146160701948
16,1.543284332672897,-0.3230680118534508,-0.2042803077998343,-0.036894522077886904
17,1.4583362106695859,-0.359697892112564,-0.2742127030258672,-0.03266932349356466
18,1.5337163875843771,-0.3541083661011726,-0.43319376786611485,0.009299996924539755
19,1.5782312973366857,-0.19107307932691242,-0.13792371451010865,0.08446625569513344
20,1.5737837882434178,-0.6465089283881582,-0.2794152872533857,0.0931560918184573
21,1.630094002766441,-0.08970176830692367,-0.49913401232886656,0.12813854712987904
22,1.5343042848846835,-0.5005926969801067,-0.23656052600061628,0.09224341502755351
23,1.712758631044892,-0.17389571823170513,-0.1605105687915369,0.09077671382215158
24,1.7872577749233756,0.08586006656423706,-0.5152194497817675,0.045253238859402245
25,1.7210200575568138,-0.11607205947126431,-0.6522688906347014,-0.001443790128917044
26,1.7309744616962917,-0.16996216354587546,-0.061035896526533406,-0.04069181345613515
27,1.5894057512281847,-0.7044686208211033,0.0835237839710885,-0.051593874474122
28,1.630801620978957,-0.5358096143342834,-0.2866331757299747,-0.04647276792110233
29,1.633402567633027,-0.761918772387645,-0.14950743950362266,-0.021959324562942584
30,1.6983166346265648,-0.42572123281138374,-0.442482990889431,0.048133478522174755
31,1.663974050566594,-0.23689736805823713,-0.3692214850606206,0.0964250093290957
32,1.6225814755879355,-0.3365922238375276,-0.405687731533817,0.1503534747077424
33,1.7870603669010734,-0.19563411515704843,-0.5976434002454027,0.15608066475220994
34,1.7600778831802586,-0.24028049875499846,-0.35199825592337675,0.10980101441731449
35,1.839149203616273,-0.0005060647995946965,-0.7076224965938565,0.04531955804259269
36,1.7859111545824362,-0.3607144831936182,-0.317209200587385,0.011826677664771523
37,1.7936654802522867,-0.2452322889303673,-0.7138221091796879,-0.019691995360858527
38,1.6931423963882821,-0.49222399775294434,-0.17314174639912494,-0.04193229409492005
39,1.7626948060079712,-0.418903302205365,-0.6223607840916259,-0.033088927400285684
40,1.7541125302016667,-0.3333103558753976,-0.36428549108744335,0.008180455909496231
41,1.7019906275463086,-0.5672612010112346,-0.24376048584960586,0.05708577726107933
42,1.737285459442944,-0.6237375163286458,-0.356044527277092,0.06053728407982817
43,1.8716588391079085,-0.19329788340380105,-0.7326190633558554,0.06838860422237758
44,1.936543369567005,-0.11562779849776916,-0.5123363927538662,0.07444338611793455
45,1.8475315672871488,-0.21600082304701118,-0.38902718074794507,0.03340365337572848
46,1.8319048999288725,-0.5297117649903953,-0.36205887147673366,-0.003978383562241561
47,1.9695632028665955,-0.2482199216177321,-0.6064653995822482,-0.032517802597908485
48,1.8962559091872322,-0.2747679424152807,-0.5400897356100671,-0.04308633466803258
49,1.9400615152053433,-0.57416227026971,-0.6600690173441279,-0.04663827704484902
50,1.9043931195655546,-0.2636044253526677,-0.5379902319412082,-0.0340199768403977
51,2.0366820112275263,0.00420093700992652,-0.7417672905855852,0.020950553824434337
52,1.9997483068204929,-0.18356585760901112,-0.5696983701538443,0.07115525006184953
53,2.0063783797086785,-0.33911287259905976,-0.540557923383318,0.09933111880860679
54,2.072979364137609,0.03685419813385238,-0.8413808875087483,0.08854777253799284
55,2.133861491721177,-0.07297780330733872,-0.8886270020425968,0.05735172546093281
56,2.177953561895663,-0.08325293271329315,-0.7248142713060872,0.013216905562046577
57,2.190676409483956,0.12333804949994942,-0.9011979388125155,-0.007506893443121498
58,2.1300178026898493,0.12764248245565568,-0.6163360296777682,-0.02405403011988483
59,2.0652062996578593,-0.3903505745039695,-0.5470242048499188,-0.047233177262000936
60,2.1214005096745723,-0.33722658591580057,-0.7212525943463106,-0.056652700356607966
61,2.0723686139253346,-0.20029546397537956,-0.3059955351771606,-0.06592264187867158
62,2.1249199265454877,-0.00953753971609217,-0.8423051842222549,-0.053569151324779796
63,2.1593285880982194,-0.09536808951688158,-0.817700793001265,-0.018872547633350223
64,2.141198261458271,-0.0887598137574912,-0.5625006972670406,0.020484391913498712
65,2.1070691822391154,-0.18223935432112626,-0.5971409275145589,0.04677433743160009
66,2.2612255846073595,0.2957696583681866,-1.0475042203315894,0.04789062880712436
67,2.1948752129217723,-0.26994683358410043,-1.1560545328976701,0.04768527217339624
68,2.3098456998380925,0.1343822279386302,-1.3028093906369804,0.02015089701501438
69,2.4009719819120505,0.36429036774367773,-1.0827915679714977,0.005382128399787689
70,2.343913905393549,0.3275440848953224,-0.5829563060010656,-0.03613486727857662
71,2.3443537215064225,-0.06654057435849836,-0.6901944098236612,-0.059656455320293844
72,2.33297277213029,0.1084429797558073,-0.7478795390780846,-0.0616664861991012
73,2.307454469177401,0.05693847780722194,-0.7564684238682133,-0.05827904586550403
74,2.3308932948727374,-0.1287600042657857,-0.767368472489224,-0.02571857944212752
75,2.3073177256089252,0.3740326767759825,-0.7642575425863498,0.029201881061908352
76,2.352881669843782,0.2676513943638099,-0.919255444982312,0.06761087770024687
77,2.293858061867411,0.10691411241899118,-1.0157479545231496,0.12047049927690523
78,2.3136393494672802,0.08520750613470796,-1.1272896085104236,0.09890335388024596
79,2.432236762739194,0.48976519417249165,-1.1322877643372493,0.05618996414926869
80,2.496506530828867,0.39671434899244673,-1.0043790127159014,0.020191815139298797
81,2.552844696252862,0.5541148018144497,-1.3470611269881942,-0.0195663247208131
82,2.4750248409606,0.4816335151262763,-1.0102045197757406,-0.03365501817938821
83,2.4960556304963575,0.4599657227741716,-1.1992263917659898,-0.04634394570962286
84,2.399728776972097,0.3303770837352147,-1.0236893589820255,-0.027221088911574043
85,2.3776477957516704,0.28137129214150036,-0.922982588986244,0.01463730488217152
