,tas,rlut,rsut,rsdt
0,1.1956506118868901,0.39764065452357045,-1.0561499119617679,0.07303301480061464
1,1.326721066566563,0.3785994862496693,-1.253662098392482,0.00053136961656719
2,1.2491333141650784,0.1541894339783596,-1.1790137531004774,-0.01861051020028981
3,1.2831944015783279,0.06941778659682996,-1.6290168497009887,-0.026402478271450036
4,1.4581671548638724,0.3679624102065304,-1.531336357710913,-0.027631917812300344
5,1.5779860188949897,1.173771129235945,-1.5370058248100946,-0.01754394335375764
6,1.4046554182035038,0.4492091691586211,-1.5067788466353278,0.053676263111583467
7,1.4312279051040946,0.5528174459999775,-1.7346384853289862,0.13113612278425535
8,1.4465601014416052,0.4345781009837424,-1.6022116028588158,0.17535480518887425
9,1.4467828104891964,0.6219547943575208,-1.4641777997042027,0.19363989068875753
10,1.4702089161276604,0.48367541515412427,-1.5723492312336447,0.15055716717773748
11,1.6197894755141533,0.589049415443867,-1.8916915285552562,0.10144164426401403
12,1.6996235474621813,1.1002331743800653,-1.801073616493909,0.05132856146423137
13,1.6090511446999471,0.5838362175402949,-1.9622384672329076,0.03171514256411001
14,1.6774955908032894,0.8102159499765946,-2.1198802159272248,-0.0013377034708810243
15,1.7047712685035776,0.857285104211627,-1.8936504882904472,-0.019431437423236275
16,1.7486321159934164,0.6226841394330904,-2.2634717262996134,-0.036857986119798625
17,1.956455561303983,1.5621931707619012,-2.6804009458880103,-0.0330102343332328
18,1.920459306483849,1.327790609985584,-2.5611468847273215,0.009555702306329295
19,1.9494286491796515,1.3181466161391597,-2.6202593986284484,0.08426152153850808
20,1.9416502235790176,1.245219272608466,-2.5565815546803634,0.09269119691975902
21,2.0432748963323775,1.1468732923260632,-3.0458016822349236,0.12705823929150029
22,2.1030818276663013,1.2083278365796275,-2.789111596048741,0.0918713911028135
23,2.1367189602658527,1.7648986664759434,-3.0048146287954296,0.09266099753926937
24,2.2085930352747027,1.474840918115916,-3.1808546872394317,0.0441615746875641
25,2.2094669722094977,1.7297214485805341,-3.0593128374939766,-0.0009929321862500728
26,2.3236206100236814,1.6352140713779875,-3.4658462022234175,-0.04078689966922866
27,2.477056411767876,1.7942169790358093,-3.457239461721258,-0.05179735908228622
28,2.4058843986024954,1.7536550778534945,-3.7761818196949406,-0.046449483232891
29,2.413571631164473,1.7567366552661383,-3.5622721421639056,-0.02214925818566371
30,2.5434805048740827,1.9191880037722342,-3.905058734473954,0.048509240602754744
31,2.7311448312519246,2.5849368625005127,-3.8705230452547568,0.09650578189240377
32,2.766970572709795,2.422914031084474,-4.177147915415773,0.14967483295470174
33,2.813645966658896,2.382949573128144,-4.36003913430558,0.15598151389781378
34,2.9033137184163706,2.774935074457062,-4.235230870699596,0.11134282642075277
35,2.784489538155583,2.010172011055772,-4.40363759143726,0.04431767794466168
36,3.0001443627940034,2.402938215009158,-4.544194170553482,0.011117847499065192
37,3.1391406759835263,2.8327277124121224,-4.68996809059675,-0.01975735338794493
38,3.167527146816724,3.0089334741934977,-4.942970586521909,-0.04155754009076418
39,3.163408412769286,2.8133163980470215,-4.864829577651946,-0.033135733062806594
40,3.4512110169490597,3.40724453210251,-5.408686501785098,0.007461495651455152
41,3.564747547208924,3.9292569361813605,-5.653983956013846,0.058327813742550916
42,3.3750871881472904,3.2354828029138503,-5.3683691877099875,0.05991148919576972
43,3.3574531344310685,3.0952304853126975,-5.334920750837156,0.06879507984541533
44,3.5013647998680995,3.2422028771354974,-5.528496819667012,0.07439195327867765
45,3.6322922094013848,3.7308554253937984,-5.747808061675471,0.03220286050475352
46,3.6772194829440537,3.6166992547755967,-5.851957077056184,-0.0032219663611954275
47,3.8725448351723912,3.9556154632348353,-6.10212219832745,-0.03281156443483724
48,3.986012786250285,3.939375681092997,-6.2306974224579506,-0.04299320318716582
49,3.7840477546133684,3.670306415071394,-6.042799580153655,-0.0468666642474318
50,3.852105392291662,3.7150290591694954,-6.045284890767235,-0.03407967899721598
51,4.018723876397075,3.9400034153119634,-6.335740304197927,0.021278366600938625
52,4.1289246566311135,4.352710945357103,-6.635050945481197,0.07091800768483836
53,4.260360856555565,4.26935139035001,-6.741483977468405,0.09981045013978473
54,4.2444582684582315,4.58291722376768,-6.5609617719968725,0.08785970631566897
55,4.2082883826226976,4.105230309664847,-6.867777375032944,0.05752955090906653
56,4.432358028882732,4.681293127205038,-7.320304203548432,0.013362169994934447
57,4.401805332168465,4.338685120443529,-7.254705387004293,-0.008293289787729918
58,4.497267141887789,4.51575692251572,-7.396974552813305,-0.02377501319296016
59,4.537881295357124,4.622079848222796,-7.39032697137371,-0.047005734247932196
60,4.847398665141441,5.233184442212604,-7.820588343374624,-0.05652130938119626
61,4.793579083271823,5.007032333429521,-7.847871604854134,-0.06623482849073525
62,4.767164468625765,4.752751739044726,-7.7754548631900064,-0.05350964171191208
63,4.830771730817958,5.247258921272703,-7.898668552431815,-0.01804651424970416
64,4.801791023421572,4.866982644221508,-7.970183510326677,0.01916539581645793
65,4.942435070127999,4.828062324604616,-8.031354865557631,0.046801332121617634
66,5.256083195034762,5.741679784805058,-8.496478257750795,0.04860042637216111
67,5.427680821242916,5.934667305183524,-8.588028213221591,0.04787938823068316
68,5.241840535627944,5.458887237326422,-8.854082129505457,0.01949400262697054
69,5.541558528488906,6.015963615092403,-9.254424431901612,0.005876948299260221
70,5.631637707089851,6.453319888106648,-9.194263647004306,-0.03627921586553384
71,5.452279133724858,5.7104477285771225,-9.079042174071574,-0.059673384729308054
72,5.571127563080381,5.931150949533134,-9.204689527246202,-0.061661475108621744
73,5.6165981966028085,6.0329133915773525,-9.329935044990108,-0.05839022938073413
74,5.881983713533714,6.63363326879724,-9.8682664531418,-0.025635279290213475
75,6.103466827267255,7.01298946059589,-10.32175826422386,0.028262953662135715
76,6.1357629187689895,7.131745262679431,-10.26592082789793,0.0680463886343432
77,6.262362114220025,7.209800947892717,-10.46903531964034,0.1201853734053202
78,6.418852984009732,7.677680648109998,-10.653911683973291,0.09889120756463399
79,6.360127739681786,7.476575776127618,-10.545075883958447,0.055172028683159624
80,6.377097800398644,7.51298487285834,-10.495179070770519,0.021347034653899755
81,6.596126052927559,7.7283221106240205,-11.132509350714486,-0.019900635055307703
82,6.7509061610669505,8.24492276466384,-11.28528507012848,-0.03314147485622243
83,6.7230062254172935,7.773715546566876,-11.269411178371556,-0.04634003919642282
84,6.746434149822335,8.033858416186405,-11.230383614205337,-0.02766222426072318
85,6.694197693644469,7.608813145892839,-11.283228415977177,0.014991434560045036
