,tas,rlut,rsut,rsdt
0,0.24798458643471122,0.6450734427006353,-0.18580874781686418,-0.011974273988300865
1,0.13014539590977847,0.5091661325667758,-0.1270753730985632,-0.021317204563786163
2,-0.10248578483299298,0.03875555516020768,-0.14410746238775118,-0.02323715491695566
3,0.01868162390167072,-0.0774768571268396,-0.09115429175447787,-0.041720366436550194
4,0.11848018093371593,0.3260141851046967,-0.0027933959168393585,-0.0689899517905701
5,0.22252948808574047,0.5583857926563951,-0.22749889695120373,-0.08534914546959271
6,-0.06116222835657936,0.3815191183548734,0.2692965531841054,-0.09003797743412179
7,-0.3711141013291126,-0.5105526931811255,-0.2755145519106321,-0.07817417021340134
8,0.2025513229756939,0.385501811237674,-0.21729052106178415,-0.0460379324096607
9,0.019917713289487438,0.3642145927674676,-0.12063082073181874,-0.01857641487845285
10,0.0041372958960437245,-0.18291807829601225,-0.4309436530214583,0.0019573930131286943
11,0.042886773328461913,0.37705917834543357,-0.08132467388146836,-0.0026172437579248253
12,0.1528465745461176,0.012867936182146877,-0.44302116902524347,-0.025489086771187885
13,0.16842084228801468,0.613521016705306,0.017409842414565446,-0.039601832065329745
14,-0.1022624304817441,-0.15256949012945142,-0.5172926704869383,-0.05378645199965604
15,0.2899694692576986,0.5599431162903556,-0.3803267136116517,-0.06384204873381805
16,0.1402991527860422,0.3668490533200668,-0.15246316860933007,-0.06944048163234129
17,0.08015315309535254,0.030506313619156344,-0.39909041478871643,-0.07782123104141192
18,0.13819031505755675,0.42619072209106434,-0.035532392184435935,-0.059239278820882646
19,-0.06396616906073405,-0.09078366017820372,-0.27047822982405023,-0.025324365269852933
20,-0.03681125965482579,-0.18265671040524012,-0.3237995284717812,-0.023229501552862075
21,0.1947087327152417,0.34235358900946267,0.02940952060268387,-0.0021194560923731842
22,0.1643790656114561,0.46530561888226885,-0.08295922040474579,-0.013819837465405271
23,0.0075204770779464525,0.16450158437839946,-0.15856461178850623,-0.03123739458970931
24,0.24076529373400035,0.649121033163226,-0.5239491731882282,-0.04684779212510648
25,-0.029217525130206923,0.29137870191112825,0.06752023434106036,-0.07759201273734107
26,-0.14209629619085717,-0.3617147397349356,-0.09960617431831054,-0.09098671602794184
27,0.046646174950353725,0.22922404020536646,0.09577785316659515,-0.0999749045918179
28,-0.04387929715477412,-0.15916543465226596,-0.07163218938472937,-0.1110715722101645
29,0.14249726966789922,0.2943331800782971,-0.23937069659271515,-0.1089527863261992
30,0.20001587417397104,0.4216428916671475,0.01579865838046146,-0.08167453429791749
31,0.11252436577206026,0.3346630359183962,0.09858626318036556,-0.044009289997461565
32,-0.29871060015977946,-0.42115472814285226,0.31121836776767964,-0.053728902273917356
33,-0.2938701416785534,-1.0418859103850195,1.3508165848257079,-0.05776062411575822
34,-0.43735405849031395,-1.7772142839392302,3.6727804025297104,-0.013000242808743678
35,-0.35395156216139867,-1.2065398767050226,1.0141871882762956,-0.042376281079214095
36,0.017338555654873744,-0.48080167492213377,0.10212528512960262,-0.07216457666703491
37,-0.08157666001341113,-0.10547378574011645,0.027677285116311623,-0.09220043524800303
38,-0.13389754609079318,-0.4118236576305776,-0.10849803598786423,-0.1008443528816656
39,0.01791517050804714,-0.3894299703300419,0.16212076398942088,-0.10292724522554408
40,0.02026495394414951,-0.6320440236156912,1.7893227451156264,-0.09618483851028259
41,-0.0818791244095678,-0.8909135583176351,1.1031896219450203,-0.04741013667256766
42,0.04261284699174439,-0.07782539968224,0.35156425501280353,-0.007163953421752467
43,-0.04490299563758526,-0.48814432983141387,0.2660348278815121,0.02596219260857424
44,-0.19844005564254985,-0.7163434651771183,0.11521339614400006,0.06259874110588726
45,0.10268078632731203,-0.011236525126264496,0.08470325432644188,0.02774478403620151
46,-0.0295420515404885,-0.07273607720148334,0.12575238162735047,-0.02399959399429008
47,-0.15570848444690455,-0.373967322938455,-0.289243071974596,-0.05294530706225942
48,0.11862957362427551,-0.12224770759240755,-0.15434400111494995,-0.06973322301951157
49,0.03486874363221659,0.21176085129727085,0.4222677210064063,-0.08651772312367711
50,-0.21052825609359616,-0.5983654703322259,0.31126683236303165,-0.09714750268705075
51,0.14975843084738472,-0.11883665447803082,0.02915257839624985,-0.11470894160731859
52,-0.059522722917790816,-0.37205700943985676,0.8576826017940675,-0.11023955313521583
53,-0.5974282101838071,-2.3506696019340723,3.374632270334857,-0.07498899961115058
54,-0.35555692544073736,-1.5099343858807686,1.880116391771324,-0.01082646098745954
55,-0.07913117960475802,-0.4441362072658137,0.5839168085321091,-0.039775138867810256
56,-0.27342781613850775,-0.6532227751284267,0.4307563579734648,0.008357022357586175
57,-0.27312258271598466,-0.7708852381010445,1.0134566305736143,-0.01854003591046194
58,-0.10823065554973255,-0.2480034537124709,0.7583959171397936,-0.003403958490309833
59,-0.016221418253905995,-0.29936029254443497,0.17636110097899405,-0.03361305053226715
60,-0.009671886592968804,-0.18477914824975983,0.25295284268736395,-0.058696319079217574
61,-0.18144313206983043,-0.5603228408034795,0.41858744072790444,-0.09334797083573676
62,-0.09355092939699716,-0.6489513142762462,0.7072592404033031,-0.10661472092442636
63,-0.16867238747875035,-0.6896377154415632,0.9531263091995612,-0.10368106649195852
64,-0.16774349809685418,-0.755137358652604,0.7537482610622561,-0.07690661704680224
65,-0.10934634976075586,-0.5302882119568721,0.8339498219388446,-0.0003180545318741679
66,-0.3798638871813296,-0.8584096848299225,0.31989055277333023,0.061905846070771986
67,-0.15771889384188853,-0.5573733299211483,0.1460585164560655,0.10246835602424653
68,-0.023898182407378954,-0.16459741717687848,0.7564669191722828,0.10998672947687282
69,-0.22646196889030534,-0.8499587310388108,0.6315026450883323,0.04444199209541466
70,0.080402714336401,-0.3167424917815538,0.5801854091947547,-0.01201630035842527
71,-0.05622763740745995,-0.305874273450371,0.594418757590347,-0.049847850795799786
72,-0.1573694074344303,-0.7338270725651341,0.3535730834312574,-0.08420551747263971
73,0.06305846866450793,-0.3582679327103335,0.37011917056973687,-0.0924659383607036
74,0.13990863995599057,-0.38670349121744607,0.23413971104996278,-0.07705000869270862
75,-0.031880546019579015,-0.42930328030277565,0.7706621200671577,-0.03585724003147561
76,-0.23369361992450877,-1.059969410760857,0.21217283323375113,0.016868389398609906
77,0.07945909433414045,-0.2738648763590561,0.35210748494627353,0.06367824450370563
78,0.0022921177273360627,-0.43683818945081043,0.9488747566192757,0.035316741047097366
79,-0.17058151246197895,-1.1206152867849823,1.3539534441599272,0.020011375266221876
80,0.018692612554275456,-0.24855928931208382,0.8996814401905198,0.01772089435809221
81,-0.11417752764617717,-0.7199469867004211,0.8522065097700988,-0.023525925445142093
82,-0.1948995694565383,-0.7226749829016512,0.35302481816329134,-0.055345463396349714
83,0.08961925685747474,-0.48137126659761975,0.5238009200194256,-0.06915429587957078
84,0.13009104858809906,-0.0017450654541733002,0.5591156981754182,-0.05364718278866576
85,-0.10831971776997307,-0.6235046404763693,0.763077255022921,-0.00243242198189364
86,-0.11290726322152977,-0.9034923063492499,0.8446167343856956,0.1081802658229094
87,0.027278013951899993,-0.31753403634823485,0.7979332455478385,0.11461263683264633
88,-0.21314125978204856,-0.8572841015864867,0.7335903592747002,0.09628296570127759
89,-0.17927433450802255,-0.893378594645128,0.700222579734401,0.08785240861755028
90,0.17348497847012823,-0.2940876796230043,0.8085616860113305,0.05367900101458645
91,-0.13308552041752364,-0.5115628686808975,1.0311299432316474,0.02173839414001577
92,-0.2775254666340743,-1.229263769169819,0.4488839868163126,-0.014430937310066838
93,-0.027540572981024525,-0.805934028915317,0.8636448702023216,-0.05041025079606243
94,-0.0012534275358007108,-0.6803900878651916,1.085383383113708,-0.03935193310553586
95,-0.15827938468464708,-1.0951508171957585,0.8036535959206361,0.027576058356032718
96,-0.029344945095431285,-0.7533876684698839,1.0432938343407585,0.06143219076125206
97,-0.0025048977221899804,-0.5201259602301036,0.837646472992617,0.1482529036455844
98,-0.13251435010130308,-0.7986602342519689,0.917849805863483,0.17917100384033802
99,0.07747207245387244,-0.5502409496822338,0.9485564879743862,0.14736596933670398
100,0.006583311409599446,-0.7614557173637877,0.9502822239584958,0.08431668847100582
101,-0.03720331331305715,-0.7838369337356994,0.6832576355055835,4.07528586947592e-05
102,-0.05627093370645753,-0.6832732436973004,0.9506303295859198,-0.004683780411482985
103,-0.11761015650733952,-1.2011968595899418,0.7408066213427418,-0.02955291653012182
104,0.042276983015938185,-0.768212679342497,1.153891747079797,-0.02915227441354773
105,0.0004082045668383216,-0.5439526957419503,0.9959541909970682,0.022954480274734124
106,-0.17103512091790662,-1.0005613209782496,1.1522428108674347,0.14057002976306876
107,-0.2712400006407165,-1.3745595828483772,1.0526973939566346,0.24682230393170812
108,-0.23389674809510552,-1.4984811810282963,0.6620304768052421,0.2592674531816215
109,0.2160782866358204,-0.4134165629504025,1.0074785669135764,0.20072865227876946
110,-0.07864201605087828,-0.8982018651460635,1.3013838330915206,0.15840704712132947
111,-0.11406742620704335,-1.413459138721322,1.4633854400926936,0.06589203845169322
112,-0.03224947447046134,-0.8713130221112237,1.448756717205697,0.0011287070510093145
113,-0.26318053162867727,-2.139160226477969,3.2051790480354754,-0.020890580379216317
114,-0.16291763466432485,-1.7563482464491358,2.9402908877878104,-0.031022440081869718
115,-0.18399461182616506,-1.5956733433926331,1.7099466617482335,-0.02538344832561279
116,-0.34061165767320745,-1.7312462672210813,1.3364109973360456,0.023115883479476906
117,-0.023316846010288828,-1.4019654783033673,1.1983906713386574,0.08592831837302128
118,-0.12813648760084106,-1.4438405902661486,1.7665337919343784,0.11779105719972449
119,-0.11206094722905391,-1.423284701334154,1.9888342482954613,0.12215998805203299
120,-0.29480057209190136,-2.0814906943577967,1.5728587426721958,0.12545025147699107
121,-0.0437918807257347,-1.5542900559086945,1.607788115239714,0.07311858272061045
122,0.010793757848205132,-1.2214022670877682,1.4193871758773753,0.06778821051932482
123,0.014479950014845144,-1.4906038801333636,1.4471717424437287,0.012219884049613938
124,0.053848503745768994,-1.2084282978332226,1.3869172515598365,-0.01464032982835306
125,-0.02540436598968654,-1.8929981152955122,1.8686330936165376,-0.013969061688953843
126,0.019869048066709638,-1.4429211209202322,1.6949798992739744,-0.022649275388573642
127,-0.24932469933747825,-1.8717047288212143,1.5100729865834381,0.035815081062594345
128,-0.09384064659877822,-1.8725236676665986,1.3969186330486565,0.12429243869240736
129,0.1683227596706729,-1.2533244246017148,1.5452147970692494,0.1970917485655832
130,0.19361964628325268,-1.40988312301144,1.759489294110125,0.1839091606823331
131,0.17818842567947968,-1.1790237183002148,1.5957853449024952,0.18907923773201674
132,0.11955209055201976,-1.980667612112768,2.976136824115443,0.10409858738154298
133,-0.23768847786442393,-2.640528176502272,2.779835098877655,0.10006550955193916
134,0.011516214995765495,-1.8383808527774477,2.013369834478681,0.0036168236556477495
135,-0.10313726859106964,-1.979607988455001,1.630905436523804,-0.029357560651533277
136,-0.13875552481067643,-2.2848688876817675,1.213684617768834,-0.025655339239790464
137,0.1306036291934447,-1.5859962192545254,1.4506609351937811,-0.004160181443126021
138,-0.029220254103336174,-1.7984892777107575,2.1307381124999267,0.08286749725618847
139,-0.14916409265168795,-2.4272349800170616,1.3192749211024335,0.20034553191533178
140,0.2884348248443871,-1.48391608782336,1.216538763040532,0.1778653781004209
141,0.19090433273123608,-2.243222998602505,3.0767284519698563,0.1773636293967229
142,-0.022333312119769744,-2.676053395375959,3.9773744784037177,0.1343081052387447
143,-0.2344266529174206,-2.4537171543446448,2.052076714237856,0.040509160865383365
144,-0.01545312234264884,-2.4857607372067037,1.4322917263675237,-0.014207686215399917
145,0.2952714888591572,-1.512326157282331,1.3960182766004579,-0.026030559335993075
146,0.240169407609244,-1.474509941767053,1.4014649734323825,-0.049626756501083946
147,0.15803964557738936,-2.0209648323277634,0.96639732365567,-0.017350908708522184
148,0.2948403891601288,-1.5660436911957447,1.6656503929270485,0.07315269485337694
149,0.1676531472318743,-1.7667025343602916,1.372107430252143,0.13947440747818973
150,0.3665001200049005,-1.5748903375379655,1.4659525889048552,0.1870537536615302
151,0.3260616846170592,-1.5115391011005102,1.4405993552402094,0.169204234221354
152,0.29626457778272197,-1.9658317173484363,1.349828036500412,0.17697415735256072
153,0.38687318205245447,-1.524082270737921,1.5412854606442608,0.05948899456450363
154,0.5194299876011996,-1.4929671682110097,0.9240401359424766,0.0068193984834010735
155,0.5536582253295705,-1.368489922878041,0.8621892319162896,-0.04280351495015111
156,0.3569548090387116,-1.9858573631888419,1.308714668592799,-0.05587736158560119
157,0.5813595953392792,-1.556181029131352,0.6648995878720854,-0.07765934172567768
158,0.703337582031736,-1.1297943843997587,0.6083564686159093,-0.08271191471783368
159,0.7832067404815461,-1.2047012932226266,0.6973424432168542,-0.0824583745226164
160,0.5386269998904254,-1.4638220704871685,1.1091999659736018,-0.03972615344980568
161,0.5857314556075153,-1.7581211814729159,0.6371111099320217,0.026180673533872323
162,0.7995205252279902,-1.0163748015399392,0.715985608849266,0.05507945474596454
163,0.7438244948652937,-1.100947879435381,0.8581957631574113,0.06976175055592648
164,0.5842796481272785,-1.4576529750562202,0.3890916286206476,0.08929614765844462
