,tas,rlut,rsut,rsdt
0,-0.03384200889678368,-0.009930691565784855,0.3328652585963141,5.684341886080802e-14
1,-0.021340311681910862,0.1267582167748742,-0.27807852313111425,5.684341886080802e-14
2,-0.08605842360799443,-0.25659162017473136,-0.2534881171472705,5.684341886080802e-14
3,0.19921565095762617,-0.16646880262331365,0.2005683481638556,5.684341886080802e-14
4,0.2519437573299683,0.0548337336619511,0.13572146850459887,5.684341886080802e-14
5,0.02756174302675163,-0.14673847973756438,-0.2013911561562196,5.684341886080802e-14
6,-0.052342428357178505,-0.17647707792241363,-0.38264485365257883,5.684341886080802e-14
7,0.04216401742905873,-0.6786986837521738,0.17737259731539723,5.684341886080802e-14
8,0.4077253467954165,0.32892262064973465,-0.09097551455754171,5.684341886080802e-14
9,0.35494866167459804,0.20577514832956467,0.07831505069367495,5.684341886080802e-14
10,0.01122219394591184,-0.16335998461212853,-0.501343158592249,5.684341886080802e-14
11,-0.0020492785708938754,-0.40028652876986826,-0.44700567350787423,5.684341886080802e-14
12,0.16606122702830817,-0.5068012050298591,-0.2128784701707076,5.684341886080802e-14
13,0.42422589410392675,0.2459523875127161,-0.11692570291634752,5.684341886080802e-14
14,0.24322028224355563,-0.0023661091146607305,-0.5556383576028452,5.684341886080802e-14
15,0.22515908965453946,-0.4988246669644809,-0.0997936516079534,5.684341886080802e-14
16,0.4486057704195332,-0.23082336799078007,0.013494547343753993,5.684341886080802e-14
17,0.5354004829844143,-0.22671326238503298,0.118487899770372,5.684341886080802e-14
18,0.32937686510058484,-0.15273343161800312,-0.33669470916585453,5.684341886080802e-14
19,0.33895744421278096,-0.4523086487358796,-0.18382365948610868,5.684341886080802e-14
20,0.322646123998652,-0.619805185708941,-0.08468324218890189,5.684341886080802e-14
21,0.571050305597339,-0.26863875176309193,0.09111875544141412,5.684341886080802e-14
22,0.6752459042965597,-0.36851929399171013,0.14020973632979405,5.684341886080802e-14
23,0.5029649042976416,-0.39511460181549296,0.07680623202061554,5.684341886080802e-14
24,0.41419725736642476,-0.45547855138681825,-0.39612796088381685,5.684341886080802e-14
25,0.48357740717011666,-0.9481094283097491,0.11571358404050613,5.684341886080802e-14
26,0.7151920406737418,-0.3991364949545755,-0.001798905564044162,5.684341886080802e-14
27,0.6079699551431759,-0.3575572149684092,-0.4294918921229822,5.684341886080802e-14
28,0.5180921879265838,-0.6297763637666947,-0.06807138791469924,5.684341886080802e-14
29,0.6736972333563926,-0.5588560187388509,0.020139418123932273,5.684341886080802e-14
30,0.8301622513006919,-0.2681691121573522,-0.02873632805895454,5.684341886080802e-14
31,0.5034498643061625,-0.3783836509756213,-0.4891954258756215,5.684341886080802e-14
32,0.5222975360721875,-1.076535965777623,-0.2628202891194178,5.684341886080802e-14
33,0.8291146305215875,-0.5117075759155227,0.26094776514420914,5.684341886080802e-14
34,0.8209323957544825,-0.20533717586789635,-0.19130632524641555,5.684341886080802e-14
35,0.5754368408893811,-0.5791719113868226,-0.23771550246419793,5.684341886080802e-14
36,0.6164655210954493,-0.9436973464891594,-0.1443933347043469,5.684341886080802e-14
37,0.827431089783488,-0.922607519687233,0.14846982496342775,5.684341886080802e-14
38,0.7362137204609667,-0.6996019753188136,-0.23458064191815708,5.684341886080802e-14
39,0.9530237662671084,-0.6320322233179354,0.07006775816293498,5.684341886080802e-14
40,0.9868392025314279,-0.5790911511801653,0.29336043288788005,5.684341886080802e-14
41,0.6889910385474423,-0.9829502677930293,-0.21321964050500242,5.684341886080802e-14
42,0.8218362745296872,-0.8871458163736463,-0.2684873448970819,5.684341886080802e-14
43,1.0061089074168876,-0.8733294337852442,0.41908700801194243,5.684341886080802e-14
44,1.0813809321080043,-0.541559817225874,0.03996213053855513,5.684341886080802e-14
45,0.9006655239803649,-0.8442033391003747,-0.39648752602889203,5.684341886080802e-14
46,0.8410023319423772,-0.9517124541684154,-0.7208676369689755,5.684341886080802e-14
47,1.0760112552997043,-1.121858927848706,-0.4336917186715965,5.684341886080802e-14
48,1.4051221815230406,-0.11883627157993715,-0.25274954783988335,5.684341886080802e-14
49,1.0896989019820467,-0.6697904914584285,-0.37026222925346985,5.684341886080802e-14
50,1.085784076064101,-0.7465779045014642,-0.6563920259873441,5.684341886080802e-14
51,1.3510320057919785,-0.9037283836874508,-0.09940809184121235,5.684341886080802e-14
52,1.502046277687441,-0.42143215469153006,0.09236156435427745,5.684341886080802e-14
53,1.355200241767477,-0.630196063938655,-0.4741576899696014,5.684341886080802e-14
54,1.3366478313467383,-1.0395258634763422,-0.11154241649320795,5.684341886080802e-14
55,1.5530918725242486,-0.472475136400476,-0.09075441629774161,5.684341886080802e-14
56,1.442765423989215,-0.6738233341680484,-0.11114304306556733,5.684341886080802e-14
57,1.4360686015566557,-0.7089212387436419,-0.3887638710300223,5.684341886080802e-14
58,1.2821875251723895,-0.9311300364036583,-0.7388698485540175,5.684341886080802e-14
59,1.339924986120252,-0.8711585166066982,-0.7176110646660305,5.684341886080802e-14
60,1.6310745381014726,-1.1337936460272715,-0.05886966645039138,5.684341886080802e-14
61,1.7906328230354802,-0.4041975087561127,-0.07078833953146102,5.684341886080802e-14
62,1.470341869701997,-0.7397769139687398,-0.2826455133153303,5.684341886080802e-14
63,1.401605170717346,-0.9719345908254411,-0.8287363716324307,5.684341886080802e-14
64,1.5750567562774904,-1.391737445062489,-0.10565574640271791,5.684341886080802e-14
65,1.767739025944536,-0.49177221145481553,-0.38580688951499553,5.684341886080802e-14
66,1.7327973887888675,-1.2835205151675098,0.020555431200762087,5.684341886080802e-14
67,1.7013884027173845,-0.8918505731306254,-0.22967613918056884,5.684341886080802e-14
68,1.925175951080746,-0.7835020239006099,-0.45902484456625814,5.684341886080802e-14
69,1.9841344223431179,-0.5986056879985142,-0.06538846800199849,5.684341886080802e-14
70,1.6228168687301263,-1.090482115295032,-0.46724031967414703,5.684341886080802e-14
71,1.6232228232245802,-1.2622019499037265,-0.6376900181828944,5.684341886080802e-14
72,2.078168416079734,-0.9139844259438803,-0.056905875171537446,5.684341886080802e-14
73,2.0296628800739427,-0.587739154810663,-0.18989566394941448,5.684341886080802e-14
74,1.5763107145829167,-1.5256396984560183,-0.2818523520300573,5.684341886080802e-14
75,1.8661740968365166,-1.6126848551186015,-0.18333311241917727,1.1368683772161603e-13
76,2.2354624009932422,-0.5628805192963,-0.15857886493861884,5.684341886080802e-14
77,1.9283687794354591,-0.7888106770564605,-0.7881543815067573,5.684341886080802e-14
78,1.8442892726535547,-1.3501558788426848,-0.7448797401210783,5.684341886080802e-14
79,2.197298987283034,-1.102288686182959,-0.15113342343271086,5.684341886080802e-14
80,2.263424933749377,-0.5659944526589982,-0.4077246192703967,5.684341886080802e-14
81,1.9079038419889685,-1.141012626574394,-0.36182037384874377,5.684341886080802e-14
82,2.20913007553645,-1.1242668973724506,-0.5392959657603598,5.684341886080802e-14
83,2.3462581834260163,-0.9127098914249245,-0.3692129318959303,5.684341886080802e-14
84,2.1558481490795884,-1.0784345342764254,-0.4812029397049855,5.684341886080802e-14
85,2.179268867485405,-1.5181467001683018,-0.35828333062359263,5.684341886080802e-14
86,2.3983350626855895,-1.0413729657831823,-0.1731348424220016,5.684341886080802e-14
87,2.378177620822953,-1.066489822860234,-0.15477995961565227,5.684341886080802e-14
88,2.153836111036071,-1.4267955605677116,-0.6950710980757009,5.684341886080802e-14
89,2.3240785546651637,-1.1254099552324703,-0.5061830919721615,5.684341886080802e-14
90,2.4293725798510195,-1.4566579598198075,-0.01692981612805511,5.684341886080802e-14
91,2.5276999947018908,-1.0013859965321785,-0.31461423869156135,5.684341886080802e-14
92,2.3021950800422815,-1.0314251164473376,-0.822488632332778,5.684341886080802e-14
93,2.368508952300658,-1.6312818751492557,-0.5006754723315936,5.684341886080802e-14
94,2.514306912846962,-1.6678207518000931,0.11757496368211662,5.684341886080802e-14
95,2.691241808684481,-1.0322230623451958,-0.24963664042483913,5.684341886080802e-14
96,2.430112393104821,-1.2790355388527246,-0.5696169831694391,5.684341886080802e-14
97,2.5123215554784792,-1.3890936431833438,-0.3583818801036074,5.684341886080802e-14
98,2.6645926771560653,-1.431782688971225,-0.11965015237872478,5.684341886080802e-14
99,2.48917905512576,-1.4610424112881333,-0.4173618527860441,5.684341886080802e-14
100,2.6573520968572097,-1.4437083492004206,-0.46489694899693745,5.684341886080802e-14
101,2.6978291272797605,-1.4789805439451698,-0.2211648405935165,5.684341886080802e-14
102,2.8101065665754277,-1.4783913733207044,0.022735447841824907,5.684341886080802e-14
103,2.754856092380635,-1.4788071491588255,-0.06624508172939159,5.684341886080802e-14
104,2.5833972381233252,-1.7059970353392657,-0.3878092978995653,5.684341886080802e-14
105,2.6789846216030355,-1.8385793895579639,-0.14628611461944274,5.684341886080802e-14
106,2.8594552160832336,-1.2777448055968819,-0.18291567310093626,5.684341886080802e-14
107,2.7047651119088414,-1.6206600916554237,-0.2668417095427884,5.684341886080802e-14
108,2.583467561705845,-1.827450544582888,-0.8964305814298967,5.684341886080802e-14
109,2.874911205582862,-1.6809430100844907,-0.5434885500503981,5.684341886080802e-14
110,2.927536263798288,-1.3701382045496473,0.017290215329154535,5.684341886080802e-14
111,2.567424327214951,-2.1132245376428216,-0.3821141107038528,5.684341886080802e-14
112,2.805971098008797,-2.203931478204481,-0.03260812330604779,5.684341886080802e-14
113,3.0861563856050793,-1.5071599509344082,0.0649127245952883,5.684341886080802e-14
114,2.9569663751389044,-1.3537195267593631,-0.2502373620515499,5.684341886080802e-14
115,2.635475288533314,-1.9998047653597553,-0.8480182640788456,5.684341886080802e-14
116,2.917972987002713,-1.962519718536015,-0.6575281521575249,5.684341886080802e-14
117,3.2850213668469905,-1.6967611081513212,0.09233560834195487,5.684341886080802e-14
118,3.345752726989531,-1.758494522188414,0.07874691446721727,5.684341886080802e-14
119,3.1694792168508457,-1.5295359760602025,-0.28859612822384406,5.684341886080802e-14
120,2.949804592679982,-2.0044293653159286,-0.7027734484311452,5.684341886080802e-14
121,3.214915403334544,-2.16683914932338,-0.3043559832882181,5.684341886080802e-14
122,3.3618796374221347,-1.5831676119979647,-0.21848468056123238,5.684341886080802e-14
123,3.2074645603586305,-1.72060097285069,-0.35311376694360774,5.684341886080802e-14
124,3.1233935181679158,-2.4226095273420754,-0.03871088194264871,5.684341886080802e-14
125,3.399265092157293,-1.776569515339105,0.10739128120813746,5.684341886080802e-14
126,3.3139975731764366,-1.3829123603955225,-0.5102171632696297,5.684341886080802e-14
127,3.100522778931804,-2.255018775627235,-0.489237460757991,5.684341886080802e-14
128,3.431899818371164,-2.1301263612603236,-0.04259263390717649,5.684341886080802e-14
129,3.5214601820152325,-1.7791946631778615,-0.10588636273115526,5.684341886080802e-14
130,3.5619240135139876,-1.6072341791916358,-0.5453525268463437,5.684341886080802e-14
131,3.3005507010201427,-2.3062796930360037,-0.5204000559933775,5.684341886080802e-14
132,3.550988018210319,-2.1204077479656576,-0.6084258427267315,5.684341886080802e-14
133,3.7479632767909266,-1.4695368292871365,-0.3469929115397008,5.684341886080802e-14
134,3.576374661084003,-1.84267652698162,-0.5348994098443569,5.684341886080802e-14
135,3.7614912908863403,-1.9898284534067443,-0.266367100530573,5.684341886080802e-14
136,3.6300525919795064,-1.867810458149279,-0.24787925271982658,5.684341886080802e-14
137,3.5903157714787426,-2.35049728505021,-0.5142721966077914,5.684341886080802e-14
138,3.842845574238197,-2.1022260365803334,-0.07515832148094148,5.684341886080802e-14
139,3.7841454594344555,-2.004632503488665,-0.4134282976703787,5.684341886080802e-14
140,3.6445420221987206,-2.1508887312469653,-0.5006689761524399,5.684341886080802e-14
141,3.850146624630156,-2.2075674665182135,-0.28673379715080216,5.684341886080802e-14
142,4.026764206417681,-1.8633914128770357,-0.526503476227731,5.684341886080802e-14
143,3.7725558211649286,-2.6153744115879647,-0.5768187644682712,5.684341886080802e-14
144,4.089466602438904,-1.899483928881864,-0.31205676958582274,5.684341886080802e-14
145,4.201992302886367,-1.9948390909098919,-0.2412493307369914,5.684341886080802e-14
146,4.200153662244986,-2.125944838302871,-0.23093295692126503,5.684341886080802e-14
147,4.091932633451449,-2.070858856328755,-0.19753682612227408,5.684341886080802e-14
148,4.143895441279312,-2.253710300651079,-0.3269121026989694,5.684341886080802e-14
149,4.09231255625599,-2.383313375226834,-0.48827161868040037,5.684341886080802e-14
150,4.20948999909092,-2.2437100095012,-0.3929457218069814,5.684341886080802e-14
