,tas,rlut,rsut,rsdt
0,0.6556647223897016,-2.506901211033835,1.2183780835693057,0.04238260550448558
1,0.8102013773406611,-2.7163811645926614,1.7401275237170495,-0.02938551735570627
2,0.9870037532282936,-2.1189434298433696,1.602733476684989,-0.04871845639019057
3,0.8204452406547489,-2.2198040237612133,1.035550987213938,-0.05663234194821598
4,0.9001499000213471,-2.287996592003225,1.1721599630369042,-0.057992719079948074
5,1.1935611290708152,-2.1003327163797394,1.5012083601683344,-0.047873353677573505
6,1.0722613472032094,-2.142726413315046,1.5713061109221513,0.02311266680146673
7,0.7746714160097099,-2.2605659982540374,0.8446840819286052,0.10038276727067341
8,1.0462113431120201,-2.4722087274730598,1.0028911796337496,0.14465220365912046
9,1.39723770218734,-1.8371599570247952,1.214680460007628,0.16264609703074484
10,1.4685646028717656,-1.8979058842752181,1.4564423917599356,0.11963838672085103
11,1.2772004650713598,-1.8265369054228984,1.1863493908346783,0.07047507115862572
12,1.1326296259547348,-2.1297192820420037,0.9509043477125658,0.02122863292964894
13,1.1826800409197062,-2.3214459570793053,0.8407342449437465,0.0011795923767863314
14,1.4106935455051257,-2.3470956268577936,1.2429336367946888,-0.031767612882390495
15,1.5311365821394247,-1.8917911660952882,0.8995920172694838,-0.049609974162365233
16,1.365141037865044,-2.026714010239118,0.37591787272802435,-0.0671014889289836
17,1.3715850789722026,-1.9185588967357887,0.28874170471935656,-0.0632128949605999
18,1.499443166061667,-2.3067047206797895,0.8053228972733848,-0.020705237843628765
19,1.8232883868644194,-1.7568405589505574,0.7984751429585373,0.053775886264077144
20,1.56785591068774,-1.7527663795590058,0.7210849599770341,0.06239096886378093
21,1.4424201366842908,-2.0618337852718014,0.3988904750680149,0.09656794072060393
22,1.8502474784970673,-1.9895741078739206,0.8086678177005382,0.061470506766511335
23,1.896427304627423,-1.8774757819737147,0.9059657326703956,0.06149419909280596
24,1.6612883322775929,-1.9186407453564698,0.49733764632645716,0.013741487430138477
25,1.7630400956525705,-2.0115519706165514,0.3741255308088114,-0.031502643119722507
26,2.040675619515298,-2.234129692606899,0.867130640051883,-0.07103251640882036
27,2.1796517713372054,-1.858275852519796,0.9686818543820834,-0.08196819223439888
28,2.1610060448539343,-2.009483463977034,1.0075262523647694,-0.07674203835762228
29,2.226332727676663,-1.9035310273963262,0.655711492126585,-0.05258545015783511
30,1.8814349825267414,-1.8888532828734412,0.21636262565449726,0.01773430082999994
31,1.7645475823020433,-2.021263016842056,0.021607490200324264,0.06580333782022763
32,1.7904235434235716,-2.305869139847516,0.13031554141450385,0.11903374148022294
33,2.1684459679289603,-2.3454023595839715,0.944359345249552,0.1251450033851711
34,2.391391103346791,-2.0912141971809888,0.9326000661681206,0.08075301602207219
35,2.450317062274678,-1.8973964820855826,0.5936581592391406,0.014121965350796017
36,2.439222174239262,-2.081346949818453,0.31235234695864733,-0.01915796438072448
37,2.488020624630167,-2.3551050189532816,0.8298635722071595,-0.049819443995147594
38,2.592552625799783,-2.012554367959922,0.5567247000278854,-0.07187481449517463
39,2.481680066870922,-1.9832067974087124,0.4679645193371016,-0.06349969485410156
40,2.271025164662774,-2.2872102028374286,0.18131519270467322,-0.022916699040308686
41,2.3131692647958744,-2.4315275892785166,0.32888804967133467,0.027753868127604164
42,2.666673374920151,-2.5928451237387833,0.8308920942872362,0.02927752932276917
43,2.6852487049890783,-1.8402143911003463,0.39730130402789143,0.03805547491197103
44,2.3854000168425955,-2.2861957769396497,0.12869731130439277,0.043812659769287166
45,2.4992986693903276,-2.7214117905531054,0.32976648596323344,0.002283158505463234
46,2.912225625654571,-2.2523065337777837,0.6650533499626334,-0.033590621250084496
47,3.045953159732676,-2.302771598924295,0.5786572643194177,-0.06309399997849141
48,2.850855284455008,-2.354973494722998,0.5439303292750282,-0.0733624747747399
49,3.0088697001152127,-2.5921728048401462,0.8204930616601303,-0.07709876894921308
50,2.977777161612323,-1.9537497039562766,0.3107656490677613,-0.0645474397336443
51,2.66176951998159,-2.2373785726381357,-0.0032835759244136398,-0.009167605965046732
52,2.625038076918372,-2.922993793969539,0.14375312359726422,0.040513347950820844
53,3.129531623038474,-2.8367928214027245,1.040621570154869,0.06870774582915828
54,3.052166666003643,-2.4013253148279716,0.7244668562697854,0.057391509134333774
55,2.956406957384445,-2.5889772132370013,0.15811729577140454,0.026733261324977775
56,3.2817923466407137,-2.754138973282295,0.6076767931096043,-0.0172668691058675
57,3.4257663539926284,-2.564151900221674,0.5097837520455499,-0.038709880520912066
58,3.153582358684048,-2.1946822879032197,0.3014782954248574,-0.05439363622252813
59,3.0544298620116024,-2.736521263114753,0.06715360096310974,-0.07741236627293802
60,3.4782795598769667,-2.6960562318816983,0.49382419058632365,-0.08684572713286798
61,3.462325384208384,-2.5667594923107515,0.4479281328119811,-0.09646123934368234
62,3.4493718597810243,-2.7852303565203442,0.502091224972034,-0.08398525491475084
63,3.4890648532423825,-2.293848194143891,0.032256464110560046,-0.048850981843884256
64,3.4178030002531727,-2.7588220919776347,0.1730588695700419,-0.010982604818025266
65,3.645100267122814,-2.7993045261947884,0.3227628678392449,0.015640105316606423
66,3.821274813998798,-2.898761747822732,0.963240684029131,0.018129973656641596
67,3.7496797725541455,-2.3538571840046245,0.18679586285740868,0.016716229035750985
68,3.4152447426754975,-2.958343262886814,-0.08106838555198692,-0.011214194625438267
69,3.5650650224212654,-3.1439333589798935,0.14169032422108785,-0.024767360534553973
70,3.8997598235247324,-2.9935105503245723,0.6780797807122667,-0.06680573448323912
71,3.8132423370597053,-2.5805951438987336,0.36299234264076574,-0.09006080132417082
72,3.7313971203806204,-2.908372653721102,-0.05490169528583522,-0.09199161468535522
73,3.9454143001025272,-3.0488444909645693,0.5931076999621894,-0.08873010420415994
74,4.121988964813397,-2.695220700272131,0.39481571938438265,-0.05614146203896553
75,3.840819636267099,-2.9143141841919373,0.30754862189023413,-0.002026843518478927
76,3.96034002812587,-2.7832132222887083,-0.07674404154981573,0.037470620640362995
77,4.273534552482033,-2.724916094771203,0.3401463509623568,0.08937767728701829
78,4.366336372239346,-2.8962430208464696,0.673544084347725,0.06814044784312046
79,4.269846964334363,-2.5590917903141985,-0.03273792959799948,0.02488426081600892
80,4.014781858956667,-2.593046850582226,-0.1605419366612324,-0.009493214920212267
81,4.055845050655535,-2.963217625803992,-0.13171921442604173,-0.05031165039889629
82,4.461825847992998,-2.742610851708548,0.42494059417099095,-0.06378270037765787
83,4.514780699348535,-2.858355700493803,0.3365900694226127,-0.07667075490189745
84,4.55399000226862,-3.0416599749257784,0.5348540954888961,-0.05808915594025166
85,4.7011891343426555,-2.5470846068674007,-0.20677940625411395,-0.01580936343242456
