,tas,rlut,rsut,rsdt
0,0.9079030072129513,-1.2570325233082258,0.2075032582083196,0.07250559594081096
1,1.044586933694461,-1.2232224575219277,0.18338064285947553,0.02939444201507513
2,1.2313383634015622,-0.8995459367617968,0.6096689375891486,-0.019588591667968558
3,1.2064155735697568,-1.1855760555555435,0.9125244456169526,-0.030509859219762347
4,1.1188676761905185,-1.1406785533113748,0.5674627826106899,-0.033325932897867006
5,0.94372446664687,-1.3149823027872856,0.2006610692000521,0.011073105172556552
6,1.013076140223916,-1.3647876966717547,0.04816969719475139,0.0466186879569932
7,1.1048993068843629,-1.280416852654355,0.25346972502219955,0.1261787043804361
8,1.1483465122870484,-1.0387210349837517,0.2562810033127789,0.17582844298271993
9,1.0959725351206657,-1.4881549205411773,0.6064863259719147,0.2205080584971597
10,1.2570089689119186,-1.1316168152757484,0.2574366490343891,0.1466246586596185
11,1.403563354934704,-1.1808332877590715,0.8112065019758319,0.09721314371171275
12,1.3280581719202473,-0.9235393023791971,0.6835422326447969,0.04943932174967358
13,1.0947998694213084,-1.315581398424257,0.2079137847593273,0.0618479895512678
14,1.1294212815765832,-1.369337811146437,-0.10354044406292928,-0.005866649589734152
15,1.215334448669239,-0.9846102954191451,-0.1285363829020696,-0.025347984131940393
16,1.3505873232901422,-1.2165628637051782,0.03243490384922154,-0.039433670024152434
17,1.3912805729277125,-0.872972210368971,0.23337684409827375,-0.007095330410891165
18,1.2841257862873476,-0.9877763061631981,-0.08906583107179245,0.004480212972907793
19,1.4107552096916152,-1.2450930217664506,0.2384489022737455,0.08260528701129033
20,1.4932859884942786,-1.1807666751810473,0.6643301567990108,0.0888967186294849
21,1.480802156411471,-0.8889951206281239,0.30619885584776796,0.15845340785926965
22,1.352486878574723,-1.0059642576940462,0.030409686790548562,0.08707313769934899
23,1.424016567153842,-0.9320807302434844,-0.012288867136433623,0.08557340838473237
24,1.3012220592550534,-1.0744778049313197,0.043517047887107196,0.04537642688876531
25,1.2286534639579259,-1.3522955649901576,0.02698094838211773,0.026726036068851045
26,1.4014714537053692,-1.0429434995036502,-0.0266706288451104,-0.04368650986185685
27,1.4338493678730515,-1.054054697394264,-0.055330738005466173,-0.05469621365392641
28,1.489444121692543,-1.1422292306031636,-0.08672473992194796,-0.052795185458592186
29,1.3492133264889503,-0.8653804387672892,0.1749195262734986,0.006136053042268941
30,1.3463511839602234,-1.1782836642984762,-0.28659069210345933,0.04211340613204584
31,1.3936289181318102,-1.1915554545084888,0.1769004589057772,0.0912448725325703
32,1.602894457782213,-0.8678240589066206,-0.04087027614826866,0.14997390373213193
33,1.48720752141827,-1.0090588321890266,0.4000028627619088,0.18288410407814126
34,1.4569060039793271,-0.9692952018765482,-0.10836915791350066,0.10592768880002268
35,1.6704521358842044,-1.003646531799859,0.04518741743596877,0.042613404046562664
36,1.6097529691053865,-0.8115857485928188,0.18509512295851493,0.008944355105143131
37,1.528640627120751,-0.7911549245839069,-0.3423745020071607,0.011033084012581185
38,1.45677246922952,-1.2229227812162549,0.027999200190649276,-0.04591802472191375
39,1.5756082619489007,-1.0581202266739353,-0.06385855268550245,-0.03863202826784118
40,1.6560316163925677,-1.0078536684103767,0.16261399640681873,0.004951881686849902
41,1.8533541730882348,-0.4727896129991791,0.2181801234073788,0.08278459754473033
42,1.4867450271524376,-0.7481359435949173,-0.007488600469756079,0.055715106315290086
43,1.530270277800014,-0.671763125952225,-0.8544354244324666,0.0659012618106658
44,1.4701680115269937,-0.9249384573600423,-0.16683288322816736,0.07085802550051312
45,1.626162245691944,-0.9739250952528664,-0.0004912936461352047,0.062125636936514184
46,1.8008236221975267,-0.8209859423280079,0.3701753517015618,-0.008649950056110356
47,1.6622891201629955,-0.4495887259039364,0.1308966098736306,-0.03701387414434976
48,1.5026675526935946,-0.9004316252539581,-0.12243718793024527,-0.04330631428763354
49,1.6161427777987,-1.0058802567388625,0.10572689182649242,-0.017417416418027187
50,1.705369904526492,-0.6155048081005816,-0.39420996718166634,-0.038158968506479596
51,1.8895779660651897,-0.7705707818010694,0.1320752202659321,0.017776482228441637
52,1.6645139335607837,-0.6730223235935568,0.6415483990137147,0.06477625520886932
53,1.3724229805259824,-1.002841794450518,0.17587385262672228,0.12693521191664559
54,1.3967028166646855,-0.7103747416007309,-0.2816246887757359,0.08326780277707257
55,1.4531219069068584,-1.057964869645133,-0.05831948393529274,0.05281299588313004
56,1.4994862070010413,-0.60419480107916,-0.4642937551759445,0.012690846517671162
57,1.5985337392794463,-0.7967856767202193,0.12396787338376214,0.020127852080918274
58,1.5733316663843766,-0.8194838086512561,0.30853239116034104,-0.028032809545209147
59,1.5929438888409209,-0.6844023761588289,-0.2686489964328871,-0.04924955771832629
60,1.5218609225722162,-0.9471060594696041,-0.1975113406052742,-0.05984192333892224
61,1.700505085280497,-0.6090397103138514,0.2806325990856209,-0.03590090009527103
62,1.687998811520174,-0.722403307047216,0.19017116342408258,-0.058589041802861175
63,1.6337389476409498,-0.484652872489022,-0.057084858181568165,-0.025057675838922933
64,1.5377062398604835,-0.558211877287647,-0.03639912049341376,0.017253076044767113
65,1.4930808229501622,-0.5127260253294423,0.0011600733212162595,0.07231493969436542
66,1.4781503970045264,-0.5589593276097276,-0.5592713451168976,0.04421811078526616
67,1.5531232233283276,-0.6750537108583785,-0.5151990098066648,0.0453450147126091
68,1.7182775726682848,-0.6686365942085786,0.47177367149633653,0.01707524043030162
69,1.7583831779285788,-0.3819394618448655,0.5345471767706726,0.03445223897477945
70,1.443706163195202,-0.5472749796034861,0.10470394330779698,-0.041274130946362675
71,1.3234229185064805,-0.7573559148281674,-0.5751961526815137,-0.06337922106376936
72,1.3382474998537077,-0.9160171731255673,-0.14813741611699527,-0.06225437652392429
73,1.5098289470677742,-0.4166338986115079,-0.15139420541433424,-0.029397357260450008
74,1.4948327229953406,-0.5983176326126625,-0.24027119647553263,-0.02949770157323428
75,1.5631851481356875,-0.7631009240447213,0.2510895056314695,0.024893288866223884
76,1.6295674431700036,-0.4376466986648211,0.4243651444091796,0.061494874263814836
77,1.547042075541583,-0.5517684572303097,0.1851752329663725,0.14723469559163505
78,1.493475332849414,-0.5107247300665563,-0.11781412899274812,0.09310229097479805
79,1.4175763822867111,-0.7748687106640944,0.01175490915119326,0.0520191799689087
80,1.4682644182171316,-0.7567362169631622,0.38891434671940317,0.01835095736061021
81,1.3173731351690776,-0.6864215773690319,0.37478444759921103,0.008292347407177658
82,1.2063501732149575,-0.8297172271843465,0.04173649613659336,-0.03740880947674441
83,1.2725113989425836,-0.7647317554984738,-0.10281014808357725,-0.04748687060367729
84,1.3664149518435806,-0.5475911372969904,-0.033539525098873924,-0.029530622538004536
85,1.4003958745671525,-0.9870951466215558,0.17733513792835254,0.013340434116514643
