,tas,rlut,rsut,rsdt
0,0.8967738691542877,-1.173469236196098,0.26517424148019586,0.07250299567675711
1,0.8605214019999039,-1.2401884835130659,-0.3351350581373964,0.029391841751078118
2,1.082100159359129,-1.1022047230183034,-0.24465429381172044,-0.01959119193202241
3,1.0996502311414815,-1.0574414008615065,0.012887775666968082,-0.030512459483759358
4,1.152605740022011,-0.9660041306074447,-0.12301711310135488,-0.03332853316192086
5,1.315140198629308,-1.0469685442402863,0.18858842391557573,0.011070504908559542
6,1.4541638925639973,-0.814430977624852,0.4969509292970997,0.046616087692939345
7,1.2656665865678178,-0.8314999497169993,0.6477117572125621,0.12617610411638225
8,1.160840139462323,-1.1093353347647223,-0.03378489456966349,0.17582584271872292
9,1.1276188046039692,-1.1884272197241899,0.1850369788703432,0.22050545823310586
10,1.134180143275728,-1.3276155266723606,0.1938179237146045,0.14662205839562148
11,1.3087707458918771,-1.1011080806867426,0.32020349742450094,0.09721054344765889
12,1.3112778233765425,-1.0206852924902705,0.49792576585342374,0.04943672148567657
13,1.2857867725667802,-1.226166582957262,0.4832080486196446,0.06184538928721395
14,1.3364108100365115,-1.214207532409091,-0.06524726541152859,-0.005869249853788006
15,1.466615356929367,-0.85752367246522,0.33494136570026,-0.025350584395937403
16,1.4554821922983479,-0.8579390038688643,0.3450019362178125,-0.03943627028820629
17,1.2166898987106833,-1.0206615719612842,0.3183182374135356,-0.007097930674888175
18,1.204390548905394,-1.1056904453525647,-0.40015990620509,0.00447761270885394
19,1.2074968899662508,-1.2801300858623108,-0.2065876324621172,0.08260268674729332
20,1.3762328360540437,-1.093344124604755,-0.19461069681068466,0.08889411836543104
21,1.5387726760370697,-1.033623653999257,0.5679629447138979,0.1584508075952158
22,1.4988159040360074,-0.9261046441869496,0.2626389718749351,0.08707053743535198
23,1.4624130072425032,-0.7158296277057445,-0.16987787777701158,0.08557080812067852
24,1.3382796207561682,-0.6494298443843718,-0.19900199178185574,0.0453738266247683
25,1.3081550974045513,-1.3632220848429881,-0.10773471182774585,0.02672343580479719
26,1.4971044085114613,-1.2090164151967429,0.2818661617669136,-0.04368911012585386
27,1.46243711441889,-1.094888557432995,0.19034185855048236,-0.05469881391798026
28,1.562577351875234,-0.9217822509931182,-0.07870661314359495,-0.0527977857225892
29,1.502439331937353,-0.9921587865770789,0.11430819442590234,0.006133452778271931
30,1.5176527551732875,-1.0036552952058457,0.048047991063896234,0.042110805867991985
31,1.7026404205334984,-0.7424635953081804,0.3736258349111239,0.09124227226857329
32,1.5605761057204859,-0.9440252247962064,0.6200740710563082,0.14997130346807808
33,1.4023433845835598,-0.8783636070599243,0.32091334931146775,0.18288150381414425
34,1.3372768224174933,-0.9833514203275229,-0.49048163089175034,0.10592508853596883
35,1.4171498870462074,-1.0632275449194708,-0.28719650331714774,0.042610803782565654
36,1.6899756170723776,-0.9399108794262645,0.1124776091819939,0.008941754841146121
37,1.8624375891866976,-0.6693167311969717,0.36600602124067905,0.011030483748527331
38,1.6747640128844523,-0.7186369300077899,0.08959974148747563,-0.04592062498591076
39,1.587903844912546,-0.7945484559961926,-0.04135139234098517,-0.03863462853189503
40,1.5461073691419074,-0.9289046392410114,-0.22777525993213033,0.004949281422852891
41,1.6550551127147628,-0.944621120177743,-0.12650788462924822,0.08278199728067648
42,1.7368155431399828,-0.7518061476962998,0.2169890753335153,0.055712506051293076
43,1.5481983808940072,-0.5339979420498366,0.10751016439476757,0.06589866154666879
44,1.4711992430592886,-0.6945726224431041,-0.08755777722986124,0.07085542523645927
45,1.5658197179170088,-0.7744363142677457,-0.010919858606669663,0.06212303667251717
46,1.6265200914088496,-0.761244566271472,-0.0532166440843298,-0.00865255032016421
47,1.6370669183397695,-0.8768567487858547,-0.03759615621534351,-0.03701647440834677
48,1.7240152598766372,-0.6939267006589773,0.19696311415025036,-0.043308914551687394
49,1.6211120472291327,-0.5879783642851635,0.02197764694489024,-0.017420016682024198
50,1.5041164924985537,-0.8781304164376422,-0.14415617023142602,-0.038161568770476606
51,1.585455628987006,-0.7974378933933792,-0.24188732365730914,0.017773881964387783
52,1.4637995048464063,-0.8974150075056571,0.15368191360110472,0.0647736549448723
53,1.602021956213946,-0.893038652824373,0.031270941977325606,0.12693261165259173
54,1.6912730489233923,-0.6534488124150641,0.3132427952564143,0.08326520251307556
55,1.3309039092262083,-0.9577665260987089,0.29863798799328833,0.05281039561907619
56,1.3304002945272941,-1.120583889864605,-0.09497348758584678,0.012688246253674151
57,1.3980938343140679,-0.6395785182374993,-0.1263787367553988,0.020125251816921264
58,1.333535432679696,-0.7951735359984582,-0.2702958524552912,-0.028035409809263
59,1.5984587702446333,-0.8494961642724377,0.11460835694464322,-0.0492521579823233
60,1.54840041180546,-0.7197523367226211,0.3483217434460215,-0.059844523602976096
61,1.3779066874080854,-1.0098293157206797,-0.3590684455615758,-0.03590350035926804
62,1.5767565100716183,-0.854229230277042,-0.2966486066021332,-0.05859164206691503
63,1.592263002315633,-0.6076182251674425,0.10979131252877039,-0.025060276102919943
64,1.6202515956079537,-0.7211367820422936,-0.2338232726268359,0.017250475780770103
65,1.6711791584367575,-0.6590138807492565,-0.03931519555912644,0.07231233943031157
66,1.833486049054045,-0.36095044630195616,0.08666025099282137,0.04421551052126915
67,1.6218122998141666,-0.34982293582365287,0.10552295636425413,0.045342414448555246
68,1.542437315144582,-0.41899326405265924,-0.2844921567396739,0.01707264016630461
69,1.5466480182370788,-0.6399716436408198,0.10131024981444625,0.034449638710725594
70,1.794424648195502,-0.5865755480378425,0.3942099922165312,-0.041276731210359685
71,1.4984531473954803,-0.4461077614209046,0.21483466708710353,-0.06338182132776637
72,1.3018501009649412,-0.7417697416475733,-0.46548902820778437,-0.06225697678797815
73,1.4169743178460976,-0.7739625524615974,-0.24970190727792385,-0.029399957524447018
74,1.656723097574229,-0.6228648203409932,-0.17430675971580456,-0.029500301837288134
75,1.7322040007042574,-0.371295221060592,0.13567204787992182,0.024890688602226874
76,1.5246179146362238,-0.5384516181095478,0.19842690982503086,0.06149227399976098
77,1.515914166960954,-0.6387851440101997,-0.4527962380130077,0.14723209532763804
78,1.6606909965809677,-0.384230926091476,-0.2820299153852943,0.0930996907107442
79,1.6834299207166623,-0.4324535051143812,-0.21216077466787908,0.05201657970485485
80,1.6728741987496392,-0.4376531602322018,0.5779750392160992,0.0183483570966132
81,1.5153707195614174,-0.5664899957928071,-0.11704993590218749,0.008289747143123805
82,1.4140315585680696,-0.4377492766977298,-0.22384248170001797,-0.03741140974074142
83,1.3978675762924695,-0.4532920724510916,-0.3641639314550531,-0.04748947086773114
84,1.6083615563667308,-0.5645340978068134,0.028318142244330602,-0.029533222802001546
85,1.5548560813387553,-0.3860916210296921,0.14444281180948337,0.01333783385246079
