,tas,rlut,rsut,rsdt
0,1.192491255641528,-5.277633828968419,-1.9015073105288138,0.00019065924141159485
1,1.9021435664054138,-3.7638682952294005,-1.5258729983895165,0.00019212989184325124
2,2.2650965642544634,-2.89625575670766,-1.3783594243107302,0.00019313216557748092
3,2.817784927272328,-2.1549853499610947,-1.9641678077321245,0.00019383938024475356
4,2.969349769641724,-1.5490795419599124,-0.6990028651723179,0.00019493704957085356
5,2.8905606926601877,-1.578117352911221,-1.1000852999567599,0.00019429145891081134
6,3.152509402079147,-1.1768572663662553,-1.7365993342925492,0.00019463350633941445
7,3.325060066551657,-0.8032658980873748,-1.332678802645617,0.00019534003985199888
8,3.0439667175434124,-1.490382269146238,-0.6081098086385026,0.00019489554136953302
9,3.1124468371255603,-1.3161820767334689,-2.078087263726701,0.00019439843441659832
10,3.157411652189296,-0.7700660228914273,-1.5545452974435534,0.0001951001299289601
11,3.0846064375188007,-1.2324880541623031,-2.1914746870834563,0.00019436862550037404
12,3.391684550673574,-1.2012337487815614,-2.2144594231446746,0.0001951459110500764
13,3.523490045210451,-0.15737219493436783,-1.2317092687161875,0.00019602498082349484
14,3.389310885906525,-0.8071629209356956,-1.5881035146891804,0.00019522737113675248
15,3.4233889673109843,-0.45324227339574463,-1.822525578039702,0.0001952936638645042
16,3.369996935754557,-0.6781146369387159,-1.1351335418887203,0.00019582265105100305
17,3.188883615356076,-0.9204484716850345,-1.5042994494873057,0.00019484828294480394
18,3.2180040877603915,-0.9408660475037891,-2.171719112461375,0.0001944695401334684
19,3.6728414925874517,-0.14007833169611672,-2.1197634663309657,0.00019584807455430564
20,3.4637402698925825,-0.4904884798139051,-0.8832641057896922,0.0001955740463586153
21,3.4778717667107344,-0.4762767049170975,-1.2899903389821645,0.00019568704743733178
22,3.350643874608636,-0.8257691944276075,-1.2182114322758366,0.00019526552478055237
23,3.437186232730653,-0.6783200759173553,-1.9938418941888614,0.00019553126122673348
24,3.566734933220175,-0.5529093694806022,-1.5815619195792294,0.00019607411456945556
25,3.4774620942503702,-0.5025047333422208,-0.7864610994089247,0.00019614138722090502
26,3.0092981887547694,-1.352589308345614,-0.5159158620468105,0.00019498624112657126
27,3.03248105859484,-1.020333597333348,-1.7180077356921402,0.00019454967861065597
28,3.11533139918663,-1.079983569702108,-1.406812160244158,0.00019496203816515845
29,3.277187889658933,-1.243698351359484,-0.8605140542250354,0.00019541517031029798
30,3.042537391703604,-1.0891251545980367,-0.7216892392908392,0.00019491732365395364
31,3.013803158034875,-1.6466768703122057,-1.4469784716020229,0.00019457190990124218
32,3.3151442736913737,-1.2360668406062132,-1.6960909788813439,0.0001953678145696358
33,3.5326080203394667,-0.8224491522209689,-0.9924930560248981,0.00019631757510296666
34,3.260614038683798,-0.49401605143668803,-0.48091566585029,0.00019583452939286872
35,3.0059748446523145,-1.1957715382543483,-1.1453819336647655,0.00019468623219154324
36,3.24434142848213,-1.134398892428237,-1.6424434955110314,0.0001953235584437607
37,3.3227302026439816,-0.5921437849224276,-1.0618246786556682,0.00019580559148835164
38,3.2112442996413506,-1.046114921596626,-1.571225768130276,0.00019511768391566875
39,3.5991957980374423,-0.7115510156406231,-2.03845378576807,0.00019589845328482625
40,3.392403786626744,-0.3862321519934824,-0.2276327632120001,0.00019629091133310794
41,3.065517474144201,-1.3982641931840192,-0.6280610805692532,0.00019518159240305977
42,3.281025456876307,-1.0918142226245777,-1.7427622295590197,0.00019548496879906452
43,3.3854482103682244,-0.254257560936054,-0.32217367621964854,0.00019649812276156808
44,2.9305354481460313,-1.5365260456234466,-0.8706119616319796,0.00019489157762109244
45,2.8994997425255065,-1.6869041363729593,-1.0835746976106009,0.00019450201017434665
46,3.0529874741844765,-1.1937488002744772,-1.961520706991621,0.000194029977876653
47,3.3251752846405225,-0.13604890923065227,-0.6823607570271832,0.0001957089574489146
48,3.0174101606799013,-1.2869740648758352,-1.2105022634869158,0.00019464298571847394
49,3.2356702869294054,-1.1844106205570313,-2.2582002025848027,0.00019480302989904885
50,3.5999541458655244,-0.5854940266823121,-1.4752019456231693,0.0001964509212939447
51,3.6402152870722375,-0.3943298846544394,-0.6301367361828909,0.00019642289782950684
52,3.391820879754164,-0.686444230458676,-1.698780206954126,0.00019562242761139714
53,3.5207507726282756,-0.6336927727403179,-1.7384888383832475,0.00019584334131650394
54,3.6152414662572028,-0.6050221076191917,-1.043926521514905,0.00019648543661787699
55,3.4632613496843874,-0.2108660582574089,-1.0706045954062802,0.00019589387619589615
56,3.3620915287256707,-0.7636607907456892,-1.2780458580465393,0.0001954260874299507
57,3.3169689930655863,-0.5346576444950983,-1.5246786165444774,0.0001952384596961565
58,3.3034459640905425,-0.7241925942975342,-1.8066971783979113,0.000195217192583641
59,3.5564436450646895,-0.5331052045025615,-0.9638554516083389,0.00019611234984040493
60,3.661468670875763,-0.5192120463171364,-1.8941241237180435,0.00019603357543473976
61,3.711895128126855,0.13459493302431724,-1.6594657647631408,0.00019629191291414827
62,3.59195201212583,-0.09404592117112998,-1.5214534395857413,0.0001957849650011667
63,3.5896709632975217,-0.4542162945516566,-2.0576077274597964,0.00019554375825237003
64,3.7661582135933145,-0.23721025301099985,-1.7606193223060558,0.00019666024508069313
65,3.6871682448449974,-0.4395001720787661,-2.340527244554579,0.0001959156742259438
66,3.7484410543089552,-0.007392466220238703,-1.800478631606964,0.00019616755957940768
67,3.74201841119924,0.06788569687520862,-1.1061929970098419,0.0001965332406825837
68,3.5980624497397002,-0.2430437763511577,-1.0772927627529612,0.00019595070813238635
69,3.599688040345143,-0.307089010159757,-2.131549463103326,0.00019598353082983522
70,3.5714180218185447,0.1911329952715164,-1.209836340620896,0.00019623457404804867
71,3.2688859393987855,-0.8887108335308085,-2.2849260524287587,0.00019491403702431853
72,3.609827074723455,-0.4661116974782544,-2.7860981436266314,0.00019571600239487452
73,3.778122353169124,0.6354720027389646,-1.3707905708284471,0.0001969583967706967
74,3.529294066124635,-0.4025937231535295,-2.18148365943442,0.00019552685591861518
75,3.7825881167863713,-0.0399795234509952,-2.00778202524765,0.00019598163765977006
76,3.763542878213741,0.31675140478827757,-1.0326739137456968,0.0001966855193700212
77,3.5774536959810916,-0.2806063630855533,-1.5168324923995442,0.00019590330560959046
78,3.68181150336477,-0.4539158481995571,-2.1123051476172634,0.0001955329595944022
79,3.8173894185837867,0.37073958775329174,-1.4079543395512673,0.00019662258273456246
80,3.5513703027859833,-0.29241936895175513,-1.3199060282360477,0.00019592332699858162
81,3.551606718885978,-0.44149407446633404,-2.8061974242603327,0.00019541947915513447
82,3.7404243142165683,-0.006578606054034708,-2.3957066063120465,0.0001960185145435389
83,3.7384353376429544,0.013077804483458522,-2.2933328214596713,0.00019630978016493827
84,3.670392800537286,0.108487807767915,-2.174819917377121,0.0001958969281758982
85,3.9463508475060394,0.16672232083089966,-1.5116066661438339,0.00019698382726573982
86,3.890907727406045,0.2932783543206483,-1.3718703946278765,0.00019674846805628476
87,3.798268338450441,0.06904935610003804,-2.6631626160041577,0.0001960880115348118
88,3.8832569908803407,0.5831013467623336,-1.2948367618266445,0.00019704246039964346
89,3.419662363138343,-0.6357811975340155,-1.6021415195939994,0.000195806701640322
90,3.3488979016850635,-0.4766029670866203,-2.5913013537775953,0.00019510362494656874
91,3.7806482406809323,-0.6493354850084927,-2.021388504903996,0.00019622848327571774
92,4.014090457627844,0.26495905139114484,-1.8227855227387408,0.00019701114439385492
93,3.957492041712669,0.7297396503254561,-1.512430677248119,0.00019728402372720666
94,3.7447005022506232,0.17140160983652208,-1.8190838858366902,0.00019620365407035933
95,3.9221350837784144,-0.0007679809844773899,-2.518948983945208,0.00019667263029532478
96,3.824472250910901,0.7131813769939299,-0.9437238603870668,0.0001967780243035122
97,3.480636026730963,-0.6417500996420529,-2.413160771449185,0.000195268904576551
98,3.9496505486812907,0.15150602756085618,-2.183529026982484,0.00019681024627971055
99,4.037404267319175,0.3763570075442715,-1.3325710696702942,0.00019729616064978472
100,3.773733781519013,0.27515201202180606,-1.690846008228064,0.00019644617157155153
101,3.770352623402914,-0.09701331721012707,-2.8917082114335244,0.00019569867208701908
102,3.994046588664389,0.7912759307551767,-1.3237979128956994,0.0001970221086367019
103,3.930636565661132,0.47600219848942515,-1.948884429415756,0.0001966831694630855
104,3.9272497143487612,0.11989029914536786,-2.532252175372591,0.00019658024154978193
105,3.8245255882610536,0.23971078158925252,-1.7403479290444466,0.00019630357104460927
106,3.8500774165941607,0.3096875929050782,-2.008189607644951,0.00019665925452727606
107,3.987485662449785,-0.14149113118503465,-2.4960404364580313,0.00019657424610386443
108,4.107152749397358,0.6266802599277526,-1.8492338866960836,0.0001971477585698267
109,3.8521881894136527,0.2972195150378809,-1.795810069206695,0.0001965758806932172
110,3.867187844441787,-0.17076121649682818,-2.168826977097055,0.00019612929793311196
111,4.041885169468287,0.4966093373504634,-2.8629144369738952,0.00019669311666348221
112,4.039027252556821,0.5620036266201964,-2.3772382138596555,0.00019690165930796866
113,3.97714299965088,0.17623888592376602,-2.0002324116867385,0.00019699982686915973
114,3.863160889874905,0.322969989423882,-2.043751092260962,0.00019636256052990575
115,3.9219222062903896,0.8085047113568464,-2.0535636870591247,0.0001967988537785459
116,3.6857354301542387,0.11892494848410706,-2.973718121286808,0.00019537335862196414
117,3.793973471511265,0.23223263692068485,-2.781024339911241,0.000195912704384682
118,4.141721035296996,0.5413471019415397,-2.522408142064961,0.0001968236950347091
119,4.122044283197681,0.48354295990358764,-2.0019806350360483,0.00019730137790929803
120,4.074990819542677,0.546069591337357,-2.0653900507615504,0.00019692774441182337
121,4.112636449783565,0.4440982715914288,-2.166419433809935,0.00019730038309262454
122,4.078035029915156,0.544134820840128,-2.296978857742957,0.00019721941657735442
123,4.009014163655195,0.5142144420045156,-2.269479243664861,0.00019672075268317712
124,3.9657105326445503,0.5152395395976725,-2.708698585811973,0.0001964927223525592
125,4.094440867213223,0.7270232563167554,-2.0231212460819137,0.00019716177905593213
126,3.895047872170437,0.5336433360020862,-1.4960240021052869,0.00019685674175207168
127,3.738257315098849,-0.18298687021672322,-2.546045333937485,0.0001957565264092409
128,4.01451087885971,0.6239558694309153,-2.531479099795547,0.00019654583360306788
129,4.165225078309959,1.086872460675039,-1.829567243276145,0.00019711993832061125
130,3.9688659510554203,0.48752361947728673,-2.2422103085272056,0.00019615010972984237
131,4.2164164552194165,0.52868618226492,-3.280126093841403,0.00019690310091391439
132,4.360837809664474,1.1493167243675941,-1.993235797593556,0.00019816140911643743
133,3.9897197152837407,0.7155586126294224,-2.031686549548027,0.00019684249429019474
134,4.041270688250677,0.5748874073336481,-3.3946137906028184,0.00019654518155221012
135,4.216762898528373,1.040745002078836,-2.749778888441824,0.00019735111806085115
136,3.9054349480862243,0.8716863100183332,-1.7346849707585648,0.000196634604776591
137,4.00459343922455,1.0725536935071034,-3.317844869936124,0.00019618280458644222
138,4.192477713288213,1.0991220915753104,-1.597311549374652,0.00019756364883960487
139,3.934589522916667,0.5559230062393112,-3.344639875802642,0.00019589204833891927
140,4.2574675305857,0.6251111920485073,-2.815877702991969,0.00019702378432384648
141,4.245226755004467,1.1071704329401086,-1.7756614024160342,0.00019773460127225917
142,4.060841432802704,0.553476627569438,-2.593020003496676,0.0001963866270671133
143,4.324360728873955,0.7452064904565816,-2.5856361605285656,0.00019728182905964786
144,4.235988073398175,0.9925911357053963,-1.4255118157265798,0.00019760906320698268
145,3.9631745426376597,0.6033993878747879,-2.2540501445663637,0.00019619708336904296
146,4.045704974964451,0.1180210707077265,-2.857617480634076,0.00019651663268405173
147,4.183077429643902,1.0663140643563338,-1.937943573007857,0.00019749282927250533
148,4.0420921374602585,0.4388350305371773,-2.088172479573103,0.00019684709320699767
149,4.008040390441977,0.6026101733479834,-2.732797899422053,0.00019651807900800122
150,4.122665522430452,0.6752574237630995,-2.6565661904407563,0.000196709132126216
151,4.251148028305863,1.196009730000469,-2.840601674169392,0.00019718166981874674
152,4.033666355266405,0.9837937917124293,-2.431214042215956,0.00019705764191257913
153,3.932511859296312,0.5983727959356031,-2.883472266860281,0.00019644321787382069
154,4.048652796402337,0.32371797865155827,-2.210711376375585,0.00019674319014484354
155,4.221168831123066,0.7869693164511489,-1.8141758697785946,0.00019759838210120506
156,3.864606808290546,0.3739319246484456,-2.3054903253967325,0.0001963570462635289
157,4.035709397564574,0.36849219590337157,-3.3399526387013196,0.0001962542759201824
158,4.310920374773559,1.3352197671524948,-2.09518433742538,0.0001975198383092902
159,4.108169023910136,0.9257373320506304,-2.1093902386944308,0.00019706925877471804
160,3.890285289555834,0.3816994302549972,-3.1919712493449595,0.00019602621853209712
161,4.278658057588643,0.7267075031616912,-3.037347016657449,0.00019662793192765093
162,4.386233130198207,1.3481476237328707,-2.4836431183549195,0.00019765593270903992
163,4.120659565835922,1.0250416193667604,-2.7959990735143947,0.00019654270056435053
164,4.362343679339119,0.9160718316559553,-3.1748617482734005,0.00019697893162629043
165,4.408177146901096,1.3543135383547735,-2.0789979382604713,0.00019738853188755456
166,4.396769340433366,0.9592462977887521,-2.935135180967066,0.00019692127278858607
167,4.335070122441721,1.4720110854205473,-2.127708851905922,0.00019743291392160245
168,4.140140356248537,1.0068629377177274,-2.4238060716159,0.0001966527797208073
169,4.132215683991262,0.6494459941962987,-3.3331138251812007,0.00019672218434152455
170,4.429523272183474,1.2277948310714066,-3.3666711741576307,0.00019724490312000853
171,4.296389314953046,1.645868769707164,-2.6231100779506846,0.00019700284849477612
172,4.321183230299027,0.6906386580288029,-3.1816568716538853,0.00019707879647512527
173,4.4529570918602985,1.2853032235901765,-2.8663173003971423,0.00019740702134640742
174,4.513083598302785,1.186284098584025,-2.3725580072636347,0.00019762508020448877
175,4.466053641957046,1.5912003645983077,-2.399224151030765,0.00019765678382555052
176,4.317913645657484,1.0885663247993023,-2.716441739690552,0.0001970892133158486
177,4.285467951921589,1.0941135600038479,-2.8717091916261808,0.00019682380406038646
178,4.222827440086462,1.0632311350155987,-2.487945316552725,0.000197253496992289
179,4.14920914929553,0.6811376345743838,-3.2648901203622955,0.00019615422627339285
180,4.445912040757889,1.425256140603551,-2.6322419369013375,0.00019756437040996389
181,4.26781320420514,1.0470209605566367,-2.523944737984138,0.00019701217786405323
182,4.175911016739349,1.0190744012695916,-3.376209131765094,0.00019652400885661336
183,4.427323788255308,1.3080958299493943,-3.527702008266843,0.00019721811116824028
184,4.535161852648741,1.130055349814313,-2.982166611202416,0.000197528818318915
185,4.648672227409804,1.5185285444013061,-3.4585578977642797,0.0001976298153181233
186,4.678751145564036,2.080757350368856,-2.5514602897491585,0.00019825159580477703
187,4.392784683637956,1.4228978576373663,-3.176715433089754,0.0001967050644111623
188,4.413721315544137,0.7614669258836102,-3.594756660071411,0.00019716599996399964
189,4.645843223111342,2.0790060857171397,-3.23218753888888,0.00019792539757190752
190,4.477812299347477,1.285940300405798,-3.4804017621348606,0.00019722770019825475
191,4.741963597874928,2.0915898480923545,-3.9144719446176452,0.00019787067475363074
192,4.557147124246853,1.948814179599367,-2.1434427636083484,0.000198076703895822
193,4.222372244066207,1.2228784843433402,-3.735259623875848,0.00019665565088189396
194,4.5536144248396795,1.2698624282988078,-3.841626831742275,0.00019717009439546018
195,4.736711912202907,2.1571435148989337,-2.94334729553141,0.00019807070799515714
196,4.563880789579002,1.5072278649027453,-3.359812018593587,0.00019741555252039689
197,4.683348859002535,1.8747525398079574,-3.3720114013121645,0.00019793533783740713
198,4.522536106689586,1.720200348581443,-3.1155203905031215,0.00019759490629667198
199,4.724160055019638,1.5900910936739194,-3.2655737460856358,0.0001979099235427384
200,4.789935467261216,2.049500559812685,-2.9712224021006506,0.00019870841600777567
201,4.486287217109975,1.8024588748318706,-3.1126692281385573,0.0001972039706288342
202,4.697038825867196,1.738676720385456,-3.596954611219516,0.00019808269530585676
203,4.611736535407431,1.640177958199672,-2.990427737871329,0.0001975793838937534
204,4.626232772231447,1.4626614083269658,-3.481500036923464,0.00019760831776238774
205,4.740268709399686,1.4423886219660744,-3.3529908925265914,0.00019837108698084194
206,4.6756772002751745,1.69920762519493,-2.691549233423615,0.0001980853095915336
207,4.587876211729622,1.6427408715173613,-2.9415238311532903,0.0001978943275275924
208,4.621852975065337,1.3272624849150532,-3.6003782656900825,0.00019760322771844585
209,4.768142906359913,1.6425376796981368,-2.8225281375569153,0.00019851152654837279
210,4.569608234369468,1.66375691180005,-2.061611544645615,0.00019806072384653817
211,4.2994852795523,1.1522988665823277,-3.3256482353732366,0.00019663432522065705
212,4.5360265642505055,1.5372292730483252,-4.586909939585155,0.00019674833981753181
213,4.76622301638082,2.196312312495678,-3.3245245867075255,0.0001983321724878806
214,4.582120595835249,1.5136289720756508,-3.1743712967749076,0.00019793107759369377
215,4.73746099951012,1.7658427001797463,-3.559450606883601,0.00019770630331095163
216,4.848727170073801,2.2328046711404568,-3.462247187886419,0.0001983012803634665
217,4.688273266872045,1.891252910804127,-2.8720241507312494,0.00019805092881597375
218,4.5019883855730995,1.3917614595631278,-3.373682523719708,0.000197343243087289
219,4.5900772417114695,1.3710238567055342,-4.379846635946308,0.0001971218983953804
220,4.881631628108266,2.409375698677678,-3.4356780775230362,0.00019877896028219766
221,4.457599795797421,1.7826208315678116,-2.9263620859171766,0.00019726432799416216
222,4.632872894818547,1.883431582037673,-4.232831612974593,0.00019701491186197018
223,4.691413679007269,2.1366418246791454,-3.018822683780826,0.00019841750952309667
224,4.653926584880537,1.7275674602421134,-3.1781889272467367,0.00019795652991660972
225,4.490840232572168,1.5262020215648988,-3.9303585125924343,0.0001970387646679228
226,4.739897303134569,1.8994412897728807,-4.405724550158084,0.00019726130619801552
227,4.9727736604706365,2.4028730000002554,-3.682127201997602,0.0001985850657320043
228,5.088661458634476,2.2902121792365904,-3.641457655301096,0.0001988319192491872
229,5.0242563590038,2.3598925342200516,-3.4638398722300963,0.00019800689790372417
230,4.995538573236615,2.162832855165391,-4.3635488083778995,0.00019811024992577586
231,5.09768625668903,2.162300685421627,-3.5567436527403515,0.00019873775988799025
232,4.939515277110161,2.158593899018001,-4.011879285414224,0.00019803932974582494
233,4.891210448749177,2.509560997504053,-3.0546078775606276,0.0001985064428708938
234,4.870262899031275,1.963558644195416,-4.2337483560848455,0.00019795667924427107
235,4.882871510690848,2.4173676622663436,-3.3067434729432534,0.0001982994581908315
236,4.669627630954153,1.788075201435646,-4.1168469353301305,0.00019731109671283775
237,4.743596718518518,1.9708252871370462,-4.2221982057396445,0.0001974705647285191
238,4.9280532744759284,2.0704380727131593,-4.72766223578742,0.00019773781247067745
239,5.086572408125619,2.2194087765429344,-3.615152559821766,0.00019848860779347888
240,5.024370704477917,2.0683849134922525,-3.6322841105783823,0.0001984706902931066
241,5.0663156516405365,2.8671973896790064,-3.1404674401811548,0.00019859781855302572
242,4.613166077784797,2.0447980714235143,-4.347194856980096,0.00019704481150029096
243,4.886555510249821,2.12736436105277,-5.311784756954324,0.0001973551226797099
244,5.127303896292062,3.2249530728931006,-3.914092716797839,0.00019882213524624603
245,4.709077942096997,2.475203562466419,-3.9691272071626855,0.00019761279838803603
246,4.873425782820902,1.9274599540678707,-5.307109770564935,0.00019745778286051063
247,5.34947943408514,2.50624271324412,-4.610259302931468,0.0001989675060940499
248,5.3319086376770315,2.9734659486242947,-4.453129089152981,0.00019893570964768514
249,5.258907099269777,2.711189903430949,-4.115301849330365,0.0001990064539540981
250,5.352082662633393,2.5305255885021722,-4.295377762892713,0.00019908870444851345
251,5.22931389542714,2.933092293660252,-3.6687164278040996,0.00019900837776276603
252,5.215462824033466,2.6500112012846557,-4.983437807598463,0.0001984088559652264
253,5.329738060836348,3.283452104409605,-4.133935711055528,0.00019877042228699793
254,5.09668739519708,2.3739324359267187,-3.4403541125642505,0.00019856153573982738
255,5.079470175873212,2.3512792906678044,-4.644603627501112,0.0001980165130248679
256,5.356589960078907,2.7557802747706717,-4.490586099874079,0.00019885879834191655
257,5.339508454245845,2.861315125137594,-4.997612595580492,0.000198901299654608
258,5.30691033615426,2.672314035201026,-4.382289417979692,0.00019889575423803763
259,5.445528035975599,3.0471724858167306,-4.498362803302101,0.00019911563299501722
260,5.425995143195166,3.0298985077509712,-4.5985629064714,0.00019896028834409663
261,5.2531128858399825,2.991519222302628,-4.117485527509118,0.00019867885646362993
262,5.178031583023085,2.345391571021537,-4.311625309392241,0.00019855726270634477
263,5.254621794400464,2.7321897179396615,-4.5138844030272764,0.00019884613880094548
264,4.984763816816269,3.089188412707358,-3.165052775429089,0.00019839517722175515
265,4.955447703424909,2.452940552463417,-5.713589968480875,0.0001972161829826291
266,5.359070612364121,2.6331678830642886,-5.3360939698127225,0.0001987714378515193
267,5.320647973491816,3.2350352409933976,-4.3166337438528615,0.00019854457144674598
268,5.473273982102683,2.7658584120485443,-5.0376073681802325,0.00019885993606294505
269,5.435701666724128,3.3911300723653994,-4.007750003466754,0.00019976701514679007
270,5.252271264981857,3.14631048793305,-4.701212978238317,0.00019802091225074037
271,5.385797759102672,2.913926987343814,-5.019653979227527,0.00019836357932945248
272,5.524999733567881,3.180894496078082,-4.8956811802563465,0.00019921292238223032
273,5.554413927857979,3.3288845382043917,-4.8123610937163335,0.00019927018115595274
274,5.356154181831698,3.1942450918098473,-4.324670356180604,0.0001989541635794012
275,5.33835037106212,2.890651405437552,-4.782542234189677,0.00019894475428827718
276,5.345996953802285,2.828646570480686,-4.516835143758286,0.0001989239263480158
277,5.305029815929231,2.7837466644823223,-4.947849227287719,0.00019868227593633492
278,5.447022898016371,3.133166679448806,-4.098376414336187,0.00019926905559941588
279,5.201444346855567,2.759491191009232,-4.200744141548967,0.00019852672846809583
280,5.286424928220924,2.7525068043262877,-4.519204145890413,0.00019851262914016843
281,5.410830943247504,3.191565403505166,-4.457902501055429,0.00019896321578016796
282,5.365752169905136,3.021179897240131,-4.7463793636879785,0.00019871469891086235
283,5.378308921713312,3.279129385560225,-4.364594153296451,0.00019875656261092445
284,5.311411761943987,2.8263666370850444,-5.204934969404675,0.00019826328383487635
285,5.497959192832582,3.1315269809716995,-5.460485649177031,0.0001989128588775202
286,5.535411484383189,3.21206583902449,-4.83999175743368,0.00019895292803084885
287,5.403877010003498,3.43784332168363,-4.158468488007657,0.00019910963169422757
288,5.401420673347445,3.079519784065411,-4.857607368166924,0.00019855122741319065
289,5.378461805044196,3.5666236990610116,-4.249627021943127,0.00019912381657150036
290,5.260428503919968,2.668126663852348,-5.219259173753372,0.00019806765595831166
291,5.481043645226578,3.3316161475685817,-5.318173583266756,0.00019913612840127826
292,5.237112676065124,3.0140677327188996,-4.644117482590119,0.00019818747296085348
293,5.597202196052649,3.3401237151944088,-5.429132065448982,0.00019899205881301896
294,5.622723298282381,3.6493002757556496,-5.1848105224106575,0.0001993061072198543
295,5.527614592020257,2.9276939030195877,-4.82882011288396,0.00019875760335708037
296,5.456364866003128,3.6281472644913038,-4.923855313768087,0.000199175713760269
297,5.309287220165743,3.148380416429319,-5.355562541072217,0.00019821483755322333
298,5.564506470659069,3.567625163582761,-5.149107239969453,0.00019933724968268507
299,5.485556849586544,3.187417930935851,-4.986506195431716,0.00019887612484126294
300,5.448806159378364,3.2262191464647856,-4.408194639928624,0.00019935479679134005
301,5.284481397047443,3.131021248875328,-5.095462154985157,0.00019806889423534813
302,5.4932843973425065,3.414338185854973,-4.881596381199898,0.00019896692674592487
303,5.498957214542486,3.0633124195972528,-5.047152521982568,0.00019868795953925655
304,5.617318218072285,3.818501716709676,-5.073967566536226,0.00019962044967769543
305,5.461920567888285,3.341757074964562,-5.182800817568065,0.00019873330819564217
306,5.716636914433252,3.2835642527564346,-5.402708378708098,0.00019966197100984573
307,5.572802603336527,3.60953227008946,-5.135375486800925,0.00019904904377199273
308,5.626174825013095,3.192563455224075,-5.311418964450127,0.00019876075054980902
309,5.764626039788652,4.1085212020829545,-5.497594808194307,0.00019970347983644388
310,5.69013271193063,3.3576852884835375,-5.163817726758623,0.0001991012900361966
311,5.702707684086079,4.131135208507601,-4.974029390266395,0.00019961888705211095
312,5.426387892221385,3.3052732966060603,-4.613456940461404,0.0001987243743997169
313,5.479636028293953,3.1317587459456604,-5.293245274400931,0.0001985300668252421
314,5.630154217064899,3.6571674686248343,-4.553161405932784,0.00019948604858655017
315,5.360664700895768,3.2459252636519125,-5.312349000439994,0.00019832266121966313
316,5.619973897045725,2.8311859413346667,-5.190665066208155,0.00019878146360952087
317,5.812089960165281,3.9026696337615476,-4.781957510066178,0.00019992305175264846
318,5.555526003155194,4.010726423469464,-4.429735619054341,0.00019958547892429124
319,5.473919390423646,3.276156293593317,-5.698188535853689,0.00019859994159787675
320,5.725234504292473,3.7564605024472257,-6.053800591684279,0.00019881563616763742
321,5.754749604371284,4.16487025513382,-4.902073644091047,0.000199371457711095
322,5.500700728944707,3.2874909402951573,-5.361248109706423,0.00019850868801540855
323,5.7576707758951216,3.418642452697867,-5.228392969790008,0.00019956345738592063
324,5.661930354929893,3.8435116403271934,-4.250489577037811,0.00019955898335410893
325,5.517400818629994,3.4711845699845583,-5.131082418549809,0.00019878096469483353
326,5.6378278283571035,3.5525484545218546,-5.697087700584575,0.00019891185093001695
327,5.676652856375256,3.5534378595145313,-5.236371927130875,0.00019943575574643546
328,5.688023426265943,3.6206157183388825,-5.853349887926882,0.0001988114311757272
329,5.897880249404466,3.739615668421436,-5.620237016179061,0.00019974586882653966
330,5.900662787754925,3.889859301263243,-5.035299669291092,0.00019978079097882073
331,5.767410343026825,3.9808331150568392,-5.3899647017685055,0.00019924428721651566
332,5.674168744506289,3.714101756347901,-5.4165111433832465,0.00019898323637335125
333,5.7224471662778456,4.379827460006027,-5.083832826102608,0.00019968124416891442
334,5.385545404275206,3.3480912811051837,-5.682625477135417,0.00019802205628138836
335,5.642528454106014,3.2991147449473317,-5.367308825956641,0.00019900487484392215
336,5.78386983331751,3.380945466643965,-4.341038904151802,0.00020007239942287924
337,5.786435916324081,3.678388876587718,-5.603131742591927,0.0001992077749832788
338,5.8290861781426315,4.237398762027112,-5.422661412943938,0.00019985189749149868
339,5.574151371118774,3.254753641893103,-5.381369308502016,0.00019874410662623632
340,5.717152487282988,3.613121003516369,-6.326965258716328,0.00019851287794381278
341,5.964699212862911,4.208242409738801,-5.5460547497061015,0.0001998021951976625
342,5.865042846494418,3.6643872310793597,-5.529491197244155,0.00019948056143448412
343,6.028177564552152,4.009517032339829,-5.605941724491927,0.0001999748977254967
344,6.040692321176493,4.1840222626200045,-6.058996619300842,0.000199885505196562
345,6.049105136856497,4.769882674542174,-4.902008121111336,0.00020012758511711581
346,5.64192920223843,4.293702748000783,-5.620491430907421,0.00019875979074868155
347,5.803305050819688,3.635704795878098,-6.2748863305038185,0.00019910039139858782
348,5.953821830175514,4.491871874375221,-5.205087213344314,0.00020003140650715068
349,5.717847637452678,3.8558201948241333,-4.910792238895226,0.00019953300181896338
350,5.70190672516577,3.4757603925336014,-6.051670667907771,0.00019888724136762903
351,5.9844423090087275,3.877025204807069,-5.1779126775947475,0.00020029417930800264
352,5.82684679067944,4.168939807398743,-4.4496808281760565,0.00020013492718362613
353,5.864212886574649,3.65473148161297,-5.84017603479144,0.00019945337436411137
354,5.834004625278851,4.393596951303891,-5.577593669059354,0.00019949100982330492
355,5.795298109317798,3.365481611743064,-5.214594410000572,0.00019928088988763193
356,5.895866280743746,3.9590196742750265,-5.499371754565388,0.00019984558366559213
357,5.8934580010699165,3.715439611913922,-5.767327880329802,0.00019921474535067318
358,6.034519461528134,4.242989996698071,-5.988009208650681,0.00020003645420274552
359,5.985395533110193,4.131707373867215,-5.955549346285849,0.00019961580903782306
360,6.029009647498754,4.200127575830834,-6.080280359617163,0.00019946958241234825
361,6.1478560434475185,4.535386008398319,-5.37241940190107,0.00020035628392633953
362,5.930128890373055,3.8888269619370135,-5.215374213356867,0.0001998603996185011
363,6.015845187851426,4.1927044774952265,-4.759697253282511,0.0002001864814928922
364,5.678455845734561,3.7711432040511568,-5.095883523668874,0.0001995015506395248
365,5.927612274106195,3.967838812873225,-5.813421212368169,0.0001995819809508248
366,6.02175093499261,4.185206559675663,-5.209437662870599,0.00019994650898524924
367,5.848523508447727,4.130691067806708,-5.6343072766305085,0.0001992774687664678
368,5.821012648028557,3.997539975796059,-5.840506049277494,0.00019941758534969267
369,5.837001721966374,3.949242587866223,-6.0508519948351704,0.00019938088695425904
370,5.9455359290314505,4.294773103109122,-5.353491145695443,0.00020011020114907296
371,5.795281257494651,3.9205940861641864,-5.576215714477115,0.00019938836652499958
372,5.8032439771499185,4.0764975150008524,-5.168023563881832,0.00019960688604214738
373,5.7128317828302215,3.7601208616098063,-5.923093154002544,0.00019891903411917156
374,5.945872673931035,4.238115580401086,-6.419173181302355,0.00019947947208720507
375,6.0966801352693665,4.451952903419738,-5.350237313987975,0.00020045447365646396
376,6.023601167274649,4.112822186554382,-5.793233986162193,0.0001996271382154191
377,6.217427822962122,4.480506648726049,-5.864478443887194,0.00020063840776174402
378,6.077008997959467,4.175386958941601,-5.174011807036294,0.00020002036592359218
379,6.12286293430617,4.367583992280714,-6.935454587684006,0.00019959911901423766
380,6.312086610211395,4.975135166585346,-5.778443140018339,0.00020052359150213306
381,6.130739322672639,4.7995555724560575,-6.477366689669026,0.00019975790917214908
382,6.126500190803597,4.3900702956279645,-6.698455727046323,0.00019943992776916275
383,6.300713130779059,4.992965192416051,-6.434164116154577,0.00020049153994250446
384,6.144965316980404,4.458520243461237,-5.735038000802291,0.00019978895204531
385,6.235606252552941,4.780111337213839,-6.092520896880245,0.00020028230562729732
386,6.268760368556286,4.60728303265185,-6.023188225165413,0.00020052691479577334
387,6.139510747093652,4.579480212725741,-5.724079908592444,0.00020005037544024162
388,5.992244584872196,3.961400604447107,-5.8924132659890205,0.0001993852903865445
389,6.136401596231281,4.905748105815121,-6.466701514684161,0.0001998836229972767
390,6.0426650371882715,4.495317302385786,-6.544871291411837,0.00019936798446451576
391,6.225559460355612,4.516608600807388,-6.372758937747548,0.00020032086388255266
392,6.266499456367285,4.982864356690186,-6.211967301441703,0.00020029104706509315
393,6.172428110378917,4.652161867400906,-6.25797157817955,0.00019956615096816677
394,6.4356297110361425,4.538068364484218,-6.542328203031829,0.0002007655853049073
395,6.489387906540344,5.224589709128708,-6.012048242033217,0.0002008318526804942
396,6.440187692803704,4.908831617366104,-6.242252921481793,0.00020051392363029663
397,6.330164618917479,4.872708905424446,-5.759141686258957,0.00020064964866151058
398,6.198331830460461,4.804769753185582,-6.935585446903815,0.00019982586843525496
399,6.292481933429656,4.630515009601453,-6.124798659250004,0.00020049637265628917
400,6.122082709649476,4.667779070055559,-5.822308786293263,0.00020000807990072644
401,6.265610490220297,4.679642359492789,-6.779663001469828,0.00019972800276946145
402,6.339937151777974,4.993229193532159,-5.556895652084009,0.00020054643789535476
403,6.239825685920152,4.620748151618983,-6.531864862606014,0.0002002288322842105
404,6.266026490455602,4.568029258772981,-5.844226604737571,0.0002005288022814966
405,6.2977866680719785,4.692741887946028,-6.744119294087042,0.00019983381690735769
406,6.4289539328620435,4.90959318541573,-6.417068905680679,0.0002009077068123588
407,6.248033480071285,4.747004202807062,-6.102059532580682,0.000200278838747181
408,6.293205124636529,4.460459156911014,-6.3570403673054585,0.00020016294473634844
409,6.462246011857417,4.6503444128782405,-6.359997171320273,0.00020056382192024103
410,6.43109184021381,4.9506392960444146,-6.202169083062955,0.00020087300208615488
411,6.313398251774288,5.145674539267048,-6.395704602405573,0.0001999408359552035
412,6.397866962005537,4.867930884262307,-5.727065333412398,0.0002006571037327376
413,6.26020583955858,4.653424598603863,-6.720338398478049,0.00019970173752881237
414,6.482102621759395,5.502799665501328,-6.4999490142269,0.00020075597853974614
415,6.15791195849954,4.6275582784348614,-6.238003838222767,0.00019982789859795957
416,6.339671393935532,4.7397433947498655,-6.575789212740702,0.0002001464791305807
417,6.427035427468525,4.884212499108912,-6.524550137369246,0.00020063474488551947
418,6.509227147758338,5.0415400889948785,-6.211702153158129,0.00020071259535825448
419,6.49497969848386,4.75374997280187,-5.9738284567371664,0.00020104820430333348
420,6.531952310917291,4.97141736178105,-5.6859353166178295,0.00020058630860830817
421,6.340968313880353,5.215975539229078,-6.636659813766229,0.00020062348522742468
422,6.1035704883950075,4.524699816795845,-6.943820413804644,0.0001992139512481117
423,6.479991145448707,4.930536176635371,-7.045919350901855,0.00020010662495906217
424,6.591196863666198,5.2050912802771165,-6.276381518252691,0.00020106173934664184
425,6.343219919993032,4.970907120301746,-5.668635731328379,0.00020076042193295507
426,5.99793382426185,4.7747478070952525,-6.907669230507182,0.00019897252258260778
427,6.4809155350217225,4.764581281628807,-6.606849460581387,0.0002002140207082448
428,6.3973851752687665,5.267666061212168,-6.086626675943734,0.00020085747445364177
429,6.2958083197028145,4.69458966610199,-6.99038236498474,0.00019975617698264614
430,6.380668915191109,4.857803332127247,-6.197712346910819,0.00020063549106907885
431,6.4378974923172905,5.18277829712639,-5.681410032331755,0.00020090963420216212
432,6.318189813052925,4.840729102560061,-6.830456416943164,0.00020018588554648886
433,6.385505384950818,5.5201276693442765,-6.214316526252716,0.00020104126070918937
434,6.003694324742185,4.42504300031834,-6.8613904391992975,0.00019945150722833205
435,6.440094064635389,4.663506854998218,-6.736839696799905,0.00020042060589275934
436,6.580264832924399,5.653003951650305,-6.3217570170222785,0.0002009621575211895
437,6.540101715484923,4.974707477721694,-5.743072203791286,0.00020087608976382398
438,6.452088859442426,5.379442668529862,-6.370899785726024,0.0002006384926858118
439,6.400680658851286,4.6915537026712855,-6.854246581573804,0.0002002046730353868
440,6.447682067317544,5.071678147874451,-6.343046659188985,0.00020071726680725988
441,6.28946769151969,4.783877887406135,-5.966762451350348,0.00020020900115014229
442,6.3820415355831415,4.94663247301483,-6.479512867943143,0.00020029495351536752
443,6.237526728398791,4.796292410724988,-6.291705899262254,0.00019997961993567515
444,6.412298984182655,4.49018533077583,-6.3869679252486975,0.0002004372156534373
445,6.5665474165765545,5.484635844943796,-6.67729041394891,0.00020127254680346596
446,6.397585673401352,4.856064007398913,-6.814788001807344,0.00019984862581168272
447,6.597581284657906,5.0251196152449324,-6.697208267262411,0.00020083469638620954
448,6.506072610633453,5.633743874516341,-6.663895036737557,0.00020020978320189897
449,6.5886500979655125,4.933585248134875,-6.284840811396734,0.00020098623724607023
450,6.505025842226132,5.600643325466308,-6.24675753233447,0.0002008051991992943
451,6.301654918727365,4.660388830223326,-7.24028878016037,0.00019962085156066678
452,6.5822049549191775,5.3379111678704305,-6.953654489291154,0.00020082899214912686
453,6.526779950130106,5.221953146212911,-6.057808471747563,0.00020090655937110569
454,6.546501043057162,5.213316056135739,-6.458731947943477,0.0002010006508044171
455,6.465443773741185,5.0143124898260965,-6.310687018570917,0.0002006905239113621
456,6.586889972916595,4.8189195942043455,-6.860413757858396,0.00020071812889455032
457,6.483293117516212,5.691342119588825,-6.013603731999268,0.00020072847740948419
458,6.333067052342017,4.637549748615186,-7.045503185418866,0.00019995016469920301
459,6.586655206220939,5.271240698487162,-6.771010838608518,0.0002009844731105659
460,6.404208776131611,5.112371300139387,-6.639316979494055,0.00020022712175205015
461,6.431031380600132,5.098150385021825,-6.9475839715174175,0.0002003992961476797
462,6.562940552164719,5.503201407368238,-6.379702592870416,0.0002010808945556164
463,6.4860766445992795,4.98643783572777,-6.954093613632324,0.00020026961533403664
464,6.554320280097784,5.381410437171979,-6.575897794117893,0.0002009262334468076
465,6.6482478947515915,5.00024935239918,-7.934076901893192,0.00020067419120550767
466,6.779800780250923,5.856689187978958,-6.533224507752863,0.00020144948820188802
467,6.5623435037677496,5.3573576809750705,-6.438180394890026,0.00020108730876700065
468,6.541551026208651,5.237377191273225,-7.568813664070277,0.00020034287490489078
469,6.652182994066891,5.796051444042803,-7.536567754191566,0.00020111894230012695
470,6.752927273698617,5.20508610147391,-6.859561643107682,0.00020103568931517657
471,6.840956577787324,6.58163918832048,-6.688915614668119,0.00020161988624067817
472,6.572975178734225,5.160898882062355,-6.962309235249677,0.00020042150617882726
473,6.580576015487111,5.341503190694368,-6.831086269569482,0.0002006211956881998
474,6.671045274515961,5.299926672705709,-6.661182588580942,0.00020116728364882874
475,6.633135062623808,5.339322931221261,-6.7791789726415175,0.00020091802628030564
476,6.692910451966327,5.559951587531401,-6.911676617334251,0.0002010223254842458
477,6.641526745492001,5.160235672893492,-6.42021489395195,0.00020108226090087555
478,6.527138345293508,5.248716442948762,-7.637197126515034,0.00020017303671693298
479,6.74226423841327,5.892725769182931,-6.641101479707615,0.0002012756204408106
480,6.639152942790076,5.229458627026645,-6.590344377847558,0.00020083533081560745
481,6.539155493477665,5.511685091482747,-6.8261683064295084,0.00020086158235699259
482,6.573151973050415,4.885110792225589,-7.528463829749967,0.00020052831030170637
483,6.78188575175011,5.245178914732662,-6.995027607641035,0.00020123893671097903
484,6.849636709935794,6.076606884965685,-6.130825868756389,0.00020148987255197426
485,6.541370320370902,5.047520781261852,-7.175127836095271,0.0002003367954444002
486,6.73626716671771,5.172201747961935,-7.372234010999577,0.0002010542968378104
487,6.938806419070374,5.925421348288012,-6.580718145112968,0.0002021321172946955
488,6.641782094931557,5.597651973528201,-7.128987086838293,0.00020083739048004645
489,6.765426902307752,5.604643971974383,-7.035894063436473,0.00020102272219446604
490,6.8843738390775115,5.311152553597168,-6.613229397042389,0.00020163961079333603
491,6.838839861772897,6.182928594553687,-6.577943958954293,0.00020135967264423016
492,6.481364418801945,5.2700449725851115,-7.742758956906158,0.00019976793964815442
493,6.709446954573707,5.223074712130284,-7.721203386198695,0.00020045686289904552
494,6.9183808302501575,5.733213409107833,-7.03607281418239,0.00020127968497263282
495,6.8416575002077025,6.105599012595093,-6.816217697093549,0.00020141260927175608
496,6.614141637241687,5.523435285596577,-7.357483612224669,0.0002004051830795106
497,6.609881505074611,5.649748973875887,-7.214751225361979,0.0002009460231988669
498,6.740508790052388,5.596799292759272,-7.6876325408280906,0.00020041394799363843
499,6.994982062804297,5.9662163346479815,-7.701205040147585,0.00020136328021180816
