,tas,rlut,rsut,rsdt
0,1.1373432584275065,-0.7804224909991717,0.4095389583959985,0.07251189044421835
1,1.1864912525100522,-0.882922755574981,0.2633492057399991,0.029412122352653114
2,1.2147294799443102,-0.7396883389014306,0.3151757400789563,-0.019560867360382872
3,1.2088774513409817,-0.9030784064094064,0.22585477522795827,-0.0304802291212809
4,1.2207376475844285,-0.9412877638867769,0.12544355882205593,-0.03329212477524379
5,1.1050545675167314,-1.1613167434385048,0.42422412286390454,0.011111195091189074
6,1.1497189307852977,-1.2343233419453838,0.5261197561052597,0.04665738373654449
7,1.137496377442801,-1.0573459933426932,0.5937015701363038,0.1262090448218487
8,1.197340814143729,-1.188784138312485,0.49492127639850025,0.17586995242044168
9,1.2232196573799001,-1.1091528445976735,0.8605920085505119,0.22053724086902093
10,1.2297709692106196,-0.8656995802091103,0.7052961602787349,0.1466339925171951
11,1.127928818153805,-1.241021213815344,0.3304541796890277,0.09724572285369959
12,1.1620816407574353,-1.3531106805897366,0.22270853855394535,0.049468091595713304
13,1.3134074299572376,-1.4185848285269174,0.6741475711696552,0.06186943536704348
14,1.2768565269444139,-1.3535990983589556,0.8020104860334101,-0.0058143724714909695
15,1.2969537780379028,-1.3967261280478738,0.2641424576802933,-0.025311650915170958
16,1.4665489191907568,-1.180139458612814,0.28246377130338374,-0.03940865357759549
17,1.4214821213791993,-1.2575580141176488,0.547169992477933,-0.007057736072795251
18,1.422577306518292,-1.3032369551512488,0.41711655479963383,0.004508514848737377
19,1.4582344630667876,-1.2760778388337428,0.38112568536196534,0.08264567933542821
20,1.4500236538981426,-1.4266315686315068,0.36239233396783277,0.08892094747324109
21,1.3070119804719411,-1.3290126851985633,-0.26652868097683324,0.15849691289275825
22,1.49879317881107,-1.4754894629289765,0.5688145855625919,0.0871232016392014
23,1.5067341501994633,-1.1129968309551543,0.26946479407311585,0.08558928092122642
24,1.5115093497229282,-1.6087842943134945,0.07880663135185273,0.04539844328166964
25,1.6700958043180663,-0.9867990442735106,0.023536830537210562,0.026750432849041772
26,1.6653809252308065,-1.3586391027188256,0.2725032123070861,-0.0436543179474711
27,1.7551028302220857,-1.1189944201159392,-0.010693029630090223,-0.05465894555396744
28,1.691517795173354,-1.3945680109263492,0.0856538300169376,-0.05276230954154926
29,1.7679545970406139,-1.3373819798807745,0.21643425247988546,0.0061540931501440355
30,1.8179114599940362,-1.2454117746626139,0.24950189561126024,0.042159687246055455
31,1.8070907568648522,-1.3431829757423372,0.1595342940914577,0.09127766809746163
32,1.8439817002426366,-1.4053836660807235,0.2884385585272753,0.15000566102850144
33,1.9836425335333274,-1.179867362500005,0.4758340299370616,0.18291125838010203
34,1.9260615020145337,-1.2184255268449817,0.40070786498607447,0.10595953820950399
35,1.8888676147668093,-1.5656192286741089,0.17340115008170187,0.04264237996949305
36,1.9670618040887007,-1.2422968438965256,-0.06703632771485957,0.008995456869740792
37,1.921056072609474,-1.5124022541371858,-0.22498391825185138,0.011076560981393868
38,1.9720639806176337,-1.5643241784921713,0.0029060137283636323,-0.04589102809177348
39,2.0913045672047588,-1.4879399365664483,0.18711059087392812,-0.03859023642229431
40,2.2052441290290403,-1.2534383500493504,0.26159804249350316,0.004996574966128264
41,2.188656720623385,-1.168162650461511,-0.12744526130309453,0.08284022215673303
42,2.129738313974201,-1.403564035220512,-0.1128769551127391,0.055753036510168386
43,2.210933269711802,-0.9250106407928058,-0.3394312712066352,0.06593728935587251
44,2.2274049793572317,-1.172457308231202,0.0057181912047781225,0.07090513876244131
45,2.136780418757155,-1.1506762743089496,0.0959948386054208,0.062170860853655086
46,2.1901861241840948,-1.6527060222277612,-0.1138907742288211,-0.008619350198102893
47,2.2780588791957257,-1.3524130773325282,-0.12842389204840288,-0.036973799709755895
48,2.327000994955995,-1.3482237196609788,-0.03466862735292864,-0.04326444315790923
49,2.373711998896738,-1.2710734698305828,-0.22679993634356777,-0.017396071474536257
50,2.3316236009143836,-1.1977446339745939,-0.2457899245155204,-0.038142856794479485
51,2.3885624029359747,-1.4146271676278275,-0.3272684474648315,0.01779566393861387
52,2.3923100493274205,-1.5166796626703274,-0.2254186753163765,0.06481923917567656
53,2.4433476211007132,-1.4893033387268417,-0.43938511386171797,0.1269703789513983
54,2.613317429126198,-1.2871474785651458,0.12068254532719891,0.08328856921986016
55,2.6339232948557765,-1.35387703248648,-0.10673281395249035,0.0528469178755131
56,2.597963216211724,-1.2431958890948351,-0.2364837245043816,0.01275482599538691
57,2.6722492684932604,-1.3773623364125172,-0.3407922939334327,0.02013557751007511
58,2.7613677370180767,-1.3505239879467013,-0.21349758652458206,-0.028003865749042234
59,2.7268776838259896,-1.0524268787620201,-0.31437404004978475,-0.04921761314875539
60,2.696539409351203,-1.4580624377204003,-0.6022055730303606,-0.059810843151694826
61,2.784953590349744,-1.4736111283444302,-0.3808396698389629,-0.03586461266121432
62,2.937016216553843,-1.415275657519885,-0.2506010050172023,-0.0585578947226395
63,3.0965618200592075,-1.161862413617058,-0.26850594396211136,-0.025020676162000655
64,2.9191138577851916,-1.2721432215862762,-0.31992170345650095,0.017274395152696798
65,2.908746662479359,-1.3820533397933445,-0.4130958505194826,0.07234454126273704
66,3.0634260888647304,-1.3183505493900327,-0.43043291073547607,0.044246049603884785
67,3.0941620850915115,-1.0682257815492733,-0.3809050062360768,0.04538668325335493
68,3.0617118074066525,-1.1429139932542398,-0.7510885568814416,0.01710988965805882
69,3.0988472304797483,-1.2603213311689387,-0.41204476525985,0.0344905837088163
70,3.158567689606741,-1.142595160829842,-0.6921337121372915,-0.04125514676456987
71,3.1266439194024542,-1.3291038269272804,-0.5270156412502729,-0.06333984035359208
72,3.061820532601189,-1.5168074155444913,-0.2568812872757462,-0.0622105828306303
73,3.3472852121458914,-1.562466195207321,-0.2590753166914368,-0.029352675243728754
74,3.5269699535299424,-1.2974823803852473,-0.12694894784783628,-0.029472560061890363
75,3.4124828500991384,-1.2551449184498153,-0.3244371676900215,0.024933076778040686
76,3.441535740975894,-1.1105157247193347,-0.21007568802447452,0.06154040417459328
77,3.399061662851807,-1.3432924932314165,-0.5109849644157833,0.14726679712651958
78,3.4950421834058147,-1.3240827627907095,-0.44270613852850715,0.09314901775235285
79,3.3862014673410954,-1.271756185986078,-0.21708278897627054,0.05204057642760063
80,3.4069116077314447,-1.4469416359481784,-0.612132056084647,0.018371188067078492
81,3.4185792699651074,-1.5235034301316261,-0.6169195879805329,0.00834168436932714
82,3.593619207575898,-1.4108143409877414,-0.5110171771475791,-0.03737489894291457
83,3.6461237486493587,-1.5252127211019797,-0.372095615173464,-0.047464335782990474
84,3.6041815217115527,-1.3198176162518394,-0.790968900781138,-0.02947406380837947
85,3.7007344294707423,-1.3274496857194151,-0.7479231027133011,0.01338375691955207
