,tas,rlut,rsut,rsdt
0,0.045942084522891946,-0.007267241175469508,-0.12500115132182543,5.684341886080802e-14
1,0.04205446242622202,0.1838499720819584,0.09362972981767825,5.684341886080802e-14
2,-0.010597067213836908,-0.08753538932867855,0.10450140723497725,5.684341886080802e-14
3,-0.010805917004972798,-0.08923509524692008,-0.006372073391901267,5.684341886080802e-14
4,-0.009670616998505466,-0.028181200064096856,-0.17032719447546185,5.684341886080802e-14
5,0.13356852099758498,0.22587938897027016,-0.17418423357896984,5.684341886080802e-14
6,0.0967412383294004,0.31707205717498255,0.47316304977999835,5.684341886080802e-14
7,0.03494111204213368,0.07461958071965569,0.03759134933460473,5.684341886080802e-14
8,0.0522937074690617,0.20708549116562835,-0.19900028822368654,5.684341886080802e-14
9,-0.10332868066780065,-0.145931550784411,0.11936730326803513,5.684341886080802e-14
10,-0.11524089025630246,-0.10524441277766527,0.11115826223114311,5.684341886080802e-14
11,-0.08006965775643948,-0.12485790915027906,0.06427279369866312,5.684341886080802e-14
12,-0.17511998527680817,-0.14109066540405024,0.3443462912388071,5.684341886080802e-14
13,-0.17772847369201372,-0.1495613661851678,0.05695553390522434,5.684341886080802e-14
14,-0.043330399746025705,0.037004134317101034,-0.18073595643144813,5.684341886080802e-14
15,-0.05723929059530519,-0.0025222825676394223,0.3112477029674068,5.684341886080802e-14
16,-0.04379709430912726,-0.059394532127953426,-0.20673653057745867,5.684341886080802e-14
17,0.080608247391865,0.1167349440875114,-0.06649813728672882,5.684341886080802e-14
18,0.05728147897349345,-0.03681614375605591,0.01694842254688922,5.684341886080802e-14
19,-0.11314140858746669,-0.02995175929720517,0.18803454296319444,5.684341886080802e-14
20,-0.1458723603371368,-0.1263861912300115,0.1611338871661303,5.684341886080802e-14
21,-0.08569463314273662,-0.07075133463510497,-0.07528616881853623,5.684341886080802e-14
22,-0.006260556488086877,0.1236586707061349,-0.19997848613803626,5.684341886080802e-14
23,0.08395605281384633,0.12401678520134851,-0.07323437177822711,5.684341886080802e-14
24,-0.02170535600077983,0.1567342771404867,0.3740120899654755,5.684341886080802e-14
25,-0.11917355608983371,-0.16341425359399864,0.002150176512031976,5.684341886080802e-14
26,0.08911949166468958,0.2754996716618052,-0.3400454154653829,5.684341886080802e-14
27,-0.021896445876848247,-0.10601504614209034,0.19342920818617415,5.684341886080802e-14
28,0.00484502431652345,-0.04793272363539813,-0.1633867885220468,5.684341886080802e-14
29,-0.030480491846390123,0.008725864568020825,-0.10123026193929263,5.684341886080802e-14
30,0.07471782573446717,0.2458919861104789,-0.11693763523194889,5.684341886080802e-14
31,-0.008064980902020125,0.005782732695848836,0.11711888206274068,5.684341886080802e-14
32,-0.033708674638546654,-0.0735209571087978,0.06567949546121099,5.684341886080802e-14
33,-0.008884807312426801,-0.03502760442464137,-0.28625957154453374,5.684341886080802e-14
34,0.1512609672159897,0.22345525356371354,-0.042902346409590564,5.684341886080802e-14
35,-0.04414084027013132,0.03522754090656122,0.1863730938087258,5.684341886080802e-14
36,-0.10324618073514102,-0.0677622936960347,0.02256467787194083,5.684341886080802e-14
37,0.05430112546713417,-0.06554461253355726,0.09973954489504422,5.684341886080802e-14
38,-0.1033282530802353,-0.16972114031071328,0.45280538277748406,5.684341886080802e-14
39,-0.19866863052880035,-0.4481639570936977,0.2156067836515092,5.684341886080802e-14
40,-0.14805417765899165,-0.2516907542165825,-0.1928999528837636,5.684341886080802e-14
41,-0.024881471686114764,-0.11375715688012633,-0.11829050727455126,5.684341886080802e-14
42,0.051068232343368436,0.031089883723382172,0.05966800714071496,5.684341886080802e-14
43,-0.13793432337041622,-0.011207999163531213,0.14073600839471112,5.684341886080802e-14
44,-2.0241141385213268e-05,-0.12398327834569045,-0.28800690435521403,5.684341886080802e-14
45,0.03504603810426943,0.16277299861351935,-0.20255822475202478,5.684341886080802e-14
46,0.08823591108654227,0.10994245349994003,-0.2505571727671736,5.684341886080802e-14
47,0.1947993231594296,0.4601232373827884,-0.2457472241506906,5.684341886080802e-14
48,0.046936168676779744,0.13670638292975923,0.09507783010113258,5.684341886080802e-14
49,-0.07070026012206654,0.011863641605316388,0.36295971737565935,5.684341886080802e-14
50,-0.1735775946810918,-0.3809140668965654,-0.07557390202454428,5.684341886080802e-14
51,-0.021256592742531666,-0.011481366223222267,-0.515020292818221,5.684341886080802e-14
52,0.04374088230048301,-0.09018356384149229,0.11085095013342539,5.684341886080802e-14
53,0.10398466134790851,0.16278101918453558,0.015253557922406458,5.684341886080802e-14
54,0.03838497332867519,0.12245592425435348,0.04237513135927884,5.684341886080802e-14
55,0.15553414582973346,0.3062088147046609,-0.48622669407293984,5.684341886080802e-14
56,0.08561487170362625,0.2525500775357159,-0.023505864484903327,5.684341886080802e-14
57,0.0799640366869312,-0.0015257001546444826,-0.18032452234129437,5.684341886080802e-14
58,0.21753837930288,0.23590094918910154,-0.5227774888463443,5.684341886080802e-14
59,0.17955822035077063,0.3090093160183187,-0.0470795472404717,5.684341886080802e-14
60,-0.012811890472789855,-0.040193244537420014,0.15613757490967828,5.684341886080802e-14
61,0.026997323945863627,-0.16960646229566123,0.0031117442732551126,5.684341886080802e-14
62,0.04865421409760984,-0.03233751131824647,0.023984273928959965,5.684341886080802e-14
63,0.0035540999409704455,0.02748415586614783,0.10359545649870938,5.684341886080802e-14
64,-0.029457685935142308,-0.0885144349223026,-0.11609964562694586,5.684341886080802e-14
65,0.020826225829011946,0.06844853198379042,0.024876440424279167,5.684341886080802e-14
66,-0.04893743045442989,-0.046490768596754606,0.12966286136339988,5.684341886080802e-14
67,-0.08205195839110502,-0.27059660600554025,-0.04540803002571181,5.684341886080802e-14
68,0.08993318457163468,0.10880560161766084,-0.3632224441143421,5.684341886080802e-14
69,0.051328043592377526,0.25254355781873983,0.08214706925578241,5.684341886080802e-14
70,-0.04928146762023289,-0.11031010508489203,0.022347090203567177,5.684341886080802e-14
71,-0.06603918348702109,0.09224258892982107,-0.17830137527180057,5.684341886080802e-14
72,-0.06460304625028357,0.00804038232865878,0.33315915589078315,5.684341886080802e-14
73,-0.06733544247958889,-0.23369758838973098,-0.12151535873780972,5.684341886080802e-14
74,0.09404484060422647,0.16169474686174112,-0.18318606074052468,5.684341886080802e-14
75,0.02706604384638922,-0.05601647934466314,0.02730794822439009,5.684341886080802e-14
76,-0.050128558875485396,-0.2222610673934753,0.20691364796421396,5.684341886080802e-14
77,-0.053590395856645046,-0.0075801599636236006,0.24674352087902207,5.684341886080802e-14
78,-0.03898449378999658,0.09533008705406587,-0.2591839332178125,5.684341886080802e-14
79,-0.08721206044884866,-0.14655834714346838,-0.06074874256722751,5.684341886080802e-14
80,-0.058233557587186624,-0.26769563957591913,0.19287656749517623,5.684341886080802e-14
81,-0.042938948256903586,-0.028044650076793687,-0.03899975496065622,5.684341886080802e-14
82,0.008498404041233698,-0.05611008906444681,-0.2937346938444989,5.684341886080802e-14
83,0.2564140143513214,0.5365823143743,-0.4289597302306447,5.684341886080802e-14
84,0.13548649074107288,0.3993969380047986,0.017026818651146414,5.684341886080802e-14
85,-0.007693709040552221,0.07562095441346628,-0.06638438864791851,5.684341886080802e-14
86,0.07873134792890824,0.10824324672250896,-0.1419158177885862,5.684341886080802e-14
87,0.004480888385444359,-0.08101180688461795,0.16494761742188757,5.684341886080802e-14
88,0.04439104207426681,0.09338747998805275,0.08890939130083098,5.684341886080802e-14
89,0.03701056611993181,0.160909503210803,-0.1135871188151043,5.684341886080802e-14
90,0.08733083674826503,0.12851817108531804,-0.2785157116126271,5.684341886080802e-14
91,0.03536272972786492,-0.016462702522659356,-0.12215657809808533,5.684341886080802e-14
92,0.012735661674071252,0.18929721405905298,-0.2184000901909684,5.684341886080802e-14
93,-0.05052866296767888,0.01136869056682599,0.009969271061024187,5.684341886080802e-14
94,0.13610455538474753,0.1934238223700504,-0.25634883419520804,5.684341886080802e-14
95,0.04632250576861452,0.12054815000053054,0.1407830578396272,5.684341886080802e-14
96,0.15205602777615468,0.18031460146590916,-0.3104552902588722,5.684341886080802e-14
97,0.1893369137553691,0.21761500729860472,-0.07808420017838102,5.684341886080802e-14
98,-0.06051254912847526,-0.05796412257461725,0.3296370660727064,5.684341886080802e-14
99,-0.1332335592407503,-0.32003300465211737,0.3667839588017898,5.684341886080802e-14
100,-0.06907876820730507,-0.03729298273981385,0.11078215027471572,5.684341886080802e-14
101,0.05634324002602398,0.12835028529943315,-0.5476229035358244,5.684341886080802e-14
102,-0.1001151740788373,0.019939699784828235,0.2677602354200417,5.684341886080802e-14
103,-0.06430669811845746,-0.08985274923207953,-0.0646883162104217,5.684341886080802e-14
104,-0.047207644224045,-0.11034604310057716,-0.08264188422396046,5.684341886080802e-14
105,0.021184446570430282,-0.007010113031384435,-0.2125165122693744,5.684341886080802e-14
106,0.0032640143597859606,-0.09992558898153447,0.16435451564834125,5.684341886080802e-14
107,0.15686662165830967,0.22443039372444673,-0.26153376453082444,5.684341886080802e-14
108,-0.05822797660323431,-0.03832424215684682,0.17627189256546671,5.684341886080802e-14
109,-0.0001423385619432338,0.13407427420312956,-0.39048808071221686,5.684341886080802e-14
110,-0.208344975438024,-0.25062658980829156,0.7347694242333773,5.684341886080802e-14
111,-0.12935041747056175,-0.21363371876540782,-0.22630641527349837,5.684341886080802e-14
112,-0.05933078702111061,-0.16011129601290008,0.12097150919744593,5.684341886080802e-14
113,0.09830409349285674,0.09916757570027812,-0.37615439565982456,5.684341886080802e-14
114,0.11638497905352096,0.35402996947135534,0.014355786239576673,5.684341886080802e-14
115,0.010644331067567236,0.15046101939705636,0.2284440325177144,5.684341886080802e-14
116,-0.1679647761154115,-0.27648760191388533,0.5600827562140154,5.684341886080802e-14
117,-0.20636360047228663,-0.4250103132528409,0.15568802283394234,5.684341886080802e-14
118,-0.03938486180828704,-0.07325480662700556,0.052942772441340935,5.684341886080802e-14
119,-0.08573304690406758,-0.11717706332188982,0.19210912243019607,5.684341886080802e-14
120,-0.11440088415042737,-0.09333261539404702,-0.05116504591282478,5.684341886080802e-14
121,-0.03387791127727269,-0.06699608011464875,-0.2760096033462389,5.684341886080802e-14
122,-0.0018833612340927175,-0.07049169929840104,0.07329388798154923,5.684341886080802e-14
123,-0.017885886676253904,-0.17870749099338923,0.3825428260917363,5.684341886080802e-14
124,-0.11539021253122428,-0.1688188361519849,0.27418249186476373,5.684341886080802e-14
125,0.051134927385817264,0.0019366170230341595,-0.23288322510316561,5.684341886080802e-14
126,0.047632876693057824,0.19333876680806839,-0.10794088365813082,5.684341886080802e-14
127,-0.159047579531034,-0.27702949184555337,0.3099551139711991,5.684341886080802e-14
128,-0.09717220341548227,-0.18619683103116813,-0.1811615379786531,5.684341886080802e-14
129,0.04518293763885595,0.22235411319576315,-0.0929124165242996,5.684341886080802e-14
130,-0.012069785764310836,-0.06213447699727226,0.03131040846253086,5.684341886080802e-14
131,-0.0009231630357362519,0.11653163667344302,0.10353797262857256,5.684341886080802e-14
132,-0.03010311022313772,0.10965435677164237,-0.368406464506819,5.684341886080802e-14
133,0.012758660288852752,-0.0967524934297046,-0.15763019844422388,5.684341886080802e-14
134,-0.000748240770690245,0.052814001442442304,0.2655166680206378,5.684341886080802e-14
135,-0.0512654146232876,-0.013011207097179067,0.4025717881157931,5.684341886080802e-14
136,-0.06413518706727928,-0.047344519640262206,-0.12482203198464958,5.684341886080802e-14
137,-0.09947355274135816,-0.035064922357861406,0.18515684493705464,5.684341886080802e-14
138,-0.13831936447644466,-0.18139218891965925,-0.45605111575210344,5.684341886080802e-14
139,-0.11042005941692423,-0.1731097257484464,0.40778178201593107,5.684341886080802e-14
140,-0.11516251086476359,0.013478753513652464,0.005138797784823623,5.684341886080802e-14
141,-0.02891759945640615,-0.1712871284564983,0.1955248573187447,5.684341886080802e-14
142,0.01933157636881333,-0.07183272353915982,-0.027102705097590274,5.684341886080802e-14
143,0.08184789541815007,-0.0009532518631374387,0.06880788406891725,5.684341886080802e-14
144,0.04028167547011208,0.011215057838910525,-0.06211621540627732,5.684341886080802e-14
145,0.015141594476745013,-0.11689084468707733,-0.07108839801688305,5.684341886080802e-14
146,-0.010738787877528466,-0.08744873920301188,-0.07466193523458742,5.684341886080802e-14
147,0.06527969944772849,0.09190721338597996,-0.03190394348428072,5.684341886080802e-14
148,-0.03974566120768941,-0.20270115957313806,0.18988644490163153,5.684341886080802e-14
149,-0.040348430676942826,-0.07141780603140546,0.08855753123822296,5.684341886080802e-14
150,-0.028289505713701146,-0.21042483492612973,0.093817705280415,5.684341886080802e-14
151,-0.11850575793181406,-0.16077187013499383,0.35874199345919067,5.684341886080802e-14
152,-0.1547117456181013,-0.2479324879832916,0.12398237702733184,5.684341886080802e-14
153,-0.08609869389130154,0.008692404046684032,0.49535997039065194,5.684341886080802e-14
154,-0.12060636195383267,-0.3251812523950548,0.17136748261705748,5.684341886080802e-14
155,-0.18780757032942574,-0.23145242790542397,0.008218008779635966,5.684341886080802e-14
156,-0.12306747708561261,-0.1900990685429349,0.5145053261949784,5.684341886080802e-14
157,-0.08664542250613749,-0.09973048157871744,0.0045935897851592244,5.684341886080802e-14
158,-0.011497781763409876,-0.022306914787890264,0.17887866228778648,5.684341886080802e-14
159,-0.08367973346207691,-0.12913877646565197,0.31567988212073317,5.684341886080802e-14
160,-0.09976799410520698,-0.22054242648403033,0.23000839216906854,5.684341886080802e-14
161,-0.21097723401970825,-0.34530485560011925,0.1164234604757155,5.684341886080802e-14
162,-0.05136817884897482,-0.1756958239290043,-0.08885594895984639,5.684341886080802e-14
163,-0.029264725835389527,-0.04365085413374459,0.18476393773532607,5.684341886080802e-14
164,0.014316745187784363,-0.1925760526025897,-0.3296285599124502,5.684341886080802e-14
165,0.1618296404505486,0.1993960417161702,-0.2573376294426737,5.684341886080802e-14
166,0.06900534979627082,0.05397770151350301,-0.06085988888271743,5.684341886080802e-14
167,0.21833755480344053,0.23132495129658537,-0.34440541942863945,5.684341886080802e-14
168,0.16666129759033765,0.20303063931433485,-0.10529563862087343,5.684341886080802e-14
169,0.17894348439853047,0.20331724949591035,-0.37028493692506004,5.684341886080802e-14
170,0.29119180359981556,0.4314158273622013,-0.4460285824395811,5.684341886080802e-14
171,0.2508370863322966,0.1712631458501619,-0.15565184102739238,5.684341886080802e-14
172,0.07551250108696195,-0.007963359765597033,0.3477994708429861,5.684341886080802e-14
173,0.035059613605653794,0.0040594547469936515,-0.17444681216066726,5.684341886080802e-14
174,0.10767655327612147,0.05115841472107263,-0.20958524138076484,5.684341886080802e-14
175,0.3050508788083448,0.5738732841521426,-0.6014985119354037,5.684341886080802e-14
176,0.2898656105398345,0.4469904241835252,-0.24413481682763916,5.684341886080802e-14
177,0.1583943761038995,0.31091952913530463,-0.0189554521591333,5.684341886080802e-14
178,0.03559839467459369,0.1127875377923715,0.09532302936680992,5.684341886080802e-14
179,-0.10400087594001661,-0.23179754348956294,0.0008779964994261036,5.684341886080802e-14
180,-0.019806290027645446,-0.09996863966216551,-0.3145095161118121,5.684341886080802e-14
181,0.10748620423498778,0.21755235219018232,-0.2016361263297597,5.684341886080802e-14
182,0.04358236078576283,0.0742350466099424,0.07592919049548641,5.684341886080802e-14
183,0.1456378238148659,0.15509606807404452,-0.20870626946968684,5.684341886080802e-14
184,0.06317623477116285,0.12402020626535659,0.10924274116635502,5.684341886080802e-14
185,0.03352479041706147,0.030400383953576693,0.05943228100535691,5.684341886080802e-14
186,-0.025757322075492084,0.008471086840756925,-0.24387324075689776,5.684341886080802e-14
187,0.06018155273625325,0.056690646401108324,-0.08154624471384864,5.684341886080802e-14
188,0.20711101703295753,0.38814315467115534,-0.3579964391206403,5.684341886080802e-14
189,0.08381529562893775,0.164940044976305,0.11114719687493846,5.684341886080802e-14
190,-0.007648620298937203,-0.019840795931315824,0.3146162067393732,5.684341886080802e-14
191,-0.06863286468012575,-0.1225341884665454,0.13365975567221255,5.684341886080802e-14
192,0.017593299877148638,-0.12240156561998106,0.04420236017669765,5.684341886080802e-14
193,0.06137384129328893,0.17908333404517407,-0.2764724542505803,5.684341886080802e-14
194,0.1344199185904813,0.2354952882784005,-0.31276387552361484,5.684341886080802e-14
195,0.08580455038531909,0.1985930889984786,-0.0010397136641557836,5.684341886080802e-14
196,0.15740216036329002,0.32379561311188354,-0.41629894149762947,5.684341886080802e-14
197,0.24795566487028964,0.16170414796116006,-0.28622534829125357,5.684341886080802e-14
198,0.2418792135300123,0.3118522398713992,-0.004728227682761599,5.684341886080802e-14
199,0.08835434070948622,0.09041314771212683,-0.0557839239612008,5.684341886080802e-14
200,0.22943784444748871,0.3253704507601469,0.04135279090715471,5.684341886080802e-14
201,0.05939369356116231,0.1931384256551496,0.24980444297646898,5.684341886080802e-14
202,0.004969618660766173,0.043426786442211096,-0.0028773948152007733,5.684341886080802e-14
203,-0.005832932923908629,-0.10972390393328624,0.024926644890356897,5.684341886080802e-14
204,-0.04606990915249298,-0.012506051142338492,0.0501020184913159,5.684341886080802e-14
205,0.05516959901916607,0.11732913025790026,-0.19748762523205698,5.684341886080802e-14
206,0.020731309886400595,0.13017975474730292,0.2417576685228937,5.684341886080802e-14
207,-0.011508173631284535,0.19005383048965996,-0.244455273379117,5.684341886080802e-14
208,0.018655304623166558,-0.07921596803194575,0.08470435912387586,5.684341886080802e-14
209,-0.12327571793201741,-0.06651530153149565,0.41470279468855153,5.684341886080802e-14
210,-0.07311379032569221,-0.2318523865063753,-0.3354311139720494,5.684341886080802e-14
211,-0.009366210639143446,-0.0038240836653926635,-0.03475166840084398,5.684341886080802e-14
212,0.004115802410069591,-0.010614991075755142,-0.1231001302187309,5.684341886080802e-14
213,0.15798222054553435,0.13123549315741911,-0.16158284409631563,5.684341886080802e-14
214,0.12515787990804483,0.2568555632014693,0.2569814948677589,5.684341886080802e-14
215,-0.1827470487059486,-0.395078753745679,0.3996624403658018,5.684341886080802e-14
216,-0.25569966530377997,-0.2933481213319169,0.1278689515423963,5.684341886080802e-14
217,-0.22776720492083768,-0.42270087735428774,0.27785332238751437,5.684341886080802e-14
218,-0.1692807600641686,-0.2401159115648852,-0.04153543790947367,5.684341886080802e-14
219,-0.0743879868316526,-0.05620653863340408,0.18556341494992523,5.684341886080802e-14
220,-0.23951585853706092,-0.22533877879860142,0.5861717509393856,5.684341886080802e-14
221,-0.25763971150587395,-0.3168167447834378,0.20070929387640035,5.684341886080802e-14
222,-0.12388103731171896,-0.3640019535339718,-0.07703061707630354,5.684341886080802e-14
223,0.05022494016907331,0.012903185224587332,0.04200577922611615,5.684341886080802e-14
224,-0.013208733172177745,0.018238036084142095,-0.15683807563996766,5.684341886080802e-14
225,0.05221951556808335,-0.0856250389163904,-0.3308413199782194,5.684341886080802e-14
226,0.13877457398325532,0.19870988740208873,-0.12391805913510723,5.684341886080802e-14
227,-0.15402715253696897,-0.056390388486732945,0.5666922166209929,5.684341886080802e-14
228,-0.23857631810494695,-0.2983800791841418,0.32912829498197027,5.684341886080802e-14
229,-0.1599486369032661,-0.13925788026790542,-0.14854023954103468,5.684341886080802e-14
230,-0.0012293053187022451,-0.23902320532209842,-0.29436542530972076,5.684341886080802e-14
231,-0.011435406073871945,-0.11084744975639182,0.5892006345782335,5.684341886080802e-14
232,-0.007044274507279624,-0.06853214170419619,0.03155634307144339,5.684341886080802e-14
233,0.059096757927989074,0.10210230302570267,0.09876295100558252,5.684341886080802e-14
234,-0.048501929914777975,-0.005199527109738256,-0.032557194289950075,5.684341886080802e-14
235,-0.033175077386545127,-0.027740033664059638,-0.06458811384567298,5.684341886080802e-14
236,0.01984746807590909,0.11457897896849545,-0.2718408619822128,5.684341886080802e-14
237,-0.04328744378921101,-0.24888625587820457,-0.03874182203367127,5.684341886080802e-14
238,0.17260630925574105,0.1797226820102651,-0.38196827533232636,5.684341886080802e-14
239,0.19036164583161508,0.38399367033795784,0.03531140838288138,5.684341886080802e-14
240,0.06773350202371375,0.1047993836241119,-0.006048321883881158,5.684341886080802e-14
241,0.13288547480340185,0.14583471891856448,-0.3970904716421444,5.684341886080802e-14
242,0.14223421682180515,0.03005753291427027,-0.25159187734692523,5.684341886080802e-14
243,0.18106866039215674,0.3785295820636918,0.07842443543465549,5.684341886080802e-14
244,-0.012457648852375769,-0.004471639052894716,0.044842433227216816,5.684341886080802e-14
245,0.05465816240598542,0.08369151224562188,-0.47708234513977743,5.684341886080802e-14
246,0.017573231097344433,-0.04902256024334406,0.13504469789741336,5.684341886080802e-14
247,0.04527205914212118,0.036030892935883685,0.04701220252560745,5.684341886080802e-14
248,0.13062276465240075,0.054811151676915415,-0.48461483788405246,5.684341886080802e-14
249,0.3473484789040526,0.3444459008193519,-0.5581361209161599,5.684341886080802e-14
250,0.36638357685637857,0.47831767249539325,-0.11193470237952852,5.684341886080802e-14
251,0.12098566604498728,0.043225512968746216,0.06563755763269796,5.684341886080802e-14
252,0.05634416538214282,-0.018434115103900695,-0.09619092037536348,5.684341886080802e-14
253,-0.041523062701685376,-0.11175551683302842,0.038847114895418144,5.684341886080802e-14
254,0.14132525617958436,0.2905636096290891,-0.5684661483994375,5.684341886080802e-14
255,0.08132359298025449,0.11396087258316356,0.009253949225765723,5.684341886080802e-14
256,0.06472522530577862,0.2183769115821974,-0.07105917942666906,5.684341886080802e-14
257,0.10158363411824212,0.10317610056446824,-0.5445728276778539,5.684341886080802e-14
258,0.13082394154201893,0.3635930050856473,-0.22050071543954175,5.684341886080802e-14
259,0.0969456624438294,0.0864700749860674,0.04839847551725995,5.684341886080802e-14
260,0.15793669158642842,0.23212937492976948,-0.12701995046002423,5.684341886080802e-14
261,0.05185988513079565,0.2374561801575794,0.07066567775285648,5.684341886080802e-14
262,-0.08348925469186952,-0.10940298391099645,0.2853833123303815,5.684341886080802e-14
263,-0.06695210137314689,-0.1296787536248587,-0.12943925861736716,5.684341886080802e-14
264,0.071043754451523,0.2094361120240933,-0.2479316149630364,5.684341886080802e-14
265,0.10544490338423884,0.2722399680490071,-0.05931573558675041,5.684341886080802e-14
266,-0.0017486789155896076,-0.19427306868368532,0.42438038443306425,5.684341886080802e-14
267,0.10026099220033302,0.050036816965672415,-0.3553251590882809,5.684341886080802e-14
268,0.10981646493570452,0.14172760092560566,0.06561109704033186,5.684341886080802e-14
269,0.1156271604498329,0.12476062267208476,-0.5202634225201166,5.684341886080802e-14
270,0.17680464437654564,0.3891275252778996,-0.22221395056092774,5.684341886080802e-14
271,0.1212991430678585,0.073230326322971,0.10719821104034111,5.684341886080802e-14
272,0.07992809069355644,0.33039044285322916,-0.38115499267269115,5.684341886080802e-14
273,0.05184266423520967,0.11043817149177926,-0.17122330078835546,5.684341886080802e-14
274,0.09648565504159023,-0.0584370239102725,0.11590689816924282,5.684341886080802e-14
275,-0.00515948931871435,0.08285770221536382,0.03420905369485183,5.684341886080802e-14
276,-0.03945254972023804,-0.06854041423932244,0.30396948209562424,5.684341886080802e-14
277,-0.06261325128133421,0.06611022479620488,0.24168795257998,5.684341886080802e-14
278,-0.08309867150552463,-0.07284727690364434,0.1683819046778865,5.684341886080802e-14
279,0.068496486259221,0.07543488555003819,-0.13181275433045414,5.684341886080802e-14
280,-0.023967480836290633,-0.0246501759990565,0.10112825621339994,5.684341886080802e-14
281,-0.015575490832247851,-0.059980138882991696,0.04511899276289455,5.684341886080802e-14
282,0.004784332996962348,-0.07699485611536261,-0.07970780394417432,5.684341886080802e-14
283,0.061571032878873666,0.021859804409956496,-0.09062866839607864,5.684341886080802e-14
284,-0.03716406270399375,-0.2150876422075214,0.07121919390183962,5.684341886080802e-14
285,0.10109236637219965,0.3560416547641978,-0.35321800727317054,5.684341886080802e-14
286,0.1230349864542859,0.29689657561459626,-0.002301278927319572,5.684341886080802e-14
287,0.051164934518055816,0.08692682189837342,-0.18162711388796993,5.684341886080802e-14
288,-0.050655765552448884,-0.05091769957232373,0.28472678072519386,5.684341886080802e-14
289,-0.05015759710909151,-0.040750790772648315,0.031093710050924983,5.684341886080802e-14
290,-0.15890344811737123,-0.06886243454013652,-0.1436456816318099,5.684341886080802e-14
291,0.04660903150238482,-0.03966954224813435,-0.2307595037590886,5.684341886080802e-14
292,0.16116116792335333,0.2628751598160477,-0.09486179024483476,5.684341886080802e-14
293,0.045359351718843754,0.18588137207444788,0.2554203581869672,5.684341886080802e-14
294,-0.08572149402942841,-0.07992724844518762,0.15581200170751686,5.684341886080802e-14
295,-0.1431345637693653,-0.0838831476823998,0.14836606550029785,5.684341886080802e-14
296,0.15254765745146415,0.22673380793023057,-0.6405818319888823,5.684341886080802e-14
297,0.13018008618564636,0.28683879762522224,-0.2168417085896408,5.684341886080802e-14
298,0.06397433358603166,0.2188426390493703,-0.018390667124862148,5.684341886080802e-14
299,0.05348789886767236,-0.012902485732979585,0.20018550274525637,5.684341886080802e-14
300,0.04232757222615646,-0.1260123784195173,-0.12185412501077053,5.684341886080802e-14
301,0.12168179296554626,0.2911081380361509,-0.12991101535249072,5.684341886080802e-14
302,0.15111276045155364,0.041207951526416764,-0.2858269402021847,5.684341886080802e-14
303,0.22103246845830427,0.21684555233875358,-0.4145493608751565,5.684341886080802e-14
304,-0.025228816322851344,-0.047409132431198486,0.13503066290232368,5.684341886080802e-14
305,-0.04313969449100341,0.02960048173977725,0.3705889509782452,5.684341886080802e-14
306,-0.15426968174466538,-0.1670916441846373,0.06362068563188927,5.684341886080802e-14
307,-0.1541371788433139,-0.16168280408075475,0.3446013324267341,5.684341886080802e-14
308,-0.04686173376546776,0.04531405753959916,-0.18350148830003832,5.684341886080802e-14
309,-0.04353852063627528,-0.15259813028964686,0.3749016475803302,5.684341886080802e-14
310,-0.053428617875283635,-0.16685504735428935,0.22998377241168555,5.684341886080802e-14
311,-0.052406771736571045,0.14605728248719174,0.04764172059937266,5.684341886080802e-14
312,-0.08079420037046248,-0.19341460463417093,0.2703789176941598,5.684341886080802e-14
313,-0.13214408013385537,-0.3890225318416185,-0.17457266654879788,5.684341886080802e-14
314,-0.04508665306337889,-0.03310911842922337,0.14959498545839267,5.684341886080802e-14
315,-0.06096474090696802,-0.09400299729188077,-0.046472461917858254,5.684341886080802e-14
316,-0.09799047115620851,-0.07229425579370741,0.05700476493998963,5.684341886080802e-14
317,-0.1100133380097077,-0.2049225882202279,-0.3047239345275159,5.684341886080802e-14
318,0.0592034684662508,-0.034191531707591594,-0.16804244944943036,5.684341886080802e-14
319,0.01184038525826736,0.0604425108259079,0.13417481690541422,5.684341886080802e-14
320,-0.07891844330424647,-0.2583920683361498,0.06546320271046113,5.684341886080802e-14
321,-0.05924307412612961,0.016493532165185343,-9.149720308698761e-05,5.684341886080802e-14
322,-0.07006467691292073,-0.2706784802446123,0.23870161450932414,5.684341886080802e-14
323,-0.043616666208322386,0.014806544752701711,0.0939306196236771,5.684341886080802e-14
324,-0.15199635439131498,-0.32464333855824634,0.4996704545210804,5.684341886080802e-14
325,-0.1201735067384675,-0.18037871409663353,0.048009878999764055,5.684341886080802e-14
326,0.08169674540107508,0.16297423322814097,-0.36501916331903317,5.684341886080802e-14
327,0.20569212368644685,0.23619090334898374,-0.3472047939455507,5.684341886080802e-14
328,0.1873181986130703,0.28779459810721164,-0.18724047915812037,5.684341886080802e-14
329,-0.011627687811483156,-0.003769856167252783,0.2398962004817662,5.684341886080802e-14
330,-0.1754850128451153,-0.17470941876530333,0.0342376056586744,5.684341886080802e-14
331,-0.11066484635557572,-0.46203227474694586,-0.11387438143913187,5.684341886080802e-14
332,-0.028990300880991526,-0.02388488205548356,-0.1067527838354323,5.684341886080802e-14
333,0.01335096618430498,0.005488110750292208,0.02472095362909954,5.684341886080802e-14
334,0.09621867258090333,0.2189718806575911,-0.2693485779630862,5.684341886080802e-14
335,0.11524580279473184,0.1647244878869003,-0.10180800311731275,5.684341886080802e-14
336,-0.061029145958343634,-0.14574793771009809,0.4324529658436944,5.684341886080802e-14
337,-0.16581343271360538,-0.16830885295581766,0.3939528502878318,5.684341886080802e-14
338,-0.09751234361590377,-0.4412154145165914,0.05930460740012222,5.684341886080802e-14
339,0.07006046693095414,0.12103565252448334,-0.24045176305575922,5.684341886080802e-14
340,0.04852090713950474,0.08518852349695294,-0.11043503148577827,5.684341886080802e-14
341,-0.014249632655776168,0.0022596686060296634,0.1593611900552787,5.684341886080802e-14
342,0.0011751517153584246,0.13398765427140802,-0.3387991837416422,5.684341886080802e-14
343,-0.004208222793181449,0.053118190995604664,0.03234288285308651,5.684341886080802e-14
344,0.01824240545261091,0.1658357219493496,-0.14877713739639375,5.684341886080802e-14
345,0.06781100560067443,-0.15928986603853446,-0.1114425779984316,5.684341886080802e-14
346,0.004745617993194173,-0.047590537329995186,0.08524208940139033,5.684341886080802e-14
347,-0.062473735576134004,0.1080394893595269,0.10230450348532827,5.684341886080802e-14
348,-0.1042359510789197,-0.20451704166703166,0.09508168354393831,5.684341886080802e-14
349,-0.037341771390345,-0.12791494095529288,-0.25501559337305935,5.684341886080802e-14
350,0.08187675461186927,0.09792049681146864,0.07944718142759655,5.684341886080802e-14
351,0.2082499850218369,0.24153008254594965,-0.515221104385148,5.684341886080802e-14
352,0.04548088833524844,0.0798729218392964,0.28561691276235024,5.684341886080802e-14
353,0.024342750447203798,0.09087723496847389,-0.1143554255404382,5.684341886080802e-14
354,-0.13435881692942075,-0.2963238538087012,0.3816628907294586,5.684341886080802e-14
355,-0.22275494693235487,-0.3011901296155486,0.39263485147364463,5.684341886080802e-14
356,-0.10668440393931178,-0.16813422684774082,-0.2452705790921641,5.684341886080802e-14
357,-0.0929593271789031,-0.14162348189654494,0.4030948871747313,5.684341886080802e-14
358,-0.04973817207587672,-0.10570770307137423,0.25925909970369787,5.684341886080802e-14
359,-0.14115083442118248,-0.13786358134839816,0.34815194346174394,5.684341886080802e-14
360,-0.1505155613837701,-0.28794363940696144,0.09135656634443023,5.684341886080802e-14
361,-0.021493808630509648,0.014965170127908323,0.10868977827182391,5.684341886080802e-14
362,-0.0710152781273905,-0.0643836289063131,-0.002452410622410639,5.684341886080802e-14
363,0.04724225044361674,-0.1214339708864145,-0.10001773734971664,5.684341886080802e-14
364,0.026418158165313343,0.13077133141777608,-0.09870187462800573,5.684341886080802e-14
365,-0.053855056770430565,-0.02191295550352379,0.19593592537640347,5.684341886080802e-14
366,-0.06668587020215,-0.11679714582888323,-0.26383336116647627,5.684341886080802e-14
367,0.08772774365445457,0.05485179512757554,-0.24336966840004948,5.684341886080802e-14
368,-0.020615444592067433,-0.014548755814900005,0.08613743934665763,5.684341886080802e-14
369,0.02469569522020265,-0.024531228576933017,-0.1306355038722984,5.684341886080802e-14
370,-0.05791929138939622,0.03724286753734418,0.1728253177800383,5.684341886080802e-14
371,-0.09044200888604337,0.06628471502858702,0.05354996977986559,5.684341886080802e-14
372,-0.03739561034029748,-0.13816237239444717,0.23327101782338389,5.684341886080802e-14
373,-0.1624240165918991,-0.20619151359497323,0.4397809441424556,5.684341886080802e-14
374,-0.304299320721384,-0.3961854975480037,0.2758610998537705,5.684341886080802e-14
375,-0.18457731671634292,-0.19942649452968908,-0.3158524227054187,5.684341886080802e-14
376,-0.06679060795573832,0.010321125123056163,-0.14294298145479445,5.684341886080802e-14
377,-0.07115324240129439,-0.17489202288646766,0.38304028108262855,5.684341886080802e-14
378,-0.16578976766521691,-0.11027131822797287,0.4311324500424263,5.684341886080802e-14
379,-0.11080078321759856,-0.22487092387638086,-0.18213599899451083,5.684341886080802e-14
380,0.01359708492958589,-0.07690071516262265,-0.05557063372472726,5.684341886080802e-14
381,-0.08536587328865153,-0.06713661109245095,0.3123137726086753,5.684341886080802e-14
382,-0.09831995851197917,-0.2579936444769828,0.1793248219490664,5.684341886080802e-14
383,0.007534788761290656,0.006513685979882666,-0.07113845455947398,5.684341886080802e-14
384,0.01295323884011168,0.1315150534531142,0.09338712006029937,5.684341886080802e-14
385,-0.0197468980730946,-0.05813561028486447,-0.13529639384098857,5.684341886080802e-14
386,-0.035263050336425295,-0.12694041668723344,-0.30246922622016825,5.684341886080802e-14
387,0.03151630103229763,0.11250532706651484,0.109040008858031,5.684341886080802e-14
388,0.16570326077606978,0.40657173572640204,-0.003489580172697515,5.684341886080802e-14
389,-0.03605688380162064,0.02867323969934432,0.10494938674636956,5.684341886080802e-14
390,0.06513569453090895,0.15172087428260284,-0.3131285818383418,5.684341886080802e-14
391,0.04150395095291515,0.1620795628188887,-0.11782482171106778,5.684341886080802e-14
392,0.06351380265675743,0.28783099834217296,-0.13237100731461737,5.684341886080802e-14
393,0.0936946434355832,0.17087696532419727,0.12349658526345308,5.684341886080802e-14
394,0.009268546587406945,-0.07615376859476441,0.14327462136138536,5.684341886080802e-14
395,0.10007558080184253,0.2222605250230174,-0.16521409524179376,5.684341886080802e-14
396,-0.029534911593657398,-0.0521326770832502,0.11673651565767784,5.684341886080802e-14
397,-0.0007514760036997359,-0.06963646875891527,-0.0863427038189144,5.684341886080802e-14
398,0.10145350176253487,0.08213388733491911,0.002670971467850336,5.684341886080802e-14
399,0.008074700974816551,0.057604566400613066,0.31067550320166504,5.684341886080802e-14
400,0.07413859791762434,-0.0651688810413873,-0.3627639163270544,5.684341886080802e-14
401,0.12602672059733777,0.2872812486189673,0.03514645115097892,5.684341886080802e-14
402,0.08574689792152412,0.26385224665133933,-0.2927762559073699,5.684341886080802e-14
403,0.1354316323098601,0.19519489926634037,-0.29312636395492575,5.684341886080802e-14
404,-0.14679757838786145,-0.22995350543448012,0.9063036069849204,5.684341886080802e-14
405,-0.2134985913738774,-0.21184189929672925,0.1010262468650609,5.684341886080802e-14
406,-0.2533389249738889,-0.2666507691037623,0.17306069632148535,5.684341886080802e-14
407,-0.17069590165925774,-0.2979272992373012,0.24487311023681002,5.684341886080802e-14
408,-0.15212170812230852,-0.19908560550578613,0.20367286271847718,5.684341886080802e-14
409,-0.11043224717980138,-0.2190311860177303,-0.06380245922562722,5.684341886080802e-14
410,0.06911797049690449,0.27085585798795364,-0.3378583217886302,5.684341886080802e-14
411,0.18311705836657666,0.16036604492447282,0.1271763341785288,5.684341886080802e-14
412,-0.06377250791274491,-0.117494853018286,0.25004236508560496,5.684341886080802e-14
413,-0.12561245880146998,-0.31774456096050585,0.15720687519214493,5.684341886080802e-14
414,0.0233279758689946,0.05775373370343573,-0.08925511368104821,5.684341886080802e-14
415,0.029431984702057434,-0.05278160946960497,0.03634819760810615,5.684341886080802e-14
416,0.0072068351515781615,-0.047072805001960205,-0.008755026097119867,5.684341886080802e-14
417,-0.05462466869511218,-0.16276930204517726,0.27745503620283785,5.684341886080802e-14
418,-0.08773214019032594,-0.10555889000187335,0.34899386290096857,5.684341886080802e-14
419,0.0053741170583521125,-0.07760324549556685,-0.25488639777663025,5.684341886080802e-14
420,0.11069195886193484,0.2971981087608242,0.09942943011731131,5.684341886080802e-14
421,-0.052034388474567095,-0.1163257442443637,0.2296937631951721,5.684341886080802e-14
422,-0.17408012945264772,-0.21085933717651528,0.26804080968763344,5.684341886080802e-14
423,-0.21357135342964284,-0.3278261271563565,0.2588698553490616,5.684341886080802e-14
424,-0.17909795224238678,-0.3753216600305791,0.14394147788628686,5.684341886080802e-14
425,-0.18572416926866708,-0.323405665293393,0.4018145694763575,5.684341886080802e-14
426,-0.1628558780830076,-0.12398288330672358,0.027037816069992004,5.684341886080802e-14
427,-0.15618002009199472,-0.30243269038220433,0.26720440917060273,5.684341886080802e-14
428,-0.02514140271659926,-0.11369410459178653,-0.4433201106995739,5.684341886080802e-14
429,0.09193961951888241,0.3595219726657888,-0.11754962427177418,5.684341886080802e-14
430,-0.06190375106262991,-0.09190200802999016,-0.06911064561896296,5.684341886080802e-14
431,-0.02188148372528076,0.06581879606724783,0.024892155847282993,5.684341886080802e-14
432,0.1077295418384665,-0.09906149844667311,-0.08281554979791395,5.684341886080802e-14
433,0.12546525218630222,0.07578009274766373,-0.37197418175759367,5.684341886080802e-14
434,-0.07977470295338662,0.05448063457191665,0.4101380470355167,5.684341886080802e-14
435,-0.259478789733123,-0.38144643216818963,0.21162882597273835,5.684341886080802e-14
436,-0.1682265853133913,-0.2637553453332373,-0.2441559296091924,5.684341886080802e-14
437,-0.08960637592963394,-0.1974140077743698,0.031695436957235756,5.684341886080802e-14
438,0.013289552895116685,-0.018475981216596438,0.17456675469613003,5.684341886080802e-14
439,0.025941482161499607,-0.01731372833287992,-0.04108237253902303,5.684341886080802e-14
440,-0.12344372963320893,-0.06593908260668968,-0.028393079109122255,5.684341886080802e-14
441,0.01297865321299696,-0.21273055304470745,0.05790214344797562,5.684341886080802e-14
442,0.08023706244142659,0.2545228427132997,-0.007872181080273322,5.684341886080802e-14
443,-0.1183431522410956,-0.07885817202415524,0.4708030240420129,5.684341886080802e-14
444,-0.1103426869739792,-0.2016300643808222,0.13120105666804704,5.684341886080802e-14
445,0.008227534719708274,-0.08125688108196982,-0.21905649859118625,5.684341886080802e-14
446,-0.04564179307328686,-0.019161489046553015,0.3962720271475888,5.684341886080802e-14
447,-0.10857092824301162,-0.17621334413215095,0.10285387030185689,5.684341886080802e-14
448,-0.08334960148351911,-0.21777447712443632,0.09667287119819434,5.684341886080802e-14
449,0.0766585556298196,0.06304627221604164,-0.27557918866015996,5.684341886080802e-14
450,0.02207382375297584,0.06203611851722712,0.2733629188549145,5.684341886080802e-14
451,-0.03644145740571503,-0.09786004844255558,0.13019128554019233,5.684341886080802e-14
452,0.05301187489726544,-0.08949963706186281,-0.39859641570168947,5.684341886080802e-14
453,0.22888424655070594,0.33041156761072443,-0.21140051891528344,5.684341886080802e-14
454,0.11799980289521272,0.17836242434310634,-0.016558865596138617,5.684341886080802e-14
455,-0.06715586556776998,0.008739356357096995,-0.0014337137573505743,5.684341886080802e-14
456,-0.03209387609240366,-0.1327774400482724,-0.016287419250431867,5.684341886080802e-14
457,-0.159132631236389,-0.3682066116739122,0.7465087672236308,5.684341886080802e-14
458,-0.14335436977302152,-0.22489067272459806,0.24034655801168014,5.684341886080802e-14
459,-0.11102600245408212,-0.19345439597822178,0.06309916326191001,5.684341886080802e-14
460,-0.06667624923767335,-0.17417327697742735,0.29297137204527246,5.684341886080802e-14
461,-0.1417095912989339,-0.11647176130688308,0.19787990113337628,5.684341886080802e-14
462,-0.1902387431933903,-0.31681887547438237,0.3241161269838244,5.684341886080802e-14
463,-0.10520201382303185,-0.11016540030118449,-0.186599717566736,5.684341886080802e-14
464,-0.02910619425853156,0.016046612859241804,0.1176110233529215,5.684341886080802e-14
465,0.007275867492865018,0.01338279601051795,0.08799672064593267,5.684341886080802e-14
466,-0.058958608763305165,-0.08256930515378258,0.5853134788006855,5.684341886080802e-14
467,-0.09746509388975255,-0.45422836960531754,0.28580591059055394,5.684341886080802e-14
468,-0.010853461222097849,0.12985547011552967,-0.17273424393661685,5.684341886080802e-14
469,0.046748895547068514,0.0147617366937709,-0.03126469730366921,5.684341886080802e-14
470,0.08312702475706146,0.16322619328383325,0.009044881425751328,5.684341886080802e-14
471,-0.03325534326069146,0.020082485360205737,0.09674219331752454,5.684341886080802e-14
472,-0.20166580253152233,-0.39445714820644184,0.32635095907460254,5.684341886080802e-14
473,-0.027724900725843327,-0.1474290645251699,-0.012401529259619792,5.684341886080802e-14
474,0.04115130366557196,0.10275742052692749,-0.057586796020700604,5.684341886080802e-14
475,0.14916845245642207,0.17515245708824523,-0.41117907456133196,5.684341886080802e-14
476,0.09331659637280154,-0.029739389727865273,-0.07320228619590807,5.684341886080802e-14
477,0.02259056598956022,0.02808269046499845,-0.05638860560961234,5.684341886080802e-14
478,-0.0212538170821972,0.05828203881799254,-0.019216675599849964,5.684341886080802e-14
479,-0.0851633935483278,-0.048110249595197274,0.22398595553025302,5.684341886080802e-14
480,0.04068731618752963,-0.020745702453780268,-0.2474276075413826,5.684341886080802e-14
481,0.07947432847618074,0.2886523205341689,-0.2431907440218879,5.684341886080802e-14
482,0.0333853068923986,0.06830644950156284,-0.09298744656167912,5.684341886080802e-14
483,0.18148126860899083,0.1841841291581261,-0.45373810253572344,5.684341886080802e-14
484,0.19832803765689277,0.21951380176872703,-0.013503193153667326,5.684341886080802e-14
485,0.042808837565360136,0.09470388671459773,0.19190788319441765,5.684341886080802e-14
486,0.1010129318930808,0.3574976159268317,-0.18239814728782733,5.684341886080802e-14
487,-0.07896490188647931,-0.14383187354721372,0.5008217546521507,5.684341886080802e-14
488,-0.03791732730644526,-0.04612313965984072,0.03515196042751256,5.684341886080802e-14
489,-0.16571014696364728,-0.2657020284394207,0.49852317138351054,5.684341886080802e-14
490,0.0062404315519302145,0.004092769293066567,-0.1749073615578709,5.684341886080802e-14
491,-0.11168554634173233,-0.10208966329003033,0.4029457763364661,5.684341886080802e-14
492,-0.020230528802073877,-0.11177002435275085,0.12357461851425455,5.684341886080802e-14
493,-0.019808433617583887,-0.1755848107518716,0.03073858421937814,5.684341886080802e-14
494,-0.10186908042061305,-0.02407120573462862,0.17446567950214842,5.684341886080802e-14
495,-0.20146281529747512,-0.38275019647613817,0.5190256559604478,5.684341886080802e-14
496,-0.042281508634573584,-0.05006164249698486,-0.008959809022442755,5.684341886080802e-14
497,-0.08481829762189363,-0.21721748444645073,0.1251724825858247,5.684341886080802e-14
498,-0.0799989950271538,-0.029193054953793762,0.16276320125594168,5.684341886080802e-14
499,-0.03257863453660548,-0.06813056733761869,0.21868720278935427,5.684341886080802e-14
500,-0.08141067125205836,-0.19403584077284108,0.4378653704682449,5.684341886080802e-14
501,-0.42519623135848406,-0.7695647503329894,0.8074216814917605,5.684341886080802e-14
502,-0.3918337080424408,-0.6569763829296846,0.5624496363296458,5.684341886080802e-14
503,-0.25730203234564897,-0.4681582764839618,-0.18667194164724776,5.684341886080802e-14
504,-0.017279585894698357,-0.1840053254796885,0.29186363366710566,5.684341886080802e-14
505,-0.09143816078073996,-0.12431449605583111,-0.12377083227335106,5.684341886080802e-14
506,-0.09989241550891848,-0.01442560575162588,0.034074287814661375,5.684341886080802e-14
507,-0.09877588412825844,-0.3042756638942876,0.2850174351905679,5.684341886080802e-14
508,-0.14607654144464277,-0.34495545055162324,0.12371439072120438,5.684341886080802e-14
509,-0.18581315877656834,-0.19839588968866906,0.26353953887148407,5.684341886080802e-14
510,-0.16061424372662714,-0.19144744590602158,0.06417796641031259,5.684341886080802e-14
511,-0.029901940325714804,-0.11255914520580745,-0.2275195712070115,5.684341886080802e-14
512,-0.08767697466458912,-0.0033409895701197456,0.10192040527068968,5.684341886080802e-14
513,-0.1544773977324212,-0.14163318443075923,-0.041822767626428003,5.684341886080802e-14
514,0.03946490476346298,0.08493894706273863,-0.14556463620480997,5.684341886080802e-14
515,0.07119990680286037,0.08148310266406611,-0.03208336392640376,5.684341886080802e-14
516,-0.0964409790220202,-0.15898590794446932,0.3148760243660007,5.684341886080802e-14
517,-0.01999014628461282,-0.08584439772374708,-0.2630497724167924,5.684341886080802e-14
518,0.09894112345318717,0.04651467347576954,-0.06229741963416302,5.684341886080802e-14
519,-0.13135463584768559,-0.05285459538825421,0.34341414740099196,5.684341886080802e-14
520,-0.23004745066958776,-0.5022000639318094,0.09115290342224114,5.684341886080802e-14
521,0.07345252010730974,-0.11197519592860772,-0.5425032301698138,5.684341886080802e-14
522,0.08223222639662708,0.05590181875743383,-0.13721684170658932,5.684341886080802e-14
523,0.04474931234148016,-0.09611405097427905,-0.028088788254208907,5.684341886080802e-14
524,0.12716561070624266,0.19464677835424027,-0.2945292417737875,5.684341886080802e-14
525,0.07761513860248215,0.05540403810937278,-0.19396994040873494,5.684341886080802e-14
526,0.13362493234808426,0.3359932023135741,-0.2948776690430037,5.684341886080802e-14
527,-0.006845397187987601,-0.03557912794892104,0.4274225295369689,5.684341886080802e-14
528,-0.04868696666682126,-0.14219846489825727,-0.06264675658330532,5.684341886080802e-14
529,-0.05094161001863995,-0.2270809776710223,0.30389867561075334,5.684341886080802e-14
530,-0.05326448846250287,-0.2741613095677451,0.09163914150920505,5.684341886080802e-14
531,0.23254610135722942,0.38260191584464565,-0.4498443623193964,5.684341886080802e-14
532,0.2536544606732605,0.2590039647857054,-0.09823950585951025,5.684341886080802e-14
533,0.07002521308896803,-0.11156265236127183,0.17133863994797593,5.684341886080802e-14
534,0.004952775100321105,0.04501759143337836,0.22635971138051048,5.684341886080802e-14
535,0.03853775300643747,0.013225192427711363,-0.5643560653997923,5.684341886080802e-14
536,0.04695596924432266,0.13000202421150675,-0.053516602994534423,5.684341886080802e-14
537,0.14271593452565412,0.28032190632092124,-0.5284563751587683,5.684341886080802e-14
538,0.13570357936316668,0.3043871381209442,-0.14801919020759158,5.684341886080802e-14
539,0.039181432448742726,-0.006494976428683685,0.06823085935737083,5.684341886080802e-14
540,0.03316186473534799,0.1555105997177577,0.013041767123382897,5.684341886080802e-14
541,0.04022317854509083,-0.048535954739463705,-0.14541077245216627,5.684341886080802e-14
542,0.10535626048437052,-0.020064514734656314,-0.48433618551410973,5.684341886080802e-14
543,0.1059569855775635,0.29764656491474284,-0.06941801263771197,5.684341886080802e-14
544,0.05293306478932891,0.01251156753951932,0.0998217703269404,5.684341886080802e-14
545,0.12045152365141121,0.05202473356717974,-0.42629091127530216,5.684341886080802e-14
546,0.05433316242647379,0.08855941419045621,0.34800933515438714,5.684341886080802e-14
547,-0.004220589338217451,0.07542409599108169,-0.004705103259880161,5.684341886080802e-14
548,0.11575675111771488,0.2566200763731388,0.0023555965670141177,5.684341886080802e-14
549,0.040340465335418685,0.01539003003708217,0.2313868865709452,5.684341886080802e-14
550,-0.034425136912716425,0.11118488529299952,-0.04866855245033719,5.684341886080802e-14
551,0.09516393597959905,0.015083637489993862,-0.3206719383745309,5.684341886080802e-14
552,0.1538336490678489,0.1703199526741912,-0.11738801576170488,5.684341886080802e-14
553,0.07077115386039168,-0.021406115426884753,-0.006543795685914233,5.684341886080802e-14
554,0.14431915187816458,0.2938252319354433,-0.3840887659806924,5.684341886080802e-14
555,-0.006253731147523922,-0.04387304486044741,-0.20514839233401005,5.684341886080802e-14
556,0.18042125805555997,0.3155876604604657,-0.3391054933760671,5.684341886080802e-14
557,0.020298851406664653,0.10183176659086257,0.28106140178134353,5.684341886080802e-14
558,0.12136076072084734,0.12634177812941516,-0.3363225635003886,5.684341886080802e-14
559,0.09931332541992788,0.08179179329968633,0.18151224933740195,5.684341886080802e-14
560,0.10958456285055718,0.1858355002611063,0.08789226952681872,5.684341886080802e-14
561,-0.0014196685725664793,0.032967675807185515,0.4582827008612895,5.684341886080802e-14
562,-0.04608956062662628,-0.04942656924012567,0.05839015791080726,5.684341886080802e-14
563,-0.10357867390149522,-0.25140719671347256,-0.36598821688389194,5.684341886080802e-14
564,0.09525498134473764,0.24537473827220424,-0.1562258277091786,5.684341886080802e-14
565,0.07157489481215862,-0.019681934539079293,-0.17772360881977534,5.684341886080802e-14
566,0.1362617714318617,0.2674690702252178,-0.17861200808759747,5.684341886080802e-14
567,0.02296018983219028,0.083517836148161,0.12321981774583435,5.684341886080802e-14
568,0.08039246396651833,0.19276735528680433,-0.08016716529273538,5.684341886080802e-14
569,0.08456311287119433,0.12631760995961372,-0.2525238377721166,5.684341886080802e-14
570,0.1096150889953833,0.16682884389777541,0.15343769422351272,5.684341886080802e-14
571,0.013332312132831703,-0.03820251487644555,0.01156836540593531,5.684341886080802e-14
572,0.1756771310514864,0.19100983130346094,0.11416028869720662,5.684341886080802e-14
573,0.16238855746263425,0.3222169401032602,-0.19432386885981145,5.684341886080802e-14
574,0.1690620826954614,0.22443949999797042,-0.15914123742021502,5.684341886080802e-14
575,0.0625060853531636,0.13531616686549341,-0.048035509725636416,5.684341886080802e-14
576,0.09286067620234917,0.21104951598280763,-0.1428761343561007,5.684341886080802e-14
577,-0.053658440975823396,-0.07594242917761562,0.5450991805307837,5.684341886080802e-14
578,0.12479161544337103,0.20062438266407412,-0.5177605826331018,5.684341886080802e-14
579,0.008068556015814465,0.2610202484497961,0.37664718007864906,5.684341886080802e-14
580,-0.030476593824403153,-0.046206196364067864,0.0475019137645063,5.684341886080802e-14
581,-0.012472689859180264,-0.06657364826676826,-0.00858554143104584,5.684341886080802e-14
582,-0.08085712972990677,-0.12440722731395226,-0.007995750759675957,5.684341886080802e-14
583,-0.10686445991791516,-0.22033707237574163,0.37940023744491214,5.684341886080802e-14
584,0.05935221407855806,-0.07938730696497487,0.03686503655303852,5.684341886080802e-14
585,0.16100170477460551,-0.04800738928472015,-0.11410612828862554,5.684341886080802e-14
586,-0.016571737531819508,0.1277849386570722,0.46409217860929175,5.684341886080802e-14
587,-0.059828748321933745,-0.10488195660272481,0.14700731026248093,5.684341886080802e-14
588,-0.06463202885623787,0.03641218672603941,-0.06185607749802102,5.684341886080802e-14
589,-0.038278319636845026,0.07372103191798374,-0.5632520099698723,5.684341886080802e-14
590,0.04145930319850777,0.3288730998312417,0.11162471677518226,5.684341886080802e-14
591,-0.2227122725469144,-0.17305797766582032,0.4052769254195141,5.684341886080802e-14
592,-0.1556727445422439,-0.16359105482266045,-0.17835927656973638,5.684341886080802e-14
593,-0.09605807071329764,-0.1973221816413968,-0.20921287393996124,5.684341886080802e-14
594,-0.01597639451097166,-0.024538866988962127,-0.13931970893818857,5.684341886080802e-14
595,0.12201594274478111,0.13537419564599418,-0.17669180223620629,5.684341886080802e-14
596,0.19389238782548546,0.16536925769381128,0.11350390700165747,5.684341886080802e-14
597,-0.030442450042357905,0.09950518502168393,0.2509632880853303,5.684341886080802e-14
598,-0.05776248538961681,-0.10166914166322272,0.07460105791516014,5.684341886080802e-14
599,-0.033488245735725286,-0.09428404755533393,0.15774595061010643,5.684341886080802e-14
600,-0.010117329348645399,0.07672513393839608,-0.2523820371721257,5.684341886080802e-14
601,0.019456210100713633,0.055625174940246325,-0.1688621436443043,5.684341886080802e-14
602,0.008184384934054378,0.06552511580878218,0.0052056244788900585,5.684341886080802e-14
603,-0.02606437240052628,0.21691917988817977,0.07393774640988227,5.684341886080802e-14
604,-0.11150392983876145,-0.15699921777576265,-0.28249975383349124,5.684341886080802e-14
605,-0.014840662464905563,-0.02598863346440794,-0.005143510039644639,5.684341886080802e-14
606,0.01801507750133169,0.1398885938381227,-0.038662775306661956,5.684341886080802e-14
607,0.12245042408460449,0.16901323173988203,-0.4519959742989954,5.684341886080802e-14
608,-0.02397578444958981,0.23557547485867758,0.10550100803804696,5.684341886080802e-14
609,-0.2815464147871012,-0.4257795598375367,0.45715647644227886,5.684341886080802e-14
610,-0.027208572927975183,-0.14593076482651668,-0.38832214097089945,5.684341886080802e-14
611,0.09332020121064488,0.24214550413230995,-0.36093007026791213,5.684341886080802e-14
612,0.23000411142226085,0.43039125056998273,-0.3642847217948457,5.684341886080802e-14
613,0.004107273050010463,-0.0014984655389582713,0.34609134152975685,5.684341886080802e-14
614,0.09300596094209368,0.02406917325041036,-0.20219412928065594,5.684341886080802e-14
615,0.16219908229646762,0.3249196394129399,-0.1751678101518337,5.684341886080802e-14
616,0.11292032964678356,0.2909652953611612,-0.15224990039382647,5.684341886080802e-14
617,-0.03997758561962428,-0.1164648431168871,0.23664730280718516,5.684341886080802e-14
618,0.008096547373838803,0.10830962190223659,0.08635451207555889,5.684341886080802e-14
619,-0.09232794992595927,-0.18450676559598378,0.19165003790959645,5.684341886080802e-14
620,-0.08518041239710783,-0.2862796233347922,0.31531943991664946,5.684341886080802e-14
621,-0.18205050113505195,-0.25425020377076635,0.13060106214180678,5.684341886080802e-14
622,-0.15336018527591477,-0.35131652124590573,0.15761194916079546,5.684341886080802e-14
623,-0.060370700515761655,-0.06061069918820294,0.13698866207198535,5.684341886080802e-14
624,-0.15586498800922755,-0.33199075523054944,0.2924991777763921,5.684341886080802e-14
625,-0.0980853303487379,-0.061189623294723106,-0.11567872714864791,5.684341886080802e-14
626,0.08844945117152747,0.0223210072643667,-0.28827885542006015,5.684341886080802e-14
627,0.005134622831803881,-0.024487579793202485,0.2595308611163887,5.684341886080802e-14
628,-0.12471607883270508,-0.05516810368030178,0.18827358025038166,5.684341886080802e-14
629,-0.16134316961233708,-0.33665881783753093,0.2508100151512167,5.684341886080802e-14
630,-0.034882596257716614,-0.2130674986048291,-0.23151841420713026,5.684341886080802e-14
631,0.11546143549816179,0.08833755467284732,-0.07202196788466608,5.684341886080802e-14
632,0.11095796985028983,0.07454704735334872,0.13074819308194208,5.684341886080802e-14
633,0.024528390862371907,0.18734014983999714,0.06546410293576344,5.684341886080802e-14
634,-0.022444740521166295,0.10712754418702275,-0.06208108202611129,5.684341886080802e-14
635,0.08069141760131515,0.10302337879664947,-0.19134792984431215,5.684341886080802e-14
636,-0.001953922364123173,-0.030577933827373727,0.20043355634103932,5.684341886080802e-14
637,0.07797351954258147,-0.0029458518525018462,-0.23290458946402737,5.684341886080802e-14
638,-0.023586635861533978,-0.08719737217919032,0.27125632427586766,5.684341886080802e-14
639,-0.0007416446176762292,-0.07074222891384352,-0.018338364251960115,5.684341886080802e-14
640,-0.1348980243865867,-0.11694410402452604,0.23957744434754602,5.684341886080802e-14
641,-0.10558482349176757,-0.17768290281688337,-0.04688280576273485,5.684341886080802e-14
642,-0.011837762210461733,0.048038067915314286,-0.10103641347146208,5.684341886080802e-14
643,-0.09139673628732226,0.011908214640357073,0.04972780706918911,5.684341886080802e-14
644,0.028891752497997913,0.1470290729131989,-0.2475101665001489,5.684341886080802e-14
645,-0.023980685679021008,-0.1826138034007272,-0.11409218221264439,5.684341886080802e-14
646,0.021379117715127904,0.04913162780133007,-0.14265461390024825,5.684341886080802e-14
647,0.05620272365518986,0.21680762240478657,0.1855064204933683,5.684341886080802e-14
648,0.08218620708299795,-0.011821238940342482,-0.1831503733976092,5.684341886080802e-14
649,0.06680447322605687,0.04319681744709669,-0.21039996680269724,5.684341886080802e-14
650,0.1701947944148401,0.4225558225560633,-0.1367315912471696,5.684341886080802e-14
651,0.034891797993623186,-0.10945070386011935,0.11915270076772799,5.684341886080802e-14
652,-0.04546821998548012,-0.009353044561464685,-0.070987347679079,5.684341886080802e-14
653,0.027720278238973606,-0.017198857662918954,-0.40229977722633237,5.684341886080802e-14
654,0.13088366594763556,0.5739928218402213,-0.1978555700973601,5.684341886080802e-14
655,0.11138205919564825,0.03905966092486324,0.06414682072589528,5.684341886080802e-14
656,0.06765969963493035,0.19871686810805045,-0.20577639951979165,5.684341886080802e-14
657,0.023124407178954698,-0.010508829130998265,-0.21605217666636634,5.684341886080802e-14
658,0.14932171085462187,0.17221754975884096,-0.3743914437259974,5.684341886080802e-14
659,0.1471493066864582,0.12723407422799937,0.1524393193758442,5.684341886080802e-14
660,-0.019985537713125723,0.018367143927349616,0.31157706801356255,5.684341886080802e-14
661,-0.027835653964984886,-0.1306024736473148,-0.12454465563445183,5.684341886080802e-14
662,0.0022558729147590384,-0.01395782792340583,-0.025519297822796716,5.684341886080802e-14
663,0.11009099471209538,0.13353805337550284,-0.34198877953724605,5.684341886080802e-14
664,0.06593288143142217,0.05025408114082097,0.17650040349666085,5.684341886080802e-14
665,-0.05941209377601808,-0.22676266914160692,0.40920870810636245,5.684341886080802e-14
666,-0.006015547536151189,-0.12170800156067685,-0.16795662809435896,5.684341886080802e-14
667,0.09213497629309586,0.11838623714470486,0.2152242725928204,5.684341886080802e-14
668,-0.0542165743206624,-0.11833786254899792,0.3455701805827829,5.684341886080802e-14
669,-0.13476526389365517,-0.27116343915716357,-0.08642220566817116,5.684341886080802e-14
670,-0.16837543397451782,-0.34211705766023215,0.24885711737280758,5.684341886080802e-14
671,-0.027646750545329724,0.02626123834912164,0.06860074846457564,5.684341886080802e-14
672,0.03452241905245046,0.04019935779152206,-0.04333223860170676,5.684341886080802e-14
673,0.015935450319204847,0.2385139310085833,-0.0295111044067653,5.684341886080802e-14
674,0.018287529281280968,-0.2038156537117004,0.0744827986650165,5.684341886080802e-14
675,0.08875186086879694,0.24377996184443873,-0.09640665202168464,5.684341886080802e-14
676,0.0233586597406088,-0.03662391060873915,-0.04815691987820969,5.684341886080802e-14
677,0.057800341834706614,-0.021028626870190692,-0.2558943739890367,5.684341886080802e-14
678,0.1268435740945506,0.12298502154547464,-0.02650304389338487,5.684341886080802e-14
679,-0.041767359357834266,-0.06654910698318872,0.1870448717958908,5.684341886080802e-14
680,-0.04812776567320043,-0.14602219534452843,0.341313766759626,5.684341886080802e-14
681,-0.21664686700967195,-0.33121960236263703,0.7812322807275507,5.684341886080802e-14
682,-0.18393252558291806,-0.42719560844278703,0.08026660549597864,5.684341886080802e-14
683,-0.0783089087276494,-0.20812851254370912,0.0760014523848298,5.684341886080802e-14
684,-0.01453702610479013,-0.11929752382781089,0.22901562978987045,5.684341886080802e-14
685,0.04745193104469081,0.2586959202715775,-0.06734668631845864,5.684341886080802e-14
686,-0.15044244908216342,-0.23083074383586677,0.38513372373422783,5.684341886080802e-14
687,-0.13076104779122488,-0.33259959696201236,-0.06525419845652891,5.684341886080802e-14
688,-0.08824233800589809,-0.3087031094180759,0.02733198611984733,5.684341886080802e-14
689,-0.05076257773754378,0.05485930059964517,0.16439312738401668,5.684341886080802e-14
690,-0.04186630949737946,-0.041175650766319905,-0.26454189532333316,5.684341886080802e-14
691,-0.03991345945996727,0.11975090476914829,0.05568349331778677,5.684341886080802e-14
692,-0.10800339938708703,-0.01174109482084873,0.23068169289010143,5.684341886080802e-14
693,-0.23744760809887566,-0.3216929791806251,0.572070614390384,5.684341886080802e-14
694,-0.1899833218014919,-0.4463991722745959,0.04119502064202152,5.684341886080802e-14
695,0.063690389891633,0.20801718687553716,-0.2676704744949916,5.684341886080802e-14
696,0.04581935725929043,0.018174468638534336,-0.07678428513273161,5.684341886080802e-14
697,0.03771814926852812,0.019233220102279347,0.09030798323698264,5.684341886080802e-14
698,-0.20375187922883242,-0.3230566545937279,0.7083600723447603,5.684341886080802e-14
699,-0.08640837094725384,-0.2427193593202901,0.023486583525809124,5.684341886080802e-14
700,-0.08753143639580685,-0.34291398320030453,0.1178501212333174,5.684341886080802e-14
701,0.0730374595366925,0.1478632972707885,-0.24195198694275177,5.684341886080802e-14
702,0.010787034121847228,-0.08642723428238241,0.04014916117176881,5.684341886080802e-14
703,0.020130128525579494,0.22937904749178983,-0.26707397069952776,5.684341886080802e-14
704,-0.03934265293679573,-0.020383483716528872,0.06299563611504766,5.684341886080802e-14
705,-0.05424956186413965,-0.13934209247011609,-0.11322964441980332,5.684341886080802e-14
706,-0.18639461911936905,-0.20548610593994,0.43711816112211466,5.684341886080802e-14
707,-0.2499364034779319,-0.42483168691475726,0.28077712465602644,5.684341886080802e-14
708,-0.18144784820259474,-0.2655560663996255,0.1110914510263541,5.684341886080802e-14
709,-0.16675292891233084,-0.20775923152342557,0.13231804642134648,5.684341886080802e-14
710,-0.05961549369703789,-0.006419792931637858,0.11292018381281821,5.684341886080802e-14
711,-0.12445418182352341,-0.0495633573416967,0.2511168064098115,5.684341886080802e-14
712,-0.04742272893281552,-0.09113520739009573,-0.1262016068519216,5.684341886080802e-14
713,0.10817525290650565,0.19030935489763579,-0.42682997374198806,5.684341886080802e-14
714,0.16737565514688413,0.48268019269394813,-0.1047385209995042,5.684341886080802e-14
715,0.0782932315906919,0.21585368384799608,0.04568090298872107,5.684341886080802e-14
716,-0.07900980353286968,-0.10609849415635608,0.17548030455759545,5.684341886080802e-14
717,-0.05009852211577481,0.04030186938777547,-0.24656694509501165,5.684341886080802e-14
718,-0.03579745074512175,-0.035493526894555316,0.2755015819269886,5.684341886080802e-14
719,-0.02783699688160368,-0.12724990243006573,0.09997029326559925,5.684341886080802e-14
720,0.0653806768158347,0.13331673232463004,0.08808932143692516,5.684341886080802e-14
721,0.0667330234301744,-0.06556815454692355,0.05813917075424513,5.684341886080802e-14
722,0.0032952514392263765,0.054728630367606,-0.13022200392904892,5.684341886080802e-14
723,0.05399123340885126,-0.07113682793777798,0.07515322191730434,5.684341886080802e-14
724,0.20613320444431338,0.300148236719167,-0.4636091118475889,5.684341886080802e-14
725,0.1650755649247344,0.371355659879697,-0.31980051596063674,5.684341886080802e-14
726,0.10811394144565156,0.15336921477825172,-0.17797181055669853,5.684341886080802e-14
727,0.10119778160316173,0.05381801724936963,-0.0846469929540632,5.684341886080802e-14
728,-0.0880080537011736,-0.24970557775159818,0.41501578128266203,5.684341886080802e-14
729,-0.07726269869760927,-0.291646828233894,0.11798414638764143,5.684341886080802e-14
730,-0.06383401301923186,-0.008543835566570124,0.22263366823155195,5.684341886080802e-14
731,0.028538703417098077,0.06688713412623315,-0.01691520068271757,5.684341886080802e-14
732,0.19066087138980947,0.3548191330312136,-0.3271337205643192,5.684341886080802e-14
733,-0.03139725165129903,-0.026417318856317706,0.2553456800082188,5.684341886080802e-14
734,0.09485424485450267,0.03759045070600564,-0.4181226904070314,5.684341886080802e-14
735,0.036664727412357934,0.0591116116672481,0.02900541909406229,5.684341886080802e-14
736,0.00907870099797492,0.06720608202692802,-0.41632417075892647,5.684341886080802e-14
737,0.07615577880477531,0.1930491686474909,0.05878397811603975,5.684341886080802e-14
738,-0.17123459765684856,-0.13813512318390053,0.5748001044632076,5.684341886080802e-14
739,-0.07945143740954563,-0.3870788538388581,-0.2600978371797851,5.684341886080802e-14
740,0.07466283091230252,0.18047155196703102,-0.12679964330254734,5.684341886080802e-14
741,0.03809264993799388,0.06145097729122995,-0.1458577892549897,5.684341886080802e-14
742,0.09807824812469335,0.3011219603561983,-0.3347748972446425,5.684341886080802e-14
743,-0.012639301956312465,0.1146268344692487,0.257009993832952,5.684341886080802e-14
744,-0.07299244993117782,-0.11607735058558433,-0.164102372856874,5.684341886080802e-14
745,-0.023768740774869457,-0.03576598006125664,0.18707351724710009,5.684341886080802e-14
746,-0.0318218999018427,-0.16901917268410216,0.020981188864070077,5.684341886080802e-14
747,0.14698975837040962,0.390101309292163,-0.359118650869533,5.684341886080802e-14
748,0.009651310952790482,-0.009212340217629844,0.353911829743339,5.684341886080802e-14
749,-0.005279654136927547,-0.022682703375863866,-0.06453079094453074,5.684341886080802e-14
750,-0.010584767946227203,-0.13486535560937796,0.08080937222071327,5.684341886080802e-14
751,-0.05399963790699758,-0.01896027940463796,0.05784049680978853,5.684341886080802e-14
752,-0.0635565545303507,0.03596173148665116,-0.02930511474211528,5.684341886080802e-14
753,-0.16497735753875986,0.038049222314327835,0.06520627966682468,5.684341886080802e-14
754,-0.12740890739706856,-0.15735893687002545,-0.16691147690681873,5.684341886080802e-14
755,0.0858260850300212,0.14428610101302297,-0.2874823312808843,5.684341886080802e-14
756,0.1919041225859246,0.43506720696376533,-0.21866351620505498,5.684341886080802e-14
757,0.14260301567867373,0.21304755810098186,-0.3633247284629988,5.684341886080802e-14
758,0.24322585560997823,0.2558197749634985,-0.28953352129876464,5.684341886080802e-14
759,0.21505056742165607,0.35416033403561187,-0.5633727829408031,5.684341886080802e-14
760,0.11200951531418468,0.2250330822088813,0.12340231536958868,5.684341886080802e-14
761,0.012804898014849186,0.007863540551227288,-0.12863574226196306,5.684341886080802e-14
762,0.06696946021645545,-0.08538893069450637,-0.03638190258341467,5.684341886080802e-14
763,0.03085070054504513,0.09327942186061478,-0.1526581937902307,5.684341886080802e-14
764,0.1354279504409419,0.24037043530003643,-0.2547220041412288,5.684341886080802e-14
765,0.2586328501022308,0.4432706999420759,-0.41374698758092165,5.684341886080802e-14
766,0.12431627355317687,0.08144888857475507,0.04524821837385673,5.684341886080802e-14
767,0.05580585583618358,-0.09120040397752405,0.13742014254519574,5.684341886080802e-14
768,0.060341493204191465,0.24706519339264332,-0.05426984126464163,5.684341886080802e-14
769,0.00017381162581386889,0.026756036838833097,0.022205664609714404,5.684341886080802e-14
770,0.008084720726117212,0.19109076341291598,-0.21432919315321897,5.684341886080802e-14
771,0.12474268578290548,0.1671973590480036,-0.21355250286602256,5.684341886080802e-14
772,0.07371611304620274,0.09944736060765536,0.09381548298314613,5.684341886080802e-14
773,-0.006745758700503757,0.07447784314925343,0.11523815882610222,5.684341886080802e-14
774,-0.15373952260898704,-0.18743911065445218,0.44094170390117426,5.684341886080802e-14
775,-0.13675612629589295,-0.3636505529772762,-0.18520904970678487,5.684341886080802e-14
776,0.017962195176323803,0.19701901948721456,-0.0456740995520164,5.684341886080802e-14
777,0.02364010346457235,0.10673673577963427,-0.03313702698936538,5.684341886080802e-14
778,0.12372300393309388,0.06323589374969174,-0.12486731806656337,5.684341886080802e-14
779,-0.08757823374469353,-0.061959958427252104,0.4238707621995559,5.684341886080802e-14
780,-0.14822007532978887,-0.14713501437205423,0.33626424820457146,5.684341886080802e-14
781,-0.19274575929091498,-0.24723840969636512,-0.04607880263466768,5.684341886080802e-14
782,0.03284480719958083,-0.043819726499464196,-0.4334109742810881,5.684341886080802e-14
783,0.09862341143787035,0.2823936503694142,-0.3381641123782515,5.684341886080802e-14
784,0.05034556516449129,0.24618520217850914,-0.07941951550564852,5.684341886080802e-14
785,-0.012796654551209485,-0.020974835473992925,-0.03358884469341206,5.684341886080802e-14
786,-0.04373753260375679,-0.04151188626565272,0.10542275849861937,5.684341886080802e-14
787,-0.048430834060695815,0.11336000762503318,-0.07172945460420976,5.684341886080802e-14
788,-0.021897885398459493,0.15609512773869483,-0.18739955686588416,5.684341886080802e-14
789,0.0762033965510227,0.17671560215950421,-0.5126421773128413,5.684341886080802e-14
790,0.22224242266975125,0.35968198569273113,-0.20366937985214406,5.684341886080802e-14
791,0.12996593406097645,0.24832812958362638,-0.1531716993223995,5.684341886080802e-14
792,0.15094135472696735,0.2673223825898674,-0.18214087620627595,5.684341886080802e-14
793,0.07346975370501241,0.11018265889981649,-0.05872438133808089,5.684341886080802e-14
794,0.163519720238412,0.15589815178617528,-0.3806312249058834,5.684341886080802e-14
795,0.07318171752581293,0.0706799452950122,0.0589065961964792,5.684341886080802e-14
796,0.10670341933484906,0.24702746483214355,-0.29591420954250225,5.684341886080802e-14
797,0.019381663163358098,-0.06248106141435983,0.1571010533698427,5.684341886080802e-14
798,-0.037576807047457805,-0.03521689886582635,0.08825211589488902,5.684341886080802e-14
799,0.07165391117115405,0.12764770413869542,-0.4106843274191192,5.684341886080802e-14
800,0.031790428604722365,0.08601934891981955,-0.33148297507779034,5.684341886080802e-14
801,0.14019480942351947,0.11755115278387507,-0.5800346240443872,5.684341886080802e-14
802,0.1955071751569335,0.341682467845402,-0.002452305912967745,5.684341886080802e-14
803,0.02848594211792488,0.024781257746468555,0.4259953597165378,5.684341886080802e-14
804,-0.052881920154788986,-0.09491573338087278,0.13319757751777672,5.684341886080802e-14
805,-0.038926483316345184,0.024305636815881826,0.3549617548437709,5.684341886080802e-14
806,-0.08010182237325125,-0.10222224961259485,-0.06131770024320815,5.684341886080802e-14
807,-0.07089259011991089,-0.18954500133384045,-0.11695584266878711,5.684341886080802e-14
808,0.05346055216534751,0.22145832741639992,0.05851508344045442,5.684341886080802e-14
809,-0.10590256683002508,-0.020230692276982154,0.08105701181685276,5.684341886080802e-14
810,0.0375592031944052,0.2877098714332931,-0.23493399349545996,5.684341886080802e-14
811,-0.14259458542090897,-0.2719826079760992,0.20224300293558883,5.684341886080802e-14
812,-0.029621151276046476,-0.11687928581488904,0.08382761435441921,5.684341886080802e-14
813,0.07909410079685131,0.18692921866639267,-0.2851811684906522,5.684341886080802e-14
814,0.19288150931350856,0.4634004919421102,-0.2909337767670479,5.684341886080802e-14
815,-0.08829313301049524,-0.16232555862490017,0.5083425061927613,5.684341886080802e-14
816,-0.06898831841118636,-0.019923090528408238,-0.021177314955664883,5.684341886080802e-14
817,-0.12177762157784855,-0.2377131682670779,0.1960493354379338,5.684341886080802e-14
818,-0.11938081481730478,-0.28879359192629295,0.22493890320943422,5.684341886080802e-14
819,-0.004720170099687948,-0.07583164777085472,-0.39628583384869387,5.684341886080802e-14
820,-0.05758779829903915,-0.11789666844495628,-0.09445059806701295,5.684341886080802e-14
821,0.07974529084725646,0.22238705055858077,-0.4189681092789215,5.684341886080802e-14
822,0.07264741360103244,0.049039811632411556,0.09627336133479503,5.684341886080802e-14
823,-0.13543287811796745,-0.24840731126735704,0.22850143296854242,5.684341886080802e-14
824,0.017862791853985982,-0.08102853363237728,0.005632152176573868,5.684341886080802e-14
825,-0.02293999742801134,0.11513415789286796,0.054628712631341614,5.684341886080802e-14
826,0.04955997042634408,-0.029252025097633805,-0.03344853516347257,5.684341886080802e-14
827,0.07435172970701842,0.078885299687812,0.17728602366364044,5.684341886080802e-14
828,-0.04821063182293983,-0.19615757073805185,0.08761251802349079,5.684341886080802e-14
829,-0.11017156543829287,-0.052366087211936474,0.1591112344638077,5.684341886080802e-14
830,-0.06308456815463614,-0.14146200303460432,-0.2230516747676603,5.684341886080802e-14
831,-0.09026149192715138,-0.18266280342507457,0.30168546627679405,5.684341886080802e-14
832,0.01538047712227808,0.1006437528230606,-0.23075753458708448,5.684341886080802e-14
833,0.0077349116959908315,-0.05113374659845249,-0.03243291523098435,5.684341886080802e-14
834,0.0009685880461915986,-0.04874112756394311,0.06853509046869988,5.684341886080802e-14
835,0.11214324258037323,0.19266965615068443,-0.1387545761966038,5.684341886080802e-14
836,0.011954852948292682,0.04601241421013924,0.3880709132089919,5.684341886080802e-14
837,0.01818311735428324,-0.0646655008953303,-0.009699017874652327,5.684341886080802e-14
838,-0.028479656687125043,0.1364932776656076,-0.08622572040748366,5.684341886080802e-14
839,0.008344378952358511,0.0026428824536139928,0.03752707611999995,5.684341886080802e-14
840,0.11492635699556786,0.08676963473808996,-0.2576117432579821,5.684341886080802e-14
841,0.08239652331354819,-0.06639484941862861,0.34791852124374145,5.684341886080802e-14
842,0.1324623999121286,0.0982006056022442,-0.1211615954816807,5.684341886080802e-14
843,-0.021509238183341495,-0.13921826086851752,0.12082632769352131,5.684341886080802e-14
844,0.1193023163046405,0.2255973812844445,-0.7034593638764761,5.684341886080802e-14
845,0.3044827772491203,0.414644441812527,-0.5180975621730539,5.684341886080802e-14
846,0.20266218053109242,0.3009531370902039,-0.2007889319670113,5.684341886080802e-14
847,0.1850265157779063,0.3308684474289123,-0.2374050299812609,5.684341886080802e-14
848,0.16348974893946888,0.3715962744467731,-0.28498295509277227,5.684341886080802e-14
849,0.18547085510152783,0.20118016676855177,-0.08041677043827633,5.684341886080802e-14
850,0.07374434348565728,0.13542864630659324,-0.14792941402799897,5.684341886080802e-14
851,0.18330500883411105,0.14887281460170243,-0.2771932400606403,5.684341886080802e-14
852,0.08517726859582808,0.1547017693744408,-0.2167871139948545,5.684341886080802e-14
853,0.1892354062671302,0.26942245857179614,0.16890936047559535,5.684341886080802e-14
854,0.011459218984725794,0.0006984727607459718,0.6216241377531304,5.684341886080802e-14
855,-0.04330969779016414,-0.026785057361337294,-0.2900086441932359,5.684341886080802e-14
856,0.0698051765509149,0.05612902504074668,-0.20489384866191074,5.684341886080802e-14
857,-0.07547917576249574,-0.1693087550378607,0.3175493692234568,5.684341886080802e-14
858,0.024335507379646515,-0.04296181682866518,-0.21919928600893002,5.684341886080802e-14
859,0.06645551181998144,0.03777184352847485,-0.12007316749321717,5.684341886080802e-14
860,0.07266491959825316,-0.030497957057093572,-0.001964137239752972,5.684341886080802e-14
861,0.11187253615156578,0.23429069043444883,0.22092927811105767,5.684341886080802e-14
862,0.00031031119965518883,0.06982877341573612,-0.383062405515318,5.684341886080802e-14
863,0.02161529150032493,0.05228562680184723,-0.2501848453377846,5.684341886080802e-14
864,0.05598875384544044,0.05039259683746877,-0.05591396472674148,5.684341886080802e-14
865,0.21867114297197077,0.45862132639294373,-0.26068167133284703,5.684341886080802e-14
866,0.0376440731696448,0.06435650940844084,0.2697086087533336,5.684341886080802e-14
867,0.1318341531722922,0.13716305966934783,-0.36099208037136066,5.684341886080802e-14
868,0.13781711269894004,0.07294817847389368,0.0534554495501709,5.684341886080802e-14
869,-0.032722778271704556,0.012745014961524248,-0.08159608294735676,5.684341886080802e-14
870,0.10035903342009078,0.2856215147141654,-0.16932659777251047,5.684341886080802e-14
871,0.03274321084387566,-0.0019228051059201334,-0.00249867167006812,5.684341886080802e-14
872,-0.049521735735254424,0.05004138994428331,0.25453239912366143,5.684341886080802e-14
873,-0.022965728991380274,-0.11862302524136226,0.2882080376335949,5.684341886080802e-14
874,-0.08152321800145046,-0.15992550684757134,0.3238282557173733,5.684341886080802e-14
875,-0.06375492639341473,-0.07619992800240993,0.20888526562484344,5.684341886080802e-14
876,-0.048355326115483876,-0.25785092668289167,0.05536980480302134,5.684341886080802e-14
877,0.1206310605925296,0.052207564730224476,-0.14897069104378602,5.684341886080802e-14
878,-0.030325632807773673,-0.1125397416300018,0.3430173357944284,5.684341886080802e-14
879,-0.12819120238492587,-0.09117245032845744,0.12120791503232908,5.684341886080802e-14
880,-0.06925078815800134,-0.09925874244748911,0.20736341806980363,5.684341886080802e-14
881,-0.0827512008356166,-0.10275235814444272,0.4482714128889853,5.684341886080802e-14
882,-0.1231837281795265,-0.2459429641475026,0.10425599026915222,5.684341886080802e-14
883,-0.15473966764056968,-0.24853032318284818,0.25936465140645737,5.684341886080802e-14
884,-0.08817671335322075,0.05619442860893287,-0.2150917196781137,5.684341886080802e-14
885,-0.07085270117738673,-0.013287802594248888,0.2486329482404841,5.684341886080802e-14
886,-0.26000076245514947,-0.36431377629801887,0.4672990100841474,5.684341886080802e-14
887,-0.0387896612327836,-0.08727940526324574,-0.6048272907106309,5.684341886080802e-14
888,-0.13196277393922173,-0.1404247040117923,0.2797031728277659,5.684341886080802e-14
889,-0.26265182579072643,-0.436090134561681,0.3660676863591874,5.684341886080802e-14
890,-0.17563521036794327,-0.2728047398940987,-0.10506242982971514,5.684341886080802e-14
891,-0.08568411692039035,-0.1185286258130418,0.0630009382907275,5.684341886080802e-14
892,0.06154853461629273,0.007339382944280715,-0.07699816504066348,5.684341886080802e-14
893,0.0005996537303190053,0.21853345970359328,0.37199935481166335,5.684341886080802e-14
894,-0.18743755867916434,-0.12025831860213998,0.27979421391860626,5.684341886080802e-14
895,-0.05459575078225498,-0.18691271870548576,-0.6193222231766669,5.684341886080802e-14
896,0.06169940311235678,0.11768426956606959,0.04253841188281626,5.684341886080802e-14
897,0.01706089907634123,0.01552671443371878,-0.013924802434203798,5.684341886080802e-14
898,-0.033223845492784676,0.029991403911878933,-0.018320633793436514,5.684341886080802e-14
899,0.006543285702832691,-0.04166544213367729,-0.1696995991130592,5.684341886080802e-14
900,0.08472404992716065,-0.07704784126542563,-0.3416270277238027,5.684341886080802e-14
901,0.11920237229543318,0.13904906976591747,-0.005544615213565862,5.684341886080802e-14
902,-0.10745613344903404,-0.13242530583931966,0.41611287336034763,5.684341886080802e-14
903,-0.13501484205966108,-0.32752000266148684,-0.10941071288091564,5.684341886080802e-14
904,0.07979828972526093,0.2304948547612753,-0.2702261499421894,5.684341886080802e-14
905,0.12161456751567812,0.16686100611832444,-0.2171262268638543,5.684341886080802e-14
906,0.09228625019250103,0.15004079882399424,0.22194311904010533,5.684341886080802e-14
907,-0.046820571730449956,-0.015172959740738179,0.14001961391156215,5.684341886080802e-14
908,-0.0038736952359954557,-0.19068994828023733,-0.1390736377432944,5.684341886080802e-14
909,0.0999644262016659,0.10115125593708285,0.014770142409844311,5.684341886080802e-14
910,-0.06448012610655951,0.19458841228805568,0.30114712362468765,5.684341886080802e-14
911,-0.13603660834758102,-0.24513718289847475,0.020998674419018926,5.684341886080802e-14
912,0.09265225134890898,0.007633373286182632,-0.46054613352384877,5.684341886080802e-14
913,0.1507025702578062,0.20990262787435654,0.30665214434817756,5.684341886080802e-14
914,0.010462319349301197,-0.13782795568167217,0.147714551409166,5.684341886080802e-14
915,0.07970030127972905,0.25642204901240007,-0.3893699461744973,5.684341886080802e-14
916,-0.12511619808645946,-0.11740359651810195,0.5370640700730007,5.684341886080802e-14
917,-0.07901247591382798,-0.080319550296025,0.2795601553910956,5.684341886080802e-14
918,-0.13822335103344585,-0.15659801377279337,0.28669751280523315,5.684341886080802e-14
919,-0.16521953411904633,-0.35660990698383443,0.11756466997782411,5.684341886080802e-14
920,-0.07004856272880033,-0.136829220842543,0.03295209009723976,5.684341886080802e-14
921,-0.05080781798193357,0.011118803370180785,0.24432545444676634,5.684341886080802e-14
922,-0.10046260359195003,-0.16418192821558364,0.10607476629226653,5.684341886080802e-14
923,-0.03852956879268277,-0.2629607191207981,-0.18271764960323367,5.684341886080802e-14
924,0.031065862716786796,0.11112663105839715,0.034262273716379354,5.684341886080802e-14
925,-0.03127617739340849,-0.10527433732377744,0.22282154624333828,5.684341886080802e-14
926,-0.01301193985585769,-0.009608190310956388,0.04908477622483076,5.684341886080802e-14
927,0.0229038267859778,-0.06177215792754964,-0.16468695216620688,5.684341886080802e-14
928,0.09125264068734396,0.2892331309463998,-0.010617513952382751,5.684341886080802e-14
929,-0.013398555622757158,-0.11284794167553969,0.19143518494297496,5.684341886080802e-14
930,0.13922361974562136,0.1651250804968072,-0.22665207057279702,5.684341886080802e-14
931,0.04821609054687315,0.07432448287127613,0.07582089947162274,5.684341886080802e-14
932,-0.09010630229806793,-0.16611043007497983,0.21263760660431785,5.684341886080802e-14
933,-0.020757763364997572,-0.05828758741279216,-0.25406116714019333,5.684341886080802e-14
934,-0.013381895950487888,0.09648643131450285,0.22831937871391972,5.684341886080802e-14
935,-0.04387542030616487,-0.05688303358900271,0.0368264285086326,5.684341886080802e-14
936,0.010890075544295996,-0.21265239059957253,-0.41201656790015306,5.684341886080802e-14
937,0.2078693741947859,0.3058070273173712,-0.5579058967986441,5.684341886080802e-14
938,0.25805472946359487,0.4636450617782941,-0.3542283597579825,5.684341886080802e-14
939,0.14465653044993587,0.26516803572042136,0.012093554341916501,5.684341886080802e-14
940,0.03515017205069171,-0.07071625073635346,0.11196574850647778,5.684341886080802e-14
941,0.005823119547471833,0.06944039312784867,-0.02073632668935943,5.684341886080802e-14
942,0.13841501550365365,0.2832382749566307,-0.2250092184509782,5.684341886080802e-14
943,0.020439582529832023,0.09937960716527527,0.018251483708738192,5.684341886080802e-14
944,-0.006929284864099827,-0.3705693619448027,-0.3801591062812548,5.684341886080802e-14
945,0.401207747391652,0.6966288037777701,-0.6374483750274891,5.684341886080802e-14
946,0.3427607885823818,0.44715934512225886,-0.33134978274965476,5.684341886080802e-14
947,0.29940222696274077,0.671700438988097,-0.26450819816469107,5.684341886080802e-14
948,0.12163636366216224,0.14934107017234055,-0.12941958554607425,5.684341886080802e-14
949,0.01413307291682031,-0.02626561819366202,0.2227641664570399,5.684341886080802e-14
950,-0.048381473396091224,0.011402608336197773,0.006898293666537825,5.684341886080802e-14
951,0.023792688741821166,0.0643257401522419,-0.22198905185372553,5.684341886080802e-14
952,-0.08021667160846846,-0.00997620139489186,0.4675976042300505,5.684341886080802e-14
953,-0.006911013583021486,-0.01617273503143224,-0.13685391471202024,5.684341886080802e-14
954,-0.06690019536108593,-0.16972168901801865,0.2530367567552787,5.684341886080802e-14
955,0.041696215554793525,0.04999225411961561,-0.4768650071011393,5.684341886080802e-14
956,0.11203221872693803,0.22088148707672417,-0.3428950394497008,5.684341886080802e-14
957,0.12639469569830908,0.11100365100267595,-0.11038348391097941,5.684341886080802e-14
958,0.08413250090796964,0.1586449785291677,0.05286323456073205,5.684341886080802e-14
959,0.029384622723455323,0.18719395760859925,-0.13326140812012,5.684341886080802e-14
960,0.06028824218168438,0.053493782931724354,0.1316304574871907,5.684341886080802e-14
961,0.025155036713385925,0.17760409330625748,-0.015557224797831282,5.684341886080802e-14
962,-0.127820762192016,-0.22517062778933905,0.32470302282011687,5.684341886080802e-14
963,-0.06251869629755902,0.0051291406460336475,-0.0281473016262197,5.684341886080802e-14
964,-0.055368199342638036,-0.19074263868995445,0.20320675673868038,5.684341886080802e-14
965,-0.04435832082077695,-0.13223868176240217,0.025319296862463148,5.684341886080802e-14
966,-0.016246973301292655,-0.021914706459398303,0.2618746935979317,5.684341886080802e-14
967,-0.04726248459621729,-0.000573215432126517,0.2850678817560066,5.684341886080802e-14
968,-0.20733493941418146,-0.16782716084088634,0.28626609466662956,5.684341886080802e-14
969,-0.10931499903472286,-0.35354815574473264,-0.05053531679125456,5.684341886080802e-14
970,-0.06319383420697022,-0.16205921757455144,-0.022148895569714,5.684341886080802e-14
971,-0.020443844750275275,-0.004078303247865733,0.016993932842893855,5.684341886080802e-14
972,-0.09668334773755305,-0.16387529134553347,0.3411621117125492,5.684341886080802e-14
973,-0.09596343084939463,-0.1881597147077798,-0.15174370521144454,5.684341886080802e-14
974,0.013454244046329222,-0.0015423673739292099,0.21457591597184944,5.684341886080802e-14
975,0.06404399165575114,0.1447709718618171,-0.18284437676270215,5.684341886080802e-14
976,0.004554003316059152,0.13385616349174256,0.3861674841266165,5.684341886080802e-14
977,-0.1102436693428217,-0.29569776505181267,0.08636184390404367,5.684341886080802e-14
978,0.10356403869940323,0.07018262159940036,-0.26752731611105673,5.684341886080802e-14
979,0.08384036917743742,0.12448707662130687,0.0020288850540168823,5.684341886080802e-14
980,-0.03353767082404602,-0.029015381448061817,0.33441695884623357,5.684341886080802e-14
981,-0.06499503902654169,-0.11748339499399663,0.21009612801091748,5.684341886080802e-14
982,-0.09137764445290486,-0.1604426808268613,0.24369878198825745,5.684341886080802e-14
983,-0.11280817236024632,-0.1670001015611433,0.1017819086004863,5.684341886080802e-14
984,-0.12672010437501058,-0.29500064777056423,0.380695824646736,5.684341886080802e-14
985,-0.02383162929010041,-0.34077469435794683,-0.004127029461997722,5.684341886080802e-14
986,0.15078485263978791,0.26952410578621766,0.058025750244240726,5.684341886080802e-14
987,-0.045053528773280505,0.07780123901005709,0.25478324303941235,5.684341886080802e-14
988,-0.01415978456202538,-0.029131408678409798,-0.29849703165845654,5.684341886080802e-14
989,0.04920807211556166,0.09217799498003387,-0.06846270992858194,5.684341886080802e-14
990,-0.023951947374484917,-0.1858025898927167,-0.0016599293360570755,5.684341886080802e-14
991,-0.06739221203821444,-0.10839157351185236,0.03734941317085827,5.684341886080802e-14
992,-0.19983029531454122,-0.315324155628673,0.35411939681249294,5.684341886080802e-14
993,-0.13383667690777656,-0.2965705527186344,0.10885151909315027,5.684341886080802e-14
994,-0.12704437391334977,-0.3351630647659647,0.13323043573470272,5.684341886080802e-14
995,-0.07604756895574383,-0.18305934065639917,-0.12738379526176402,5.684341886080802e-14
996,-0.00518172861467292,-0.04708248635745349,0.059515777504103085,5.684341886080802e-14
997,0.041963580739832196,0.09723742743841512,-0.21087919021501023,5.684341886080802e-14
998,0.13110857708647927,0.08358910636434302,-0.005739818144036235,5.684341886080802e-14
999,0.08589172070333007,0.07137060751855984,-0.006837372238933881,5.684341886080802e-14
1000,0.052244514796086605,0.08846156466290722,-0.30204766428987284,5.684341886080802e-14
1001,0.09126091052860374,0.1750568595728339,-0.12182959874373012,5.684341886080802e-14
1002,-0.06239841102421906,-0.10356465063719611,0.5428540989291264,5.684341886080802e-14
1003,-0.20829233587369345,-0.18861908644768732,0.4487428935811977,5.684341886080802e-14
1004,-0.12323025910859542,-0.12428655727171645,-0.28472040178233726,5.684341886080802e-14
1005,0.053471181932479794,-0.02919267313151863,-0.3529295675259334,5.684341886080802e-14
1006,-0.07825457587881601,-0.11788359185408126,0.049550070164571025,5.684341886080802e-14
1007,0.0045497753208110225,-0.05549161754669285,-0.149918422253009,5.684341886080802e-14
1008,0.17106743309250305,0.1760516957902496,-0.2874486823978373,5.684341886080802e-14
1009,0.1638195442450865,0.31239886487466606,-0.07584332279520822,5.684341886080802e-14
1010,0.027250229891592426,0.19154606017980313,-0.08851441810938354,5.684341886080802e-14
1011,-0.0016301930207305304,-0.1315275299842824,-0.17222890493627574,5.684341886080802e-14
1012,0.055432600545373134,0.3097089077174644,-0.15754294769264732,5.684341886080802e-14
1013,0.01562126348107995,-0.0853732927902513,0.11710817928489803,5.684341886080802e-14
1014,-0.10164782260881111,-0.02970593790146836,0.4685841158108417,5.684341886080802e-14
1015,-0.008505211408134983,-0.012181518850496786,-0.15963432529621002,5.684341886080802e-14
1016,-0.12707288217950463,-0.13435328820548875,0.3889211190576276,5.684341886080802e-14
1017,-0.11088687421153054,-0.0565041422620709,0.31317314929773943,5.684341886080802e-14
1018,-0.07867116026045551,-0.20944894627598387,0.3687285884961682,5.684341886080802e-14
1019,-0.18563822553221598,-0.32381083706451363,0.29864467120003724,5.684341886080802e-14
1020,-0.12903821484644595,-0.10855986554042829,0.08140148723681762,5.684341886080802e-14
1021,-0.20147266321276902,-0.1017238088703607,0.09841216727799917,5.684341886080802e-14
1022,-0.1383856805196615,-0.024509733168343928,0.06821732841676464,5.684341886080802e-14
1023,-0.11715246395988288,-0.13097862034507557,-0.1806866727307579,5.684341886080802e-14
1024,-0.09740634257934744,-0.2294311092877308,0.22252813132486438,5.684341886080802e-14
1025,-0.04558415787357717,0.047618148101804536,-0.2163033578772371,5.684341886080802e-14
1026,-0.03730611917836768,-0.18768009420080034,-0.024521936494508623,5.684341886080802e-14
1027,0.14084643804500274,0.09189745155450169,-0.12506117058332222,5.684341886080802e-14
1028,0.17921887130518144,0.12906805651294917,0.15616521441266684,5.684341886080802e-14
1029,0.2581510460164509,0.4778928338733124,-0.17707197849254896,5.684341886080802e-14
1030,-0.08419795345832881,-0.10176979185155233,0.22752973658052156,5.684341886080802e-14
1031,-0.08946473616373396,-0.09606165751333151,-0.0015330679400022973,5.684341886080802e-14
1032,-0.0451253366628066,0.037369527729197216,-0.34375052730980826,5.684341886080802e-14
1033,0.014105194854892034,0.23825360281156804,-0.18332094160321333,5.684341886080802e-14
1034,-0.10206481600027928,-0.004819084227136727,0.1961803320968727,5.684341886080802e-14
1035,-0.15101782566904376,-0.10588317601371955,-0.2546576404235452,5.684341886080802e-14
1036,-0.15760903732268616,-0.29135778715547644,0.3456680963557375,5.684341886080802e-14
1037,-0.15574939839393664,-0.1271002675828754,0.0771985951544849,5.684341886080802e-14
1038,-0.24103858661834465,-0.295583039653053,0.09012427584440275,5.684341886080802e-14
1039,-0.12657762803371497,-0.2954619813543786,-0.48443423050007084,5.684341886080802e-14
1040,0.023588271937512673,0.045625496838141544,0.037237286599079766,5.684341886080802e-14
1041,0.0009290545298199504,0.023679958316449756,0.18599982879689492,5.684341886080802e-14
1042,-0.15930112760554493,-0.2442543703637341,0.18898597234839087,5.684341886080802e-14
1043,-0.0075914653977520175,-0.11352433119822081,-0.2579626341402985,5.684341886080802e-14
1044,0.20031552411711573,0.42605994583641404,-0.20074109023722997,5.684341886080802e-14
1045,0.04155805486271902,0.04307317558652812,-0.1021947454469938,5.684341886080802e-14
1046,-0.01219156151705647,0.037037605311553534,-0.07188983408201466,5.684341886080802e-14
1047,-0.01290869186755117,-0.1163798961965199,-0.19784693459448022,5.684341886080802e-14
1048,0.0959148430724781,0.10849553770938769,-0.13311024789959447,5.684341886080802e-14
1049,0.2171247101363747,0.18862161631361118,-0.5098695000426403,5.684341886080802e-14
1050,0.12750779859158,0.29222117320168195,-0.024861526216440666,5.684341886080802e-14
