,tas,rlut,rsut,rsdt
0,1.1819572096539446,-0.9830470349321274,0.29199902812887046,0.07197742200861512
1,1.3693103419631711,-0.4393237164184711,-0.35715958211854115,0.00033845248265151895
2,1.3664138822883842,-0.4845850571780659,0.38268552994247784,-0.018420828205535145
3,1.091671853264188,-1.1994768927738164,0.2934669756467656,-0.025919206175274212
4,1.0972166393086695,-1.1183577938796816,-0.24606078860321645,-0.027157383749056407
5,1.1747315733087476,-0.9336826446456428,0.2619959808381651,-0.01717027638073887
6,1.0847942150627432,-1.2887609468242829,0.459228938709316,0.053323238842892806
7,1.1300056655441608,-0.9967528834207826,-0.1741294880982025,0.12993047008745862
8,1.2488134746513992,-0.9002126252264588,-1.588638419240013,0.17304712582915727
9,1.6470090426145703,-0.26865106325433885,-1.2396218552446214,0.19109363294620607
10,1.7598647534502447,-0.09401782761469235,-0.9800614471045748,0.14831325583230637
11,1.7394984434703815,0.456961860293859,-1.1275004336295638,0.10044898464241214
12,1.7629961772619822,0.1166025204841219,-0.7576247496440516,0.05050868204170911
13,1.742474771097534,-0.27978562959157216,-1.5182538096787823,0.03125083609785406
14,1.9760732379796764,0.3895217870065153,-1.144070130589398,-0.0014031397155349623
15,1.6871490633274107,-0.30787762363752336,-0.7350364433063703,-0.019165624331265008
16,1.667896435924547,-0.5405728290427874,-1.5020252203051854,-0.03629359415151612
17,1.8717384247194104,0.14784093253601327,-1.0055623505253095,-0.03254645360681252
18,1.968775913300135,-0.06002374994019988,-1.4426726209290166,0.009486786306524664
19,1.9219747754894456,-0.23700920008818116,-1.6865223431199041,0.08363179246026675
20,2.251707626736163,0.5006035795771879,-2.308375831096342,0.09148200048133504
21,2.2393145147978544,0.5945888894088114,-1.6758699248425017,0.12508436229109066
22,2.251579940423653,0.5448374095894337,-1.6299382072392063,0.0916054921604541
23,2.3025258528593895,0.6247739314288481,-1.7898027810393984,0.09156025925710765
24,2.292625065541131,0.5233219536295053,-1.989324947613099,0.04326163513997017
25,2.284400654774686,0.5898383495859889,-2.0363117723230175,-0.0006571730525024577
26,2.217687257091427,0.3255943645494028,-1.6884922707807988,-0.040239726027664346
27,2.2451025282063597,0.1464774496914174,-2.248299404646275,-0.05105624264257358
28,2.411864154602995,0.48648845114340133,-2.0217008445169853,-0.04575797303101581
29,2.488355704613298,0.7315047952617704,-2.1244732376732287,-0.021691978141234358
30,2.377029035713406,0.2873706400624201,-1.8315263064301206,0.04810816098546411
31,2.5160644808705115,0.5213655399386141,-2.0292004664287333,0.09529795189405377
32,2.5441912714097725,0.4901220515441196,-2.235146248758511,0.1476222208099216
33,2.5044244771618764,0.5092379180834143,-2.581228331789262,0.15322290707922548
34,2.5655191147152436,0.4749843931682278,-3.750047787231466,0.11027949084950706
35,2.889216341496933,1.034002243935305,-3.033229525622602,0.04342333649918828
36,2.820407514929002,1.045392899108947,-2.8704354247385737,0.010768440977983573
37,2.903286937504731,1.0418027260104452,-2.1658217069880834,-0.019613271217053807
38,2.831422841512449,0.8208675320428824,-2.239473850853315,-0.04101788246492788
39,2.9013543663730843,0.6918369861115821,-2.130072907510197,-0.03274193332640607
40,2.819414369401727,0.4421068685968237,-3.0652273146928195,0.0074118418233979355
41,3.13085540236915,1.0895324709959482,-3.441114432204273,0.057904219953741176
42,3.218206444433463,0.7744060262926951,-3.0247564216589353,0.058969576064612284
43,3.3043213991689413,1.1645024351585107,-3.172758562012575,0.06722345221510295
44,3.1632060624071414,1.2002912251646762,-2.5077220671123257,0.0736653367132476
45,3.2313531032406217,0.9259514818206185,-3.8104962787817698,0.031272491036816064
46,3.390066115553168,1.396281279090772,-3.3339298039143728,-0.0031688951468709092
47,3.2667308214658988,0.6267973004753742,-3.2068521387109996,-0.03223784982367306
48,3.4291388018061184,1.011982093264038,-4.450024914131276,-0.0422971124521041
49,3.6678782682602673,1.7303690913448122,-4.175145037114106,-0.04627493244350944
50,3.6382704831359547,1.5133472542106006,-4.07046190232461,-0.03364266173502983
51,3.7014688269446765,1.626357473074819,-3.927621322751051,0.021227692904290052
52,3.7438574432543987,1.356720488519727,-3.9147338715218325,0.07021994394773401
53,3.855496129796393,1.790942639840722,-4.1093175205642325,0.0986407554310631
54,3.785759401633811,1.6311720300983836,-4.197614945659382,0.08654684824466585
55,3.968628540203781,1.5664098733070944,-4.613726279579765,0.056553754414323976
56,4.076773089465178,1.5581747157934274,-4.787030355834787,0.013062025096132857
57,4.23668824352643,1.9589311655277584,-4.5788231723576445,-0.008002461472813138
58,4.125922261965854,1.8923801351945997,-4.260928518143899,-0.023539253130650195
59,4.383980024251684,1.5361447987560268,-5.201527135849304,-0.046561797677952654
60,4.36140298746858,2.0290232820145206,-4.255638289172467,-0.055938637093618127
61,4.174952743279448,1.8129847797743253,-5.033733834217671,-0.06538328405957827
62,4.5431131616815605,1.8387658944005238,-5.2998694776882616,-0.05285953887545247
63,4.533203846163417,2.1878055422432965,-5.04909384704581,-0.01806314546786325
64,4.511949850904273,1.9567625501566965,-4.933860869108315,0.018463218375131873
65,4.718272793385893,2.126163358904847,-5.5735334664396845,0.04565872819426886
66,4.85316537280022,2.7143373275684155,-5.453977401828894,0.04847905407189046
67,4.724762488548208,2.3538209183825245,-5.459295588074298,0.04715827001263051
68,5.038993915083779,2.6331242213782673,-6.185198361521358,0.018640972816513113
69,5.027806790945078,2.918060734856681,-5.8006762884760406,0.005936045189230299
70,5.057548421221043,2.4005060106425447,-5.790366861915061,-0.03579862411731938
71,5.168036804092196,2.733165285719309,-5.961047617891012,-0.058984040561028905
72,5.3179334134991905,2.8297407854455514,-6.302442347238966,-0.06091082847302687
73,5.370154960700404,2.89244988360403,-6.812101324533387,-0.05760681988471106
74,5.4331347484838375,3.0919607981018657,-6.297047062549979,-0.02530835295402767
75,5.419743084667232,3.1332792478496003,-6.518483881072754,0.027769240287739194
76,5.601926622852147,3.3029665873928877,-6.918201903610139,0.06740279524268544
77,5.744678022097332,3.3360768955523383,-7.11709998571115,0.11814826024698277
78,5.781313782296138,3.182063949484558,-7.194327514683181,0.09755140330668155
79,5.835084451929049,3.784536072378188,-6.923822729636811,0.05402313650444057
80,5.825588168838067,3.3908551659214083,-7.222167084914474,0.0209430015248131
81,6.014197454828945,3.6407094240755384,-7.384884153464014,-0.01976903628025184
82,6.031625785795086,3.390295754615721,-7.167458863782343,-0.03271827175217368
83,6.208699678084088,3.7743545741863045,-7.6921615021159795,-0.04570855963748954
84,6.256551024488033,3.943539711447272,-7.612843052385045,-0.02740712623096897
85,6.3495507448485,3.974739159362258,-7.913156732062063,0.01477636049838793
