,tas,rlut,rsut,rsdt
0,0.07529146653962471,0.20326920279276806,-0.3457727607794112,-0.007661535414399623
1,0.3764761545461397,0.4744616221867375,-0.06889889673200855,-0.007660960813211659
2,0.08772030545407006,0.18168795332914556,-0.16262880063943896,0.02383111285917039
3,0.03827710958256603,-0.1498348320196783,-0.21024321519138311,-0.007660440612141883
4,0.13987066725246677,0.2530036347808391,-0.157257035602683,-0.00766040340880636
5,0.3112129626436513,0.40907349554663597,-0.48589260512753185,-0.007659930423244532
6,0.2544226040932358,0.36970214191143214,-0.048228766040807614,0.02383149341636681
7,0.24420924787057174,0.36605506918914443,-0.18892912156491093,-0.007659623761810508
8,0.23399524347996703,0.3836878109747204,-0.23762504557458897,-0.007659461205605567
9,0.24516988897869396,0.3031461459046909,-0.1945033513122354,-0.007658737807275884
10,0.24344557673657619,0.23991156764651578,-0.21067076267905804,0.0238325254114784
11,0.21518329993745056,0.3272274496607963,0.1421015836582029,-0.0076584046133802985
12,0.022051619179535464,0.059117451835874135,-0.014345456710174176,-0.007658058592994621
13,0.07949357651773425,0.10106225201417374,-0.2192348611717989,-0.007657798227000967
14,0.15904116180433903,0.21923014846169053,0.03383428313934189,0.02383359985401512
15,0.03763837848333651,0.01564879440601885,-0.01665403085431194,-0.007657834032897881
16,0.041617870393963585,-0.18904976102777482,-0.202992176831998,-0.007657275045232836
17,0.199464506475465,-0.04159040694776195,-0.3717342305462097,-0.007656047636771746
18,0.19786816252849349,0.3177392386482154,-0.21204952200541527,0.023834190469415262
19,0.3837346307013263,0.5614147812719636,0.1026343902433382,-0.00765713600219442
20,-0.04811321287974124,-0.06627706813506506,0.16190680627747156,-0.007656140904032327
21,-0.15348698008568817,-0.45746998761407554,0.2650555674535582,-0.007655372783403891
22,-0.045830485069529914,-0.2999979884457389,0.1796566596164979,0.023835547693863646
23,0.20041402933566133,0.3753376802642663,-0.27161024609904416,-0.007655561081890028
24,0.06468817586170417,-0.03201156237861369,-0.3091565570914554,-0.007655196078303561
25,0.17849412416336463,0.3262051741577352,-0.3602690428586186,-0.007654260651634104
26,0.3360665708048032,0.35894327879600496,-0.3354689748925779,0.023836273801066454
27,0.07877226904656709,0.23963592412496837,-0.18658918591417262,-0.0076546340693539605
28,0.05667129257517445,0.05177923148795571,-0.2510747067836263,-0.007653990030235036
29,0.07108803575414413,0.14609295176791193,-0.227002711925266,-0.00765292218744662
30,0.14481013273439203,0.07640774806856143,-0.21450495857460794,0.023837201257379093
31,0.2549367690776876,0.39279925943310445,-0.7220763954939713,-0.007653437226849746
32,0.3091859034646518,0.42197535510490525,-0.32217212441935317,-0.007653138412081262
33,0.21375090421116738,0.09006530609289598,-0.3543297481839289,-0.007652052086825734
34,0.23159880936754007,0.3935240288300861,-0.14940444233141648,0.02383820729863828
35,0.2516898252964097,0.29755062032967317,-0.27477565750790234,-0.007652921248279654
36,0.31191148477188335,0.31428848029247547,-0.48620113913534624,-0.007651491456044823
37,0.21983540911725186,0.3640749228395066,-0.49946055447644255,-0.007651469485949747
38,0.16681919691922076,0.24921473699464514,-0.057905174615214605,0.02383916555072574
39,0.022636730587805687,-0.04614584117842924,-0.027583876318772127,-0.007651890826195995
40,0.09165548369475118,0.2794171038160016,-0.3270743934687772,-0.007650920050082277
41,0.2205099886286348,0.35344884067853855,-0.29648634096390936,-0.007649580936458733
42,0.10671412009259029,0.3265305487726664,0.22215252673531438,0.023839777881676127
43,-0.06428883578610112,0.005591252834847182,-0.15675916881964724,-0.007650082764200761
44,0.03986121916278762,0.016187568948225817,-0.061630849170455804,-0.0076500475734633255
45,-0.011773015227049655,0.12046372967589036,0.03342878680176398,-0.007649060105848093
46,0.03481508605034378,-0.0996879498748342,-0.38452163159223574,0.02383995777296377
47,0.01781729099570839,0.12452797898097856,0.11360383486152159,-0.007649060723053935
48,0.1749395914284264,0.42338484786972685,-0.14122864906342159,-0.007648541309833945
49,0.03024808739951368,0.25091272657363106,0.2755834902194181,-0.007647682201081807
50,-0.04661861584736471,-0.02323100128123201,0.008346664857953101,-0.007646966871959648
51,0.002360805942771549,-0.08087830150120112,0.12216158293738033,-0.007645834380298311
52,-0.02476436342811894,0.10643072397812148,0.04052725726513984,-0.007644065273495926
53,0.054129597812675456,0.10288483975443796,-0.17619521915329983,-0.007642954002392344
54,2.8600215557617048e-05,-0.03501691532599693,-0.29176626446891873,0.023832378666952536
55,0.12561142558888605,0.21390350091203914,0.09890990129302679,-0.007644470963271033
56,-0.027500112247423658,-0.011455790545653599,-0.5239840791693666,-0.007642939040806596
57,-0.08706056903855597,-0.03868673083690055,-0.1698840474908252,-0.007641908944776787
58,0.10412634232380924,0.09075553012309001,-0.13750000617088176,0.023832850120413696
59,0.11425055486972724,0.3079924474258462,-0.31405063485583185,-0.00764343391000466
60,-0.014334051255787017,0.17521990490510575,-0.21504973154743823,-0.007642537105994052
61,0.03308990953718194,0.0696019417989362,-0.08487731000091969,-0.007640279941654171
62,0.039417625701730685,0.14138383204326033,0.15373609591298987,0.023833980231188434
63,0.09243056435809649,0.26321477584312447,-0.3977527696542751,-0.00764241007811961
64,0.19908890287217673,0.3845816115095886,-0.25010207973355136,-0.007640551637223325
65,-0.11849350485397281,-0.10696580674789402,0.03370129707039382,-0.007639249034923523
66,-0.13892718443463536,-0.28963546393129036,-0.050967316632565485,0.023834113799409806
67,-0.05908051965479899,0.044922502471735015,-0.16265696175599942,-0.007641856608870512
68,-0.014167693890271948,-0.10445342255943046,0.27673462410702143,-0.007639337539615099
69,0.03913534559114851,0.03408826043511226,0.015612867451778811,-0.007637778399441686
70,-0.015505822277305015,-0.05503535962006367,0.3305193080839217,0.02383519141136503
71,-0.22518514585334515,-0.4095803325538441,0.960449115593093,-0.007640162272366524
72,-0.15929960749986094,-0.3121289459739671,0.09956206225292874,-0.007639153617390093
73,-0.15689939478579618,-0.2704834135350893,0.4039339353768554,-0.007637431101045422
74,-0.1442278089332376,-0.2675540154514806,0.04461035440492367,0.02383563535954636
75,-0.00446147761596194,-0.1741878410328468,0.11203511233505026,-0.007639225756463475
76,0.07802521175864285,0.16930339642755143,0.5164771538746891,-0.007637688005218024
77,-0.030123549459915466,-0.25535583950167506,-0.0794975417909427,-0.007635735456915427
78,-0.09289805026065778,-0.08312639556640988,0.34123407573152065,0.023836380241050392
79,-0.1906023762197151,-0.304926248258937,0.23726442570446693,-0.007638417772568573
80,-0.1902240834008353,-0.4302433258878864,0.3466662575328172,-0.007636744372916837
81,-0.1292310738687661,-0.1595865477303562,0.1558110380482134,-0.007634857516336524
82,-0.15329198777391184,-0.34405718569493615,0.11781645750733105,0.0238366508837089
83,-0.11690995698387496,-0.15446363989599377,0.4041779915290391,-0.007636864293033341
84,-0.0794051154640556,-0.11792457824390112,0.3977542536776326,-0.007635079562760438
85,-0.247232736275123,-0.5052419500709675,0.2722886750694613,-0.007634037345439992
86,-0.11627017677386675,-0.20683861846958962,0.35379032717382586,0.02383745806338311
87,0.07409935265491185,0.18836679416338598,-0.3304322296171591,-0.007636667412839415
88,0.12582384852680661,0.005413486945656132,-0.5928984025836002,-0.007633905920954476
89,0.0603464518671899,0.26396112288810514,-0.2473508666868156,-0.007633002023339941
90,0.035013507723078874,-0.037114761543278973,-0.10880367479526853,0.023837086433161403
91,-0.05949021315166192,-0.1748224101015694,-0.1871093663151555,-0.007635114278684796
92,-0.115146188378219,-0.15721860941968657,0.2899530286593546,-0.007633415868610882
93,-0.12742953776546528,-0.21603916738018825,0.16420519526485577,-0.007631214787238605
94,0.014769832799913729,-0.060536536437325594,0.22588226509415676,0.023838745467173794
95,-0.2095551945421903,-0.3381089852405239,0.29524551558995427,-0.007633985068139282
96,-0.10888128086116922,0.02180572580650164,0.06553444457260582,-0.007633034386401505
97,-0.10761166561974278,-0.3384216194436078,-0.4006075002920255,-0.007630774711003596
98,-0.08404218307668998,-0.2586416027472467,0.15797135093538373,0.023838196734914163
99,0.04108974424224243,0.0025275617867350775,0.01968607053697724,-0.007633206470131881
100,-0.09612654654046082,-0.09069106086116108,0.23048967150762678,-0.007632035156348138
101,0.10778158789150893,0.2235604091479786,-0.15372124952902766,-0.0076297963062756935
102,0.002401671196821553,0.12271144709228565,0.2629216707563842,0.023838348067670267
103,-0.12759769880540262,-0.23220604464856365,-0.08873452928150982,-0.0076326478878741
104,-0.10107682752908431,-0.20474272738309196,0.1275575000360476,-0.007630911192848089
105,-0.1273632621501406,-0.21397621142222079,-0.03160640305240747,-0.007629038170307467
106,-0.046848038308269224,-0.10371180986419404,0.09307657732993846,0.02383926913603318
107,-0.058073382273960306,-0.04025700174443614,0.3355603620181,-0.007631817859930834
108,-0.06159482752116219,-0.05871121449857242,0.1927117384213375,-0.00762976376165625
109,-0.11140407057371249,-0.1730913004620902,0.28982592059209367,-0.007628780488175835
110,-0.11297610085080123,-0.012823347558367004,0.035455184334992396,0.023839621695856295
111,-0.16566750212325587,-0.3306526313233178,0.11936157763254585,-0.007630399621803008
112,-0.01010762995042569,-0.04078803702680034,-0.4024735103682673,-0.007628848065735383
113,0.06542180333531178,0.16668597140494512,-0.24153584569019415,-0.007627988493595694
114,0.08278329110356708,0.3436819911950977,-0.2242738382860523,0.023839467712605256
115,0.04104219533741116,0.060374465838947344,-0.08085776552412938,-0.007629385642701436
116,-0.01678196935216647,-0.015905330808323015,0.027115327058638172,-0.007628261935565206
117,-0.08123791884122511,-0.04667180402324789,-0.14000957799179048,-0.00762674644118988
118,-0.020838082935597413,-0.21586167488720776,-0.4875137457438967,0.023840169793118093
119,0.12321853894815149,0.3720977566164265,0.2498778756433353,-0.007628802573947269
120,0.0902458846293257,0.15865743082014205,0.0151203127788051,-0.007627471510772921
121,0.0245305510204048,0.11859985802738038,0.48052332012143495,-0.007626114540016715
122,-0.1969522579073555,-0.21772750770281846,-0.029633409362702423,0.02383995979454312
123,-0.06501728527081241,-0.2571136310383224,-0.11160008871428317,-0.007627904291894083
124,0.010512895905492314,0.045796520206408786,-0.07289160189988309,-0.007626523311330402
125,0.0784054983146234,-0.08088244301416125,-0.07142508390778346,-0.007625437081003383
126,0.1592020153792646,0.34428632397958836,0.4202565023610987,0.02384069226900465
127,0.08378307663059559,0.04959267505768139,-0.8130673365387224,-0.0076284337298488936
128,0.23888167763379897,0.4683946099097511,-0.2645663150857587,-0.007625931129496166
129,0.13124796735849031,0.2045387321809926,0.20510079826544825,-0.007624281386028997
130,0.10150661925842996,0.19578437113014502,-0.08117058405315447,0.023840514634628107
131,0.13409465957761313,0.12904663606525446,-0.24989340527528725,-0.007627044493460744
132,0.06998235636513073,0.07950852804614783,-0.20759172308621032,-0.007625008364982477
133,0.06107456828863178,0.248748369532251,-0.27990325700220353,-0.007623588376986845
134,0.03129285205977794,0.11377029932529581,0.09601418520463767,0.023840836035333268
135,-0.036676831372346896,-0.17438836915928846,-0.298127711302584,-0.007626282677449581
136,0.24349814550566862,0.27490644667634,-0.3659574055507875,-0.007624095629864769
137,0.1982735470754733,0.36375013663086975,-0.3773743945169912,-0.007622817894684886
138,-0.0213688102455194,0.08004636960623657,-0.01733811682488806,0.023840619621580572
139,-0.05392384057097388,-0.18931710760190867,-0.21916526094373978,-0.007625726214257611
140,0.016158457583514974,-0.16727706998483427,-0.06359096467686243,-0.007623579372648237
141,0.17562586924657353,0.17431318863140177,-0.1690777800122305,-0.007621594533532061
142,0.27518821170718866,0.3744456777972971,-0.07742511230004823,0.02384079630650149
143,0.11438082762720114,0.16017516778219942,-0.4577475397014581,-0.007624265820822984
144,0.0432823798374784,0.023493535160469037,0.079124568943584,-0.007622676914991189
145,0.11853090744932615,0.2555303258018,0.047350007916534764,-0.0076215623051894
146,0.0540687220509426,-0.10246067936617465,-0.364048719037001,0.023841351100998054
147,0.13051385160446216,0.17220497518329125,-0.6301452442815645,-0.007623285044758177
148,0.20842978517799793,0.39763256417973025,0.008192923453421486,-0.007622162126779131
149,-0.008355245582606585,-0.07078459247364322,0.3351666585047326,-0.007620357640178099
150,0.12918881756718292,0.1822342841712441,-0.4144453156912107,0.02384099186548383
151,0.20796078616257319,0.2692027825687262,-0.2592201495571089,-0.007623149243556782
152,0.007454084429696195,0.2889920669436492,0.2102580833171146,-0.007622027766899464
153,-0.1068881361272247,-0.14094343889166794,0.37180919960759695,-0.007619835249329299
154,-0.08765789227209098,-0.15050071518177788,0.07062472257007357,0.023841756897695632
155,0.026735162060049333,0.08762919206205311,0.3221153041045852,-0.007622550104201764
156,-0.09325132560076099,-0.0819468599273705,0.10034651516363624,-0.0076216828796873415
157,0.07648968230563469,-0.05734917394590866,0.018131682361882895,-0.007618546250853342
158,-0.10883230288573031,-0.12424153089861534,0.04342992141009461,0.023841244108041337
159,-0.025652633575987238,-0.10492857043061576,-0.08450735719516445,-0.007621821289831132
160,0.04921713832078467,0.240952534856973,0.16106111818562852,-0.0076198058851559836
161,-0.07733839444591695,-0.19962134396982378,-0.20809903891790782,-0.007618838272662742
162,0.001606240508067458,0.11057312862101298,-0.055462092443406164,0.023841846345419526
163,-0.07314740313125867,0.03910304151284549,0.20833499187455118,-0.007621394003024307
164,-0.01610777044271572,-0.059848488840259506,-0.17679383280599836,-0.0076198760514785135
165,0.14363476580439283,0.3444414911396336,-0.3522764746688125,-0.007618062306221418
166,0.11111225046334994,0.3282685522950999,-0.2517906576411093,0.023841149639508785
167,0.11705426689826481,0.24852964446353099,-0.3182211894482947,-0.007620695917239573
168,0.09459431824467401,0.09003297985989889,0.0964405928967409,-0.007619014907675137
169,0.23145923187519202,0.4237142060719066,-0.22947664715982796,-0.0076168331098074304
170,-0.07421414091231782,0.01115293293474906,0.16338299843415882,0.02384054016056325
171,0.062962617288008,0.09467219997168286,-0.3401037747662059,-0.007620097274468662
172,0.06866999888580949,-0.0517580620060869,-0.10583238128782568,-0.00761743516147817
173,0.13208227508255277,0.21987789037930838,-0.1802629894412746,-0.00761594823870837
174,0.07643817593935864,-0.013241146464935127,0.21914220331768774,0.02384119212672431
175,0.13048208226030056,0.4357904436746196,-0.2493091295158365,-0.0076188467448901065
176,-0.09925167080064057,-0.13954634479108563,0.13291163920129634,-0.007617883673731285
177,-0.1137053787399509,-0.13403283423960488,0.06118664316412037,-0.007615750086472417
178,-0.02538198682350412,0.1399524857525023,0.21199661350595989,0.023841365544740256
179,-0.09176847163485036,-0.1655053201509702,0.16572772509051958,-0.007618135774805523
180,-0.03495435160755278,0.038985153699570674,0.02226955058237934,-0.007616516746395519
181,0.008615918552266066,0.0444232099778219,-0.12916923453008167,-0.007614828973373733
182,-0.07702683919717401,-0.07819554335361545,0.534560199849011,0.02384117900152205
183,-0.1548976047019437,-0.2065658537324282,0.4361181769566542,-0.007618114728131786
184,-0.12375972635919652,-0.27099016480877935,0.20610968646903416,-0.007616106202192441
185,-0.1189641606986811,-0.2118643138562959,-0.11938136092975071,-0.007614359729359421
186,-0.017793052674619503,0.13636516274797827,0.2681657023484405,0.02384187016616579
187,-0.28660805112400567,-0.27413416003227553,0.5387367024998326,-0.007618018270250104
188,-0.21324173599703045,-0.1545276110491045,0.040320359595028776,-0.007615645915620917
189,-0.3174250659441782,-0.44782735478173663,0.46173871450305626,-0.007614154496138781
190,-0.27034627082150564,-0.47588517138876796,0.5276937722220936,0.023841841491787363
191,-0.17907825399072408,-0.24953636219089503,0.7329389346254942,-0.0076166918688613805
192,-0.03672649165201847,-0.011227335172293351,-0.1645200926028707,-0.007614781599215803
193,0.01309279505392169,-0.09181576871907282,0.32731307655514286,-0.007613172013066105
194,-0.11065781489241999,-0.10236831009456182,0.03157617898064302,0.023840734219561455
195,-0.0658817386703845,-0.0086936201803951,0.4938223555796384,-0.007617215579898584
196,-0.2252024090556688,-0.33017724984213714,-0.5167287225922479,-0.007614457467468583
197,-0.20877812455358935,-0.3841069746597725,0.17358031860914025,-0.007613277706013832
198,-0.11974836555384627,-0.05106250384289979,0.3988551965034759,0.023839954406469133
199,-0.24696772303809666,-0.4050468114434693,0.2700507568728341,-0.007616412261199912
200,-0.17246281566690413,-0.34138598943471266,0.18101316547675594,-0.007614031353057271
201,-0.0199149167477799,0.1299252773761168,-0.03478861570617653,-0.007612350883050567
202,-0.12742834125822355,-0.1614076237371762,0.32954714060960555,0.023840228610254144
203,-0.10148903887312599,-0.06470565523378013,0.05890661598377278,-0.007615215398686814
204,-0.19542387505151737,-0.37091649554480455,0.4152755200295104,-0.007613552191344297
205,-0.1763411346681778,-0.44661096111417464,0.4675867930066886,-0.007611804574423786
206,-0.27441204331518065,-0.4541770654385573,0.6200617779032171,0.023840443917322318
207,-0.16969390560598185,-0.20886364742389674,0.19350682501244876,-0.007614993507104373
208,-0.043451709160535756,-0.06127462923339522,-0.4589422753283401,-0.007613639826956842
209,-0.11686123719192665,-0.034628348379726503,0.5026973072058638,-0.007611476758484059
210,-0.0989798986716437,-0.045385587771448854,0.07864765821102537,0.023839753931156338
211,-0.15410008487612004,-0.42157719093924584,0.11667627106209011,-0.007613979833593021
212,-0.06030436353643154,-0.27473744644927933,-0.0011671339949828052,-0.007612574828385732
213,-0.07872272097336008,0.18903301318474064,0.3588462103472807,-0.007610674944942275
214,-0.1486718909812339,-0.2648685129173032,-0.2190559945923809,0.023840476171983482
215,-0.21543112594400782,-0.20023619313167274,-0.10859352716163073,-0.0076135680432116715
216,-0.10494872001851263,-0.09662132781443233,0.06339626646862939,-0.007611642566416776
217,-0.18566411276822237,-0.12201190815659402,0.1956882809743945,-0.007610125293354031
218,-0.08429745807438849,-0.18452260945031185,-0.14704377443236183,0.023839199469875894
219,0.01627702429806277,0.0875397484386724,-0.11711871455439393,-0.007613436504243509
220,-0.02317080144501915,0.05743393766749705,0.2834689879084351,-0.007611723928732772
221,-0.013408460682740042,-0.02394064605940116,-0.03380239986297795,-0.007609583999226288
222,0.10490677901884737,0.04822677588157376,-0.26272711049472264,0.02383913509396507
223,0.003249234346412777,-0.006326270806454204,-0.4999256677869113,-0.007612936437965345
224,0.05696947736265656,0.03717059946785639,-0.4785580393892559,-0.007611425783579762
225,0.18497702568538443,0.23072430644182873,-0.09100137685082643,-0.007609247743062042
226,0.09609753909370511,0.17351374589549096,-0.26116717223727903,0.023839237046558992
227,0.0703759044121739,0.1695788407678549,-0.17043956454817533,-0.007612920317114913
228,0.052577006477747545,0.05306879970348177,-0.23557593166762558,-0.007610220961453251
229,0.08454589583465122,0.38007408121319486,-0.24372867603595694,-0.00760815595231179
230,-0.1379208373289771,-0.24611036413674015,0.14990233388888896,0.023838647928755563
231,0.037234858095473555,0.1151384528361632,0.03609526359548454,-0.007611985990138237
232,0.08992538125158944,0.3208123377109189,-0.17250272738682781,-0.007609599646684728
233,-0.037026272382092884,-0.09833306821946053,0.06774109672603856,-0.0076082065782543395
234,0.09751746146429241,0.11153947041430001,0.12317984500292312,0.02383875284260739
235,0.1045205703657075,0.22989487306963952,0.166661686719749,-0.007611482844026796
236,-0.17602063606267393,-0.22976176278405092,-0.025673134466643432,-0.007609489245680834
237,-0.09843934810135124,-0.26754209791022276,0.15015852856934941,-0.007607755386857207
238,-0.06183554902753485,0.09256671710707565,0.4593086765402177,0.02383861692544542
239,0.003026341548149958,-0.03936347209852897,-0.27996878815189064,-0.007610846345585287
240,-0.06377039376769744,-0.1774690760371982,0.048573104542697365,-0.0076090162432365105
241,0.12219483991970037,0.15122904893806322,0.09441283396256495,-0.0076072433179774634
242,-0.10186907038752224,-0.16559638583689207,-0.01687359699387514,0.023838558545435262
243,-0.07857962012366215,-0.0920390837033267,0.1615914608940301,-0.00761055685171641
244,-0.0039710367511816,-0.07654022919064118,0.170781444907945,-0.007608809045791531
245,-0.0580063544124414,-0.11780642089695448,0.3399392347058807,-0.007606264061166712
246,-0.05743978407974737,-0.09897256654670628,0.40345679797316336,0.023838418092509528
247,-0.12219714276659488,-0.1541229851825392,-0.26661485944165975,-0.007609561227468475
248,-0.20366389171664423,-0.33459561158244355,0.43289827720983,-0.00760752064246617
249,-0.22467231189045833,-0.33066980831452497,0.3380161050783812,-0.007605729868828348
250,-0.08816727153254078,-0.05720770187511448,0.37832633537693994,-0.007603764024622706
251,-0.14868876471086878,-0.18932325318638732,0.09250197948782102,-0.007601578275796328
252,-0.059159429221494975,0.009398031289691744,-0.3398658985143328,-0.0075978714545499315
253,-0.01458338229497258,0.16267360249688068,0.10555269834362946,-0.007595132286382977
254,-0.03757777900818837,0.07692148584408187,0.04749905236944585,0.023811751768391787
255,-0.017786095924748224,0.016502749956771368,0.2497551060348968,-0.007600383496935592
256,-0.06262127513804217,-0.14891740019254485,-0.08219393803565822,-0.007597989464670718
257,-0.0735330692240268,-0.0032545777699795053,0.03176379168252197,-0.007595030358857002
258,0.12342121279800722,0.2967568276349368,-0.14500863599248248,0.023811168581971742
259,0.00040940955153701,0.12724013354051067,-0.16081440149855553,-0.007599488022208334
260,-0.17896368710120214,-0.3133116017060047,0.06549445629603667,-0.007597070165729747
261,0.066572715529162,-0.07778653742252573,-0.22706532084455944,-0.007594171590994847
262,0.07793798485897696,0.18456889468023974,0.5388118606554144,0.02381095385703702
263,-0.14292648943546737,-0.2591453686203238,0.07850768356300364,-0.00759889891878629
264,-0.15518912584184363,-0.49472939576966724,0.015527000688081216,-0.007596327213320819
265,-0.13222180268849115,-0.30261115639234504,0.371375910606929,-0.007593443480061524
266,-0.010868996023305044,0.10302776852972784,0.14813738648379626,0.02381073504204778
267,-0.19363248707009006,-0.3183760546452561,0.7334931766971664,-0.0075983771953929136
268,-0.2444732956795974,-0.24129629433588207,0.31668109738988903,-0.0075959653417498885
269,-0.08518830953011047,-0.01342458704621663,0.23112989508531712,-0.007592995534707825
270,-0.2057381556865039,-0.12215047145784297,0.7154884670747066,0.023809897063188146
271,-0.275187151613693,-0.3847158421810093,-0.19411632100833742,-0.007597926860682946
272,-0.1652484309811939,-0.23325544704263734,0.1482714253273798,-0.0075947919148688925
273,-0.23612609754962932,-0.3847595230880074,0.31123808235096817,-0.007592312435690474
274,-0.22551303886672258,-0.4517812640693535,0.021821458054759546,0.023809425568458664
275,-0.0009323138081640536,-0.10169363661412945,0.3972449843819845,-0.007597410395533188
276,-0.13825560405251736,-0.28215409913829603,-0.10011805148131714,-0.00759489282739878
277,-0.14772949020101578,-0.07166550617785106,0.047923264577107716,-0.007591818365483505
278,-0.09260064517258115,-0.3463237441413014,-0.10130380987567378,0.02380910917560186
279,0.010761319100538458,-0.10830567541549385,-0.03840861605937107,-0.00759764997945922
280,0.03927997264679561,0.14473764987968707,-0.06568627057244214,-0.007594222097054626
281,-0.18060324587111154,-0.31333202739966737,0.17252718024499814,-0.007591456033992472
282,-0.04485432049887095,-0.11368659643329693,0.06921662551610552,0.023808363293255752
283,-0.09009819426682952,0.10550635369469319,0.43263862388869256,-0.007596633871571612
284,-0.23220611457981022,-0.3712280017001035,0.23299821862667613,-0.00759348430966611
285,-0.3140879769281355,-0.4143443971825036,0.5489192363191364,-0.007590384076877399
286,-0.369418902761538,-0.6531542759726676,0.6144348757439388,0.02380772025060196
287,-0.31131719317966144,-0.537342027274093,0.36568360174491943,-0.007595734960148093
288,-0.3080200788831462,-0.4986570164685986,0.7380375528596659,-0.007592761337662068
289,-0.17637705412602145,-0.08526753309942592,0.4480413383961377,-0.0075900183139197
290,-0.3179481996956497,-0.6110073066093378,0.38356641781399503,0.023807349939716005
291,-0.13340543288654771,-0.07639505357695953,0.45056983833019615,-0.007595119739562506
292,-0.3913614967926833,-0.5832211873635345,0.6149509337152921,-0.007592578677190431
293,-0.18951869133570654,-0.30377022317642854,-0.155270105737344,-0.007588959679367235
294,-0.19044591214475304,-0.37739373841131396,0.3394251390261047,0.023807123911524286
295,-0.19183985851617535,-0.21684907576428714,0.6587229181849921,-0.007594179097168308
296,-0.1625938076660418,-0.40115303141996606,0.07790909773808607,-0.007591763069285662
297,-0.104527465870774,-0.17626049799574162,0.23754875229840877,-0.007588413454925558
298,-0.2006211574486656,-0.393339413126796,0.2758693379619217,0.023806973384353114
299,-0.23319227989031788,-0.21462837525029954,0.7967518735712247,-0.007594039709999834
300,-0.3369775096815033,-0.6213332798660076,0.29788486692832805,-0.007590856982631067
301,-0.17397677477811158,-0.3206283709585023,0.3067986002850489,-0.007587560364811452
302,-0.1677980508713972,-0.26272881242914536,0.4581248929765138,0.0238068035751553
303,-0.2907745628330076,-0.5093727531815375,0.0634526769325987,-0.007593207450383943
304,-0.29294463977339547,-0.545260346143067,0.2592729356442618,-0.007589907650185523
305,-0.2788486145030902,-0.48021122480145095,0.6318373893650175,-0.007587166755740782
306,-0.2856471764566777,-0.455871238357588,0.30026347887094573,0.023805509365331545
307,-0.13277598785799682,-0.34207132877895674,0.21023764522604438,-0.00759228669494405
308,-0.2600088294643115,-0.39318184096481446,0.45769974900915145,-0.007589253192122669
309,-0.1243194418802318,-0.2781851640027355,-0.03213655998862919,-0.007586353584713379
310,-0.16841297946774603,-0.21164291710746852,0.436250665971869,0.023804897728552987
311,-0.33444505509731925,-0.3490807720618534,0.37800364783470286,-0.007591949739605752
312,-0.2569987931627793,-0.6856893140293323,0.3208101640409211,-0.007588651157959703
313,-0.27046199004280425,-0.6322956495868652,0.7725332284190927,-0.007585880672593248
314,-0.1394547928935026,-0.19665682671816853,0.06630205246337084,0.02380546297234787
315,-0.014970288480526506,0.01050727888758729,-0.204493621287142,-0.007590707281792675
316,-0.02999387269193221,0.04549372301724475,0.1874489079503121,-0.007587878128504144
317,-0.2181080823951902,-0.34432155721140134,0.1011075222313309,-0.0075844927607136015
318,-0.23291851107512684,-0.3264719164685914,0.22818163091909582,0.023805327177115032
319,-0.21460070410654453,-0.4745355145486201,-0.03176969372444205,-0.007590069099478569
320,-0.12730471147131084,-0.09233320618085372,-0.01494940685179813,-0.007587431171884873
321,0.06579758794282498,0.04568664582780002,-0.37470294578822916,-0.007583935666559682
322,-0.04223085458988862,0.01870606698366828,-0.21029064654034357,0.0238043804452559
323,-0.02281407810306746,-0.056836687790791984,-0.23877630018320417,-0.007589298001107636
324,0.07077157227115549,0.11604164136952022,-0.1519614515102461,-0.007587047415654524
325,0.16416857739847046,0.22525285874223755,-0.8250980944484496,-0.007583514273790115
326,-0.0004683572785211254,0.05912806223832945,-0.0577998154416548,0.023803635286753888
327,0.012175646164848786,0.05599411340148208,0.08490643986590385,-0.007589254747642826
328,-0.0694728571825749,-0.0471605617410944,0.3029118612829933,-0.007585732344921325
329,0.06601298389091426,0.1958790836918638,0.24780555443732055,-0.007582778847449845
330,-0.031122025294337163,-0.10318408398259749,-0.29470369059427526,0.023803349336901647
331,0.08673483952611605,0.09847320866691689,0.030597852046554408,-0.007587588153228353
332,0.13470251728062976,0.2607664928716247,0.15351180399994746,-0.007585035336603596
333,0.020462497199559948,0.016065882672108955,-0.22897620797931495,-0.007581580326530002
334,-0.016636604632822127,0.052929045313760525,-0.013508437496554393,0.023802981442713644
335,0.16490350047251923,0.08837562667449106,-0.3013094575595119,-0.007587533148978309
336,0.04463540966065693,0.08197095792411346,0.17672320213422665,-0.007584503636280715
337,0.06011275322748588,-0.027141822237723545,-0.3244093312980425,-0.007581432800975563
338,0.05090920265672594,-0.018389422058902483,0.15463205094978605,0.023802731674493316
339,0.03285135325495503,-0.07807896572734307,0.0372519364023276,-0.007586997454325228
340,0.08622839709255459,0.12255742907683498,-0.24163240989382473,-0.007583776746116655
341,0.10491195628958394,0.2672120270473499,-0.18734413847413123,-0.00758038206549827
342,0.06906178659301077,-0.029118266869602394,-0.11168306538644401,0.023801911473128712
343,0.22033181584743033,0.16619466652002757,-0.5442846589031802,-0.007586759667333354
344,0.18956204757586192,0.4338015395631487,-0.3454376735867015,-0.007583199059695289
345,0.1280213802963317,0.4191179960277225,-0.5713496959340745,-0.007580041327400977
346,0.06796303871658438,0.10961306078232269,-0.2870070979303705,0.023801230053834388
347,0.1497398725011294,0.09931767051563156,-0.4589941901027004,-0.007586532443838223
348,0.12150792688453294,0.2414530373531818,0.4724470249582282,-0.007582459950924658
349,0.06202339985378558,0.018057626902475477,0.21010611727633943,-0.007579383388133465
350,0.12939613291297292,0.05508602123649098,-0.2834672706418644,-0.007577021284873808
351,0.056121820181772364,0.14114187164776126,0.3034455282388109,-0.007572960994252753
352,0.0003916899716500666,-0.22313849087669269,-0.23955120098069926,-0.007568758276136123
353,0.029883681309968324,0.12913094597368513,-0.04543670714463133,-0.007565795948210052
354,0.05548564311004611,0.028028336344760874,0.10546003498993173,0.023761987372836302
355,0.08136454670778903,0.10106258730542095,-0.10620787014323696,-0.007572315735558277
356,0.04415717915804862,0.07694258586647607,-0.15466039576187995,-0.007568480284476209
357,0.17662921388216546,0.2989573262942429,-0.3442342692935796,-0.0075654022982121205
358,0.16507868332183762,0.4243640713575303,-0.13587328458139325,0.023762031704904985
359,-0.05488518803514353,-0.13878030387309082,-0.39144257085631295,-0.0075717114971780575
360,0.07747885352500816,0.024304749459815866,-0.2709373322845039,-0.007567583240415843
361,0.33891460687681274,0.5254636625539888,-0.4936663020136791,-0.007564259473042512
362,0.26531796737185687,0.47757013863915176,0.10454249986136688,0.02376082595742446
363,0.13077278073279786,0.191564473099902,-0.2302851054739392,-0.007571531170071921
364,-0.02921233951991553,-0.031209547304626994,-0.14845806856560273,-0.00756777167009659
365,0.05579995819243777,-0.040120446360475626,-0.5533217573833866,-0.007563573176696536
366,0.12226802997520281,0.24618055776210213,-0.15245937288740663,0.023759983210197788
367,0.0792413415728106,0.3464210620834649,-0.16338278828780517,-0.007570155580310711
368,0.18362353722756097,0.3779691337148563,-0.3258106498598181,-0.007567821469535829
369,0.16298321724019615,0.21598404433703422,0.14648769779280713,-0.007563100524919264
370,0.058926200072789925,0.07970141620168647,-0.17557863162774368,0.0237595431476052
371,0.0768489877606271,0.13091941458503698,0.11537912779830606,-0.007569774377714111
372,0.08600912134340888,0.2358746518317787,-0.2584762904079412,-0.007565952010224919
373,0.15667014661306666,0.2762316670867051,-0.19265511157601622,-0.007562554638127494
374,0.2570827427419431,0.2930120644687122,-0.43425999588640707,0.023758227733083004
375,0.2583427434437908,0.3361079207875548,0.03132743125154036,-0.007569756130578753
376,0.016844740054125396,0.06417757759038523,0.2098538949804123,-0.007565953356220234
377,0.19537646866706382,0.13822039399363462,-0.5267690960724849,-0.007561987882354515
378,0.2174753967025822,0.40097400343699974,-0.39733615562501257,0.023757219422634535
379,0.13154482149445812,0.10565885982310874,-0.05379700760303763,-0.007569560327965519
380,0.032818666602224766,0.11648137487634358,-0.24286760846989353,-0.007564999819805962
381,0.15146729925896807,0.27000094171148703,-0.42530124003330627,-0.00756187968551103
382,0.14985521681546743,0.004978821531523181,-0.3302365835573653,0.02375591640679886
383,0.25035984532144084,0.5343773872584165,-0.35812258480692094,-0.007569135958362949
384,0.18024219791379892,0.4112852706969079,-0.32695700134765104,-0.007564892965206127
385,0.06787766532988826,0.2623396629349486,-0.1829239110507359,-0.007561158510384303
386,0.20971756489376503,0.3266007801445312,-0.2563003669717574,0.02375527209005668
387,-0.0548881267429806,0.10019017576459532,-0.0388579702691203,-0.007567789633981192
388,0.033444026442964514,0.0467956419862503,-0.073551670861292,-0.007563965268843731
389,-0.059587826980362024,-0.11189145825341029,0.3447243174624788,-0.007560109321730124
390,-0.10018105298723867,0.14691749962508993,0.08035079456001881,0.023754451852425973
391,-0.02297150152884342,0.12397851415673244,-0.03521047334204752,-0.007567505352653825
392,0.019471540693530187,0.10705753745585866,-0.0814477289340374,-0.00756386709497292
393,0.14806455775288896,0.10241670283122062,-0.464927892124237,-0.007560232237665332
394,0.11012512429118715,0.22950023664256491,-0.021728837524577216,0.02375373775140588
395,-0.1312779442467331,-0.10855086991833218,0.23699275917606144,-0.007567181148033342
396,-0.013268135089106181,-0.20202095831433553,0.17088381587740287,-0.007563239854221138
397,0.12059365075907635,0.02586093234231157,-0.24547728132678515,-0.007558532280143027
398,0.251307635699618,0.7523885277920215,0.1967133211282288,0.023752725501196892
399,-0.034231808262916275,-0.1617423305243051,-0.3238474590899756,-0.00756649691425082
400,0.05851643047282096,0.11797851631141043,-0.2106798084212187,-0.007562432176371203
401,0.09094221291644544,0.08324507306195983,-0.10451442685997847,-0.0075581751194135904
402,0.025012934615460836,0.0313792236275674,-0.015442172529589016,0.02375176957292524
403,-0.023919461255047736,-0.21546376440656445,-0.17026773188307232,-0.007565561735418669
404,-0.060204879830791924,-0.22914547212863567,0.11757499784110337,-0.007562182923777527
405,0.15475365451709422,0.471790612229654,-0.39829057560361036,-0.0075577430206976715
406,0.03400985538735313,0.11666919274352949,-0.5470428420139228,0.02375105992069848
407,0.051180514852944725,0.14661892605337812,0.0295968559105404,-0.007564933468756863
408,0.11458100831032425,0.15539332260391348,0.12462751691209917,-0.00756153326454978
409,0.012185803903662418,-0.0013354231635105407,0.46291192749916377,-0.0075570137527734005
410,-0.06913044950169933,-0.05802556577214091,0.534619002748471,0.023750690465760727
411,-0.20506943324522808,-0.2576785847052463,0.30747542302307806,-0.007564079442659022
412,-0.2618549058163353,-0.2408985788981397,0.5814806902461811,-0.007560548142521384
413,-0.2643629329679129,-0.4239747154906581,0.4530530781759836,-0.007556411275345454
414,-0.25713521646054005,-0.27930127009298644,0.8415565178781748,0.023749092314176323
415,-0.3851800189501091,-0.5627231373127302,0.44960733256620244,-0.007563247871303247
416,-0.3004092951100006,-0.44971348512780196,0.5835875418402736,-0.0075595309261302646
417,-0.3056722773585534,-0.5096926567071023,0.565636187128078,-0.007555792847654175
418,-0.14473608479488576,-0.3371962028040514,0.20348050713297994,0.023748746531396137
419,-0.10833891390444705,-0.16759236999439509,0.46240152963788717,-0.00756210226956
420,-0.2856375894698431,-0.5716511864370659,0.3643313199365821,-0.007558716178039049
421,-0.1815885636719372,-0.32626379418852025,0.3055563052114536,-0.0075547115436620516
422,-0.10873691815913844,-0.32572471545205417,0.03222035660559186,0.0237481268431452
423,-0.15481910486153083,-0.44805310817994837,0.1603512599943855,-0.007561872266478531
424,-0.13233913337387548,-0.062079536122041645,0.16237784711105974,-0.007557731652241273
425,-0.05161437599144847,-0.11967699585486002,0.23433428850493954,-0.007554131191682245
426,-0.17939154059422435,-0.18473293513966382,0.5267630477162584,0.023747181298119813
427,-0.17457244576331732,-0.4153266554870072,0.12716115580779785,-0.007561821486035569
428,-0.12778102167493444,-0.06223741096917479,0.09313980181657655,-0.007557159682676229
429,-0.20244946090735993,-0.4131606120762399,0.33043786896757865,-0.007553297513368307
430,-0.1019146189305502,-0.16164224409988037,0.17803890850055382,0.02374622773095325
431,-0.04286956558496513,-0.0357358978695288,-0.2198721634144789,-0.007561482185451496
432,-0.12936621327696685,-0.24578299825338945,0.25880048157949886,-0.007556304460138108
433,-0.14058369995501607,-0.21805695566678196,0.5080607015603391,-0.007552811296591244
434,-0.18602540456714678,-0.27772640005369453,0.12422973893008304,0.0237455035351104
435,-0.17016358781546614,-0.2829877255292388,-0.0034867064206594023,-0.007559140583396129
436,-0.09953840818019444,-0.08987664273959695,0.09047603225756973,-0.007556329606586587
437,-0.018221888588072943,0.1168863773578721,0.027876639592264496,-0.0075521544639514104
438,-0.26464430598451827,-0.2952230456133407,0.21992453676448065,0.02374517397515774
439,-0.2416893685660284,-0.4360662884111548,0.05772844849147418,-0.007558866438898804
440,-0.13306041631466314,-0.1873346482113618,0.09226489576742836,-0.0075545771788370075
441,-0.05245151238551671,-0.01822320757480611,0.0763906293206702,-0.007551172168405174
442,0.15987541630187252,0.26981282878406887,-0.17669273216439763,0.023744276362265282
443,0.13908626063135898,0.2895608626407693,-0.13629638296295354,-0.007558301973688231
444,-0.21036848421795185,-0.15884572976725053,0.18552930130454115,-0.007553838257990719
445,-0.15909375793631853,-0.45522775112004865,0.11180468328878135,-0.007550359735148504
446,-0.021229695730141884,-0.08628612563549609,0.18682343008369173,0.023743727511998713
447,-0.16666446075367958,-0.4958933828186787,0.34811660030901237,-0.007557591434817823
448,-0.05141451072296377,0.06445746234118133,0.10032461022343853,-0.007553513085213126
449,-0.05163430602783592,-0.17854492938900535,0.293166129116031,-0.007550006045903501
450,-0.06328323270861347,-0.13535275410606573,0.14921290186006786,-0.00754446042139989
451,-0.05719653229544974,-0.24820082104270114,0.004964235405097384,-0.007541024350757652
452,-0.037496311473205424,-0.009457060993980804,0.3869082058812694,-0.007535314435983764
453,-0.14274958843759578,-0.34967736451548603,0.14853484844290676,-0.007530546681550732
454,-0.04989700731357516,-0.03206984319746198,-0.17496117923519705,0.023692580220426862
455,0.06762128144157487,0.10792707674127655,-0.10256016138608004,-0.0075392533470335366
456,0.0339828602454304,0.1106203845390894,-0.08984423056537594,-0.007534515155100507
457,0.050181054634094835,0.03423155298145275,0.024927757074053147,-0.007530021316256352
458,0.21335135451624865,0.13203242611027122,-0.3392408032443228,0.023690849341107878
459,0.08962440984413433,0.23225088047988152,0.23069745615104864,-0.007538736478295505
460,0.09030100926673867,0.05679270495133437,-0.5129003406898534,-0.0075336751768873
461,0.16744578182448322,0.1006164801732723,0.04071989835038892,-0.007528846842603798
462,0.2691372297311432,0.5408670560518658,0.33931947636153836,0.023690055726262926
463,0.019315361727251457,-0.13699915001060958,-0.2766543171096174,-0.00753825431451105
464,0.025733145177866845,0.02414614762219003,-0.31194338011495404,-0.007533605645846819
465,0.07221398506089827,0.21535597551169872,-0.14507310730239453,-0.007527580740827489
466,0.02793644609181456,0.0464787766944994,-0.4117864669581337,0.02368959982521801
467,0.0494207015509005,0.01519436145997588,-0.3357881720348672,-0.007537411091789181
468,0.18518351792943122,0.15913834611083644,-0.0732183794152661,-0.007532456107185226
469,0.44698782921227576,0.714060369385777,-0.8812691905858401,-0.007527260357051091
470,0.159815593147016,0.3571413982161289,-0.10501117615775968,0.023688199527953202
471,0.18696000100641186,0.37031890349942387,-0.4836124182033501,-0.007535946468976817
472,0.14121753724401742,0.2659702680240059,-0.3236778664563218,-0.0075312417313853075
473,0.2238742391928099,0.2738100583414962,-0.30562629187168966,-0.007526178674595485
474,0.27898454769223235,0.4022190189623984,-0.2995004798048626,0.023687678852468252
475,0.3491902573208563,0.528029869345005,-0.41391989732366596,-0.007534567486857213
476,0.2751099647990145,0.4843317472840454,-0.23708759134147783,-0.007530462570400687
477,0.3160322642440292,0.4059452705839419,-0.5412733908325293,-0.007524998603230415
478,0.21860690929736393,0.19434841029453764,-0.3859368303029669,0.02368588747043532
479,0.39107513989807785,0.605596055100392,-0.34775649262768127,-0.007534179698382104
480,0.4475827402195023,0.7346061041103553,-0.8049146891584087,-0.0075301814691783875
481,0.3632075082417714,0.5415902816215805,-0.4386671765498704,-0.007523902991351861
482,0.22626327794483814,0.29957808363005256,-0.13017889817076878,0.023685572703300295
483,0.4278399140994793,0.48977657863125046,-0.9512063475442858,-0.007532777706444449
484,0.4475742362607207,0.6516213051570219,-0.46466706502110355,-0.007528087822265661
485,0.25661420064244567,0.3457153129976973,-0.19099707804274146,-0.0075233853539202755
486,0.207687674769943,0.13445748604627283,-0.210710318245944,0.023685333265177633
487,0.16526761042553062,0.06063095268609686,-0.47772324577910297,-0.007531492521934524
488,0.2689074548038093,0.4042558537126979,-0.09344819774896962,-0.007527756675699493
489,0.27929831067507394,0.3783039439774143,0.16804804398462636,-0.007522790943539803
490,0.06590553206467575,0.11421923987316518,-0.19356956725900432,0.023684548195035404
491,0.26121154667794144,0.41487671489576883,-0.414333905187533,-0.007531161249062279
492,0.2711172376630202,0.5391469383225171,-0.11846143169952938,-0.007525402146427496
493,0.047704111877237665,0.06485760691296605,-0.00922537930692613,-0.007520808930337353
494,0.17788410889232864,0.27515064051669924,-0.16071931571502773,0.023683248779718724
495,0.110798839712686,0.24604945173919646,-0.11308124644291695,-0.00752994357191028
496,-0.01694737174813099,0.008089700455769844,-0.3529149170840924,-0.007523961190031514
497,0.09109041620553171,0.1266174954920416,-0.2173867022516589,-0.007519560127434488
498,0.13073420757194754,0.3402193264195432,0.15229464008871219,0.023683309211662618
499,-0.007056308009282475,-0.13598930131914244,-0.3177326458930452,-0.00752840685748879
