,tas,rlut,rsut,rsdt
0,0.03859020378558853,0.24804453048446362,-0.19185503084007394,0.02925172134831655
1,-0.01819064826685235,0.2040673873345895,-0.17324925208099273,0.019074444689579195
2,0.018401081178296863,0.10191022776379555,-0.33026410007673235,0.017267533210940655
3,0.16024585010165993,0.4422826080337927,-0.3374994028668823,-0.0012308560648079947
4,0.08373800465210479,0.1528149272745054,-0.19719261321141346,-0.028551753585304596
5,0.03521697886776565,0.08744379448654627,-0.289060081801054,-0.04490441651438459
6,0.2493734075356997,0.22313429895285708,-0.1460853550313459,-0.049516973876961856
7,0.19669019919655284,0.6550970331571193,-0.13102878433458898,-0.03767045088784471
8,-0.10903618536525528,-0.16922527995836845,-0.18188085294789857,-0.0055134388879878315
9,-0.03865988954078148,-0.04193647624214236,-0.32726839708435307,0.021945617156632125
10,0.06702236294228214,0.34974509940212783,-0.4356735308510906,0.042414467412925205
11,0.014017691290291623,0.01988437040296276,0.4178908127458101,0.037886270367323505
12,0.06559326686794975,-0.08834737561511474,0.3791130539036516,0.014968723133279127
13,0.08187906727567906,0.26236916004003774,0.2271037430419085,0.0009176945796980363
14,0.039440206751407914,-0.08273201674606412,-0.16536191104347608,-0.013262442684265352
15,0.14150614498134928,0.2931009528587083,-0.207121147679743,-0.023367944959773013
16,0.03968580929159771,0.1039681268757704,-0.0687855224094136,-0.02898664119749128
17,0.0480167681971011,-0.020050499119065535,-0.11650251075342055,-0.037307925959964905
18,0.016970346070309006,-0.0616478562714633,0.12786264129655933,-0.01870691133734681
19,0.09582750862608691,0.07527052435534642,0.04935618197879421,0.015118622966838302
20,0.16467030879704225,0.27414857343424615,-0.06501351263636934,0.01732436540640947
21,0.05768730190993665,0.1992110677528558,-0.22968056876668186,0.03846460774349225
22,0.015502846432923434,-0.15879408621171365,-0.14942702634563432,0.026670502339868563
23,0.0018799200826151719,-0.12778708103812164,0.00595069953408256,0.009166916993592622
24,0.023241717188113853,0.07102655491769383,-0.44510327708179886,-0.006371628683268682
25,0.13343949465115656,0.1405881534410014,-0.6141545643672544,-0.03707994250481761
26,0.19454971276684319,0.29467153380085165,-0.6030549734140749,-0.050504345966203346
27,0.14299678140315564,0.2464135333466686,0.009640650467801493,-0.05949607861361983
28,0.07721019153274256,0.09844054159862026,-0.2796192596456706,-0.07062257600296107
29,0.05654954393020262,-0.15881250111203826,0.03659035583793013,-0.0684658304377308
30,0.07707163978818699,-0.07904203526501874,-0.14265490634151945,-0.04118825557355876
31,0.1267353063532255,-0.0011992736364163648,0.02279368811723259,-0.0034430695711762382
32,0.04821758606567528,0.18411023343841748,-0.23236888184094084,-0.01317662344774817
33,-0.0547052210619654,-0.5967298634955966,0.9222703061795556,-0.01729255264353924
34,-0.23490020056874528,-1.626015913365677,2.9457330139245954,0.02747564770675126
35,-0.019575595788580813,-0.45876571529984744,0.8447343657284136,-0.0018609497820989418
36,-0.11575600872305358,-0.1741179545547311,0.6035927687611746,-0.03169152259738439
37,-0.22694794266595864,-0.8729756613119832,0.30489051263218414,-0.05174040914494071
38,-0.10729813785764009,-0.4598075703355846,0.11037006234224123,-0.06031224239603716
39,0.025038884387697635,-0.2224630150296889,-0.23057370656323428,-0.06238110258539109
40,0.11678802433226565,0.24011339088841055,0.15260491057480863,-0.055663011869228285
41,-0.22618991858081472,-0.6891058102953025,0.7085844465273965,-0.0068692625710014
42,-0.2291377798756571,-0.8157768894176911,0.45405397997933505,0.03321012308089166
43,-0.10043457978076731,-0.3880375620889822,-0.02057800620147532,0.0663884118168312
44,0.09746682937463902,-0.22552294645390702,-0.28129321154926856,0.10306180794543707
45,0.19590604978139936,0.36032718655025064,0.4070101330595719,0.06824195272162115
46,-0.08279738273654402,-0.16866058383072868,-0.22161015605979628,0.016462977472315288
47,-0.13708612790003372,-0.4344387290232703,-0.1634606128356353,-0.01260369178203291
48,-0.010877574913649823,-0.19944739733722372,-0.153950345564013,-0.02913558832807439
49,0.0029633900645080757,-0.2368160301772093,-0.010466478037827187,-0.04600896065107918
50,0.09541954001929298,-0.22174183644014533,0.27609126185718935,-0.03394223137223662
51,0.09205971241135558,0.006998761579779966,-0.2514621431017332,-0.07422966524848107
52,0.12240482576913791,-0.28255638308414177,0.18437581632078093,-0.06975785291649572
53,-0.09245116284250798,-0.6654532205352837,1.1466604503748812,-0.03445002076068704
54,-0.004832627113387389,-0.3411516525423224,0.5850671489559005,0.02962576287666252
55,0.05726528060245073,-0.37251546761396526,0.08608495489585266,0.000828385062277448
56,0.006291742294934011,-0.14081295209334144,0.0733566928682734,0.048792012545845864
57,-0.040756876946659304,-0.42356679433817135,0.3368569108047126,0.021936381704676933
58,-0.03811133400097333,-0.6036062993361782,0.1917164541505656,0.03715534089371886
59,0.018348010359716227,-0.3200748657020256,0.10790111942533542,0.006871155889143665
60,0.1471163121157133,-0.17033243585737523,0.11183274478382543,-0.018262818006121506
61,0.20813792107264817,-0.12855885702191472,0.1891461985692473,-0.05288280689939029
62,-0.06528411533281542,-0.8410361529264208,1.0521104257026082,-0.06615128347146992
63,-0.0922235731704859,-0.8118319337124831,1.0047992736604385,-0.06319323822788192
64,-0.04729606233263439,-0.6458620647534019,0.3132713577763866,-0.03633803055174667
65,-0.03172367175278623,-0.43643447840349836,0.010464152510436975,0.04022002571190342
66,0.019902353286397556,-0.5261206079480871,0.2247452989503529,0.10235777234788657
67,0.032893529497641794,-0.26520774069902586,0.08183458471837923,0.14292123667519263
68,0.019356251490705745,-0.2755309965572792,0.13799331512619517,0.15041333004609214
69,0.20154292617075953,-0.343739664113599,-0.1846723022226655,0.08484139514217759
70,0.35541760678523815,0.13410355716132472,0.429372852335959,0.028460926137313436
71,-0.03977320378197646,-0.4921743367754061,0.3047974507969542,-0.009469650136452401
72,-0.12599318407814053,-0.7143506140425302,0.011123451474546187,-0.04364968909419531
73,-0.0019353885404029825,-0.5203735869262687,0.04842912456959425,-0.051954217383070045
74,0.21749157806459607,-0.3945596536715925,0.13011718438220043,-0.036521041472781235
75,0.312737252808688,0.3364310586125896,0.4831324445187164,0.004472950115541607
76,0.04352627803172027,-0.20178215106824382,-0.048007942753798716,0.0573844464377089
77,0.03604904162710909,-0.5561524981995944,-0.0003263879809765058,0.10396961123717574
78,0.09907470706559707,-0.37999546512330085,0.040198642124764206,0.07574613924197138
79,0.3364262542249321,-0.19809715842060882,0.06811988967163529,0.06045645431584035
80,0.4547747285625974,0.3262684379786265,0.716845081594073,0.05831576770248148
81,0.08136392284563954,-0.3695659173466197,0.4915983391215235,0.01687144845595867
82,-0.09011016620968348,-0.8277910486606572,0.19153475890051652,-0.014847188243550136
83,0.01815301301036243,-0.6285620346480414,-0.016112008272742173,-0.028685686803612498
84,0.13473435844395,-0.3074509070429201,0.004746573569775592,-0.013152829439036395
85,0.2736705690149961,-0.3512620279036298,0.20505638448487673,0.03803970289288827
86,0.31940087905462633,0.2460682113427879,0.19391259558641138,0.14867810639844947
87,0.1131499795678792,-0.2043997764943697,-0.007260613217596301,0.1548871755486516
88,0.10178030607926303,-0.6249633765513067,-0.23602629677459674,0.1368005487201458
89,0.3599211865637244,-0.0657041366343094,0.05247932155712931,0.1282013856820754
90,0.5094499759833298,0.42590008957674286,-0.1129533971112977,0.09413669248175438
91,0.2140591889707366,-0.26950943370039226,0.2126545427670692,0.06219792056111828
92,0.16081309641288044,-0.4322158166625911,0.03306742697512277,0.026035787228124718
93,0.08850265402355717,-0.4524904288909113,-0.09976643104781147,-0.009881560730548244
94,0.32564067807822994,-0.5352976995677352,0.2993508919056609,0.0011920979573574186
95,0.5162534492843633,0.007806242644278427,0.28763533960801624,0.06818190897348586
96,0.36270926569807216,0.05944279478489989,-0.05989086320532522,0.10184912329089002
97,0.3022925077082732,-0.27754589785863004,-0.13001617827524115,0.18913217255573045
98,0.4776111331385664,0.03798778530077129,0.134387385993179,0.21964577332192903
99,0.40074055692139154,0.33712319338732755,0.21955023278900399,0.18792858278538915
100,0.040955084092786365,-0.6242439272178899,0.428707128159715,0.12467244794083854
101,-0.008756634599535573,-0.8467915647567565,0.023580008935937258,0.04048979647456008
102,0.22329373015537612,-0.5725959035494839,0.012191055204709755,0.03580828896423327
103,0.5233952698973212,0.09063617740571317,0.23312701622511156,0.010866670614575469
104,0.3102992732073062,-0.21753388686906305,0.21258498371020096,0.011350384625359311
105,0.14889012076605468,-0.5802395645330876,0.35759726947922843,0.06353463443770124
106,0.16492355619004684,-0.5227645738017372,0.3518405059556784,0.18091002768318276
107,0.3161536788819035,-0.35665156003477705,0.17395638657527002,0.28734036555385956
108,0.43644582247617336,0.20664540937065112,0.7127049951780151,0.2997944895055298
109,0.09378431871061821,-0.48440928819286455,0.3770936188610108,0.24112359718816379
110,-0.016285879291672245,-0.8000638826665636,0.42335614129149235,0.19890599715324697
111,0.002243434709498615,-1.089003138539283,0.7934939828628558,0.10620263867747326
112,0.09801186410959417,-1.0423012077210672,0.4613283313145473,0.04150530588640322
113,0.28325081534558194,-1.1003459015167323,2.458733788214161,0.0195332666834247
114,0.09853089001933313,-0.9534800968716866,1.578123560631738,0.009466103865293007
115,-0.09254013416813223,-1.3106460545067762,1.225840726160115,0.0150740532275222
116,0.0033169367689538376,-1.2712703517438229,0.557468552189377,0.06369585023344371
117,0.08722310313675052,-1.2207232708841218,0.8564016401109598,0.12642266859853635
118,0.3575187879335431,-0.7691933138814022,0.7543261666584158,0.15832906002208347
119,0.4261778315960214,-0.15825907640387982,0.8702440844692774,0.16267790272257798
120,0.0528362213826199,-1.219451879761607,0.8404858346140003,0.16576872230547224
121,0.08053525100507386,-1.2542025199159923,0.7246366747368143,0.11341847678431805
122,0.08592179671143185,-1.0062488375195642,0.9332735737403937,0.10818249241810918
123,0.04450994816488674,-1.378029140361889,0.6662840863470194,0.05268005633456596
124,0.38126260461723405,-0.9743676079894499,0.9700122187700799,0.0257831782276412
125,0.46174607570043236,-0.7694416776693345,1.6375030770080485,0.026474388393296522
126,0.06355660702803334,-1.4250200567575178,1.2564852854230395,0.01780933398237039
127,-0.007233441976438826,-1.6510083164235994,0.7922101810842861,0.0764872505192784
128,0.16772926185200276,-1.5586186346345414,0.7198300109120765,0.16477292548955802
129,0.5088389220888416,-0.777296417710744,0.8592154962563114,0.23748099588789273
130,0.572182610270147,-0.3819166595018544,1.1968933461941589,0.22446899541944276
131,0.13667537569830301,-1.3861088844562346,0.9758732500609852,0.22955390503773287
132,0.046177807601452514,-1.8878673195202964,1.6331399046673454,0.14478503426772704
133,0.13669561019241883,-1.9070726511849045,2.07570481329536,0.14037498129152937
134,0.23268890939033327,-1.5888116286857041,1.519716828880945,0.043824608080001326
135,0.35492623210484453,-1.3322781129905081,1.031807885203179,0.011075334285294502
136,0.380373559178679,-1.4765188751361222,1.0334147823835451,0.014837876884712387
137,0.36584541334832466,-1.3570255359011583,0.8833083302774014,0.0363850276378912
138,0.36658837405434497,-1.3718406321707448,0.7472509513857943,0.123440298315586
139,0.34853031086566943,-1.4204215528696693,1.0557378485447657,0.2410234694343103
140,0.2624817484410187,-1.665318507657048,1.1077280290766112,0.21811511789627502
141,0.43635235609076517,-2.0099113157885142,2.065935588410781,0.2175189753237987
142,0.5159143578698604,-2.0852987950238173,3.7621564958014915,0.1748742268340493
143,0.2421619129934811,-1.763926907057055,2.3432162629248694,0.0807710838378739
144,0.13866723740216003,-2.1393191102983167,1.3130712924907755,0.026111814790567678
145,0.1880498186638988,-2.1611754017389444,1.2016145941837948,0.014435182867202911
146,0.39214773638326506,-1.8027824055459973,0.7359040482149197,-0.009146198653581905
147,0.6440962723108896,-1.3697465345810542,0.8316603621230598,0.02313096501200107
148,0.7185256446208541,-0.9129473947299971,0.9076758426398612,0.11391189142227631
149,0.42096467177117347,-1.655422963688551,1.0460294230033895,0.18002616026979013
150,0.35600859286989817,-1.8988939749441158,0.7009149913901638,0.22769852102936738
151,0.5082514016125401,-1.6325466835702116,0.5960872301248372,0.2098994096666047
152,0.6460827217197789,-1.5940364690961815,0.5955599970472036,0.2173839839036873
153,0.9489025376678342,-0.6496252872614434,0.781873441207324,0.09979818858312228
154,0.6872385246137469,-1.3466889869627323,1.0915920689800913,0.047218591248906705
155,0.5336894428030519,-1.6962055601307213,0.7528079569069774,-0.002427011077429597
156,0.6380859021179504,-1.7649104821063304,1.1913451942294557,-0.015507464053541753
157,0.80512322622792,-1.4831676231132178,0.8565156888732304,-0.0372329740692976
158,0.9435821506974094,-0.852280949958697,0.9409994218987379,-0.042255838119729106
159,0.642906097623495,-1.5372483956118117,0.9066359592272164,-0.04197589309939076
160,0.48530779395599666,-1.823763391485329,0.592352942171857,0.0007796043320240642
161,0.6405915390905648,-1.8369213719050492,0.5802157711426759,0.06682613435003759
162,0.7718253437452063,-1.3552515890114876,0.6069675498336835,0.09551863974093067
163,0.8182368038553705,-1.3784335881199468,0.6972714309644346,0.11026937675552517
164,0.8714815078553784,-1.3600376916485573,0.3690500756916322,0.12962481292305483
