,tas,rlut,rsut,rsdt
0,-0.024265083322688952,0.07670442627994589,-0.28383079443452175,2.065178250632016e-08
1,0.06956152981649666,0.029782621838194245,-0.38885973962247533,-0.010797513010743387
2,0.23258643257435097,0.13908651734470823,-0.06236895703872847,-0.011862490164617157
3,0.27396406181003385,0.4659197701101334,-0.12013126317751244,-0.031378216177643026
4,-0.025232737316741805,-0.03279686961730022,-0.2764182636354633,-0.05869046471099182
5,-0.09066813726474265,-0.13027924416377346,-0.45061945274355253,-0.07544021171804616
6,0.02645463092932232,-0.2799569366283947,0.17170401517671507,-0.0802173133844235
7,0.08547084911771208,0.022205257335940587,0.35172039206454997,-0.06830357995517033
8,-0.015163924669366224,0.11429852259769291,-0.0967028746962626,-0.03527190010748882
9,0.0821148725269154,-0.12172440911623994,0.16708661933697044,-0.007932284140508727
10,0.16878246482372106,-0.09233336355740107,0.3030404404663898,0.01267018433298972
11,-0.05892652042342661,0.14789197315738534,0.5249618797670905,0.008656475870282065
12,-0.2891973628522351,-0.5888735036492676,0.008392364053207757,-0.014938528891264014
13,-0.12726052355264983,-0.20518898733280366,-0.11040357913766741,-0.028892765077500826
14,0.195042334486061,-0.11698984201487406,-0.0010303110740039756,-0.04272443037200446
15,0.2187534033782299,0.42842556994247616,-0.20296287366664956,-0.05382327704620593
16,-0.13650294965674448,-0.1816984237152326,-0.3704939087952681,-0.05953818087914442
17,-0.0326958632956007,-0.2845294074357412,-0.0685621456500769,-0.06810827292906652
18,-0.03664753880957505,-0.23010595104568665,-0.2187504552139501,-0.049009881059191684
19,0.16159828562541634,-0.2786517590925257,0.39244329197343575,-0.01435381095853927
20,0.17191287053344695,0.3919304189598165,0.15548692131969233,-0.011927242385183945
21,-0.042954511604875734,-0.050575569936825104,-0.16052092598361867,0.009206270935351313
22,0.008983562247237842,-0.2149413266509157,0.08413535591913046,-0.002183012798980144
23,0.14923770090274502,0.17926671444155318,-0.07977057856993497,-0.020523644819377296
24,0.13566387488202736,0.21293982995274519,0.23046443884621226,-0.03675682967349303
25,-0.1015428937633942,-0.14641980164955726,-0.01839051780484624,-0.06729133138088628
26,-0.09312498689473614,-0.21439181981949673,-0.14192483578950998,-0.0811640832480407
27,-0.09013159172070573,-0.4540165792547839,-0.05127555944704909,-0.0901494034865209
28,0.13676486833281842,-0.4616884899678837,0.6532736272433084,-0.1015440760051547
29,0.2523118114224303,-0.07149910440350027,0.8081276741310717,-0.09910030323356978
30,-0.04629742499270151,-0.03126939742429613,-0.051973227362722696,-0.07190623556454057
31,-0.13160478695903066,-0.2389750396270074,-0.32689327207704366,-0.0340269155182682
32,0.062368735039058265,-0.22234624981081197,0.04390853372296988,-0.04224991926429311
33,0.10680133025022087,-0.4424875033954834,1.2885310184388885,-0.048120086467690726
34,-0.15073553901601144,-1.2940579288746505,2.7317362754697,-0.0025660075761493317
35,-0.3525422767999089,-0.7128164987687455,0.7415507427045185,-0.031170182882419795
36,-0.20470380427781265,-0.5805989280636084,-0.1626553946766336,-0.0625828083661304
37,0.01326836418138555,-0.5177785472247933,0.6853060502295136,-0.08264331464818042
38,0.012775051546441318,-0.016500889366284355,0.10085413939505372,-0.09050005386768589
39,-0.10212928157346823,-0.3378986510657853,-0.09419350816938277,-0.09328713239739272
40,-0.005829662097937671,-0.3026376143784546,-0.05074384993471881,-0.08648940481356249
41,0.09618360370620849,-0.4252173926930425,0.6793054989117309,-0.0369494954198899
42,0.2039044755276791,0.24164957384243735,0.19425050474123395,0.003772705361086537
43,-0.07360163993314472,-0.035725106316874644,-0.3738987825247335,0.03596091111774058
44,-0.06358327358844917,-0.427889864277347,-0.09551866689662347,0.07490026022259144
45,0.25282963520135127,-0.34288041466237473,0.3581634615039917,0.03848983886672386
46,0.3063728960378853,0.004503161211317774,0.26360953322780745,-0.012127276322416947
47,-0.08449877876745404,-0.2396623393944992,-0.22455847988356936,-0.04388533267274397
48,-0.2057411403678202,-0.8519946014041295,-0.2273480806281043,-0.05897821193099162
49,0.1669861520243785,-0.6500789655457027,0.6658081767292288,-0.0767823371931513
50,0.18598715782172803,-0.20686186521484728,0.3928701314559646,-0.08728327990002072
51,-0.003215229818863463,-0.3159073208888401,-0.03426381377397547,-0.10501163566567584
52,-0.05399657679271286,-0.8945647272413169,0.799134352135539,-0.10082729778719113
53,-0.09366664886925946,-1.101926139579632,1.7451062645502162,-0.06487509316116302
54,-0.11927935644496301,-0.8591469559544294,1.0679479927213862,-6.38175474136915e-05
55,-0.1762575245867879,-0.550075733110873,-0.12060241126907556,-0.02912322000122458
56,-0.09045214440851623,-0.446576675707945,0.052346133308148524,0.018655526250199728
57,-0.13744437113211916,-0.5629404551004313,0.014090391363907884,-0.008224800359471374
58,-0.09175083182230992,-0.3127244322928391,-0.1350802185404376,0.008697731248446416
59,0.09127268138291811,-0.39424741802471885,-0.21383659779081654,-0.023957867397882637
60,0.3160349819643784,0.016586369540817714,0.33023709650079525,-0.04838173910889054
61,0.06310971719949521,-0.19246892553326234,0.22666323172728653,-0.08354256428049212
62,-0.23828638335470487,-1.0998544870560067,0.8475289835897115,-0.09707523081675618
63,-0.07777083825868658,-0.723677094018683,0.7423588539205355,-0.09405823556971882
64,-0.028232673924435403,-0.4582101525277835,0.3993243078632247,-0.0673639712127283
65,0.09857889231108174,-0.06401026683437294,0.4558511979989248,0.01003201482564009
66,-0.053149568622075094,-0.24145623663130777,0.14769183046543333,0.07289054976394027
67,-0.0688201916805724,-0.2919169272833244,-0.10713812388975441,0.11365318996604401
68,-0.09812779168112229,-0.6496210690845885,-0.0022440864800330473,0.12212142243112112
69,0.2178940026295777,-0.38148240339756967,0.5077955652421764,0.05731673290267736
70,0.19864073551747197,-0.24677327452053532,0.48390176368782534,-0.0024544127711578767
71,-0.0748613556988289,-0.5349629893624979,0.1322214186091628,-0.03993999128658743
72,-0.05239892423037418,-0.8005202619322347,0.3022919926060581,-0.07424361552637038
73,0.22828411504957558,-0.6641360713532833,0.6939378653934938,-0.08224556313206222
74,0.35498164108929586,-0.3072392702929676,0.7587243269673678,-0.06731074960754313
75,-0.042359053990935536,-0.7361645315108092,0.5873034434597173,-0.025712419349304128
76,-0.07694580795532602,-1.0027657413313023,0.5806246835311413,0.029527251730655735
77,0.002713990234440189,-1.051514233657656,1.122358886971611,0.07579353068257433
78,0.1913144449149513,-0.5074373284276987,0.8124083563999562,0.04545390248790682
79,-0.030231560851461836,-0.7143672044065852,0.9106255717492076,0.03014430828369541
80,-0.15283622574622768,-0.6286516902922301,0.08076619565480314,0.030808806568074942
81,0.08673442328512238,-0.9860225342818012,0.19805993747652906,-0.013379079004835148
82,0.3145995208033696,-0.444376310143042,0.8249954002225763,-0.04535315363796144
83,0.1772250742271808,-0.48738029061331645,0.5967396816489128,-0.05917540446426983
84,-0.19729878269305345,-0.8583704306562936,0.30345054969660623,-0.04381471150657035
85,-0.03704233166092763,-1.0756571639840615,0.4087879032696833,0.007955377145833609
86,0.18353773704086507,-0.7107394219611933,0.9967371627703017,0.12059255891028897
87,0.22209410349080372,-0.5818943854740155,0.7162232601884853,0.1271478287421246
88,0.33661613789183775,-0.6167853588761716,0.8998598401302473,0.10647711924127634
89,0.403814810324036,-0.33737271683142467,0.32060660464526336,0.10107236644142858
90,0.28336947512110555,-0.7199848541545464,0.47582268367396807,0.06330317286403897
91,0.048809119500617726,-0.6555648234512432,0.2661982740981017,0.03239068446220017
92,-0.013095752260767313,-0.9554258746368589,0.5305170901263097,-0.00403108057952295
93,0.24042269666387028,-0.9639664664615566,1.1137563971887232,-0.04045503589219379
94,0.31815538556145384,-0.474121169804107,0.8433849310504513,-0.029805951319360702
95,-0.04334961098743406,-0.839964360619291,0.48201403027513834,0.03913439652995976
96,-0.1375913816319212,-1.4699620498056731,0.37788518579161234,0.07132909499131301
97,0.20601785785339644,-0.854202019340903,0.6691007240404048,0.1604933545323206
98,0.420417435657896,-0.33322155980411594,1.0210093646757912,0.19135243719642858
99,0.09329590612361471,-0.6691024638506065,0.5007436908932306,0.160966470487665
100,0.06944392842103753,-1.0545892125948058,0.7421095202122956,0.0961350950732367
101,0.272948422595789,-0.6354005702456504,0.9510515225832563,0.009709194267372823
102,0.03912982976044077,-0.923979387691503,1.020545213467841,0.005894746181070332
103,0.19859151322242496,-0.932278644988827,0.7203995221465078,-0.019489172098246854
104,0.2606985011370284,-0.6254469182248954,0.784753035276168,-0.019278606057923753
105,0.3906063738093053,-0.6192724504873865,0.8833006592910237,0.03384485651372415
106,0.1108932213151661,-0.8050937348074001,0.6314008885580051,0.15047586986918304
107,0.0668606193157757,-1.1963816957613176,1.1738942215315973,0.2600073269002223
108,0.28452881868321356,-0.7291671287055124,1.00777062147219,0.2746010432641697
109,0.15560040498803573,-0.757127322611808,0.8994827174321074,0.213533478730767
110,0.05058490410669947,-1.0039040063386722,0.42033238467169554,0.1707449613816152
111,0.2410554470057491,-1.0674969750912453,1.0203700558892734,0.07705598378504419
112,0.4588083040222841,-0.8360063114667753,1.4597864794873203,0.011463914788578222
113,0.20294924278880444,-1.474790360207777,3.200274631975333,-0.0108495303845757
114,-0.25121225013964477,-1.8162423674034756,1.917292138541029,-0.021198801430955427
115,-0.1607741442055044,-1.8373336810599028,1.3941416317029507,-0.015512693478797246
116,0.06713202015674824,-1.463373002307634,1.3611289454311333,0.03424722183240192
117,0.2858436688929942,-1.1041396221188222,1.6028207503873375,0.09679431087010926
118,0.1835569171198017,-0.9605448236435166,1.3924120264678237,0.1292502873239414
119,-0.14261066589460825,-1.165759465360452,0.6922497089475002,0.13482176967795567
120,-0.10264529297239733,-1.5883010727480382,0.8139215305880896,0.1380173907465405
121,0.3267943369738191,-1.1554691886038313,1.384069783868867,0.08300420454423829
122,0.2006652752078253,-0.9955803169449382,1.2717897023794507,0.07928482951740534
123,-0.008241663961939594,-1.4379436907286447,0.9293467657126939,0.023094653922214547
124,0.1619746888916893,-1.774429741464644,1.507113783602719,-0.004461474936590548
125,0.30266590789233305,-1.2174680280301118,1.9079441135867086,-0.003871825398277906
126,-0.0721026898035575,-1.530609932722399,0.9222660459120391,-0.012929328460472789
127,0.035520345679742604,-1.8234805895716022,0.761826228079741,0.04557534280706932
128,0.28796799081555946,-1.7507036205491318,1.502128688661358,0.13521522441777734
129,0.5046743717206255,-1.210983068788721,1.4034324875913313,0.21096974097957855
130,0.4065931809721519,-1.7023198414002536,1.7617181936390267,0.19563988338865101
131,0.3711486145766685,-1.4829650830407388,1.53787054226855,0.20107887137794478
132,0.05800270327176804,-2.146765628470064,1.9142240814800289,0.11564838101088526
133,0.12176558422544304,-2.5977387534439345,2.3401402593035527,0.11335838186960245
134,0.3670889462873106,-1.8492497861029733,1.9096027880418376,0.013529778403039927
135,0.17085089451023805,-1.9694371544954379,1.3892371492731854,-0.01963946819012108
136,0.0779914397550101,-2.3149137058534848,1.3560992530102567,-0.015647121494396288
137,0.26343203384493563,-2.389698879889636,1.6838136380125661,0.005504024475328606
138,0.5058812629744693,-2.109764873220655,1.899363915775183,0.09357745393441519
139,0.42832349605475883,-1.6619348013425395,1.2863557650420319,0.21329800659418652
140,0.3920441909886563,-1.7520862133429205,1.343932438946183,0.19192682418679397
141,0.5194160191464334,-2.6590977227519375,3.3966746077312564,0.18827068165364835
142,0.3623072059175456,-3.2448608255301963,4.808646989159826,0.1480808657861985
143,0.10333151577708577,-3.1159994756501703,2.7140664490924706,0.05227845221577354
144,0.2766668338634872,-2.7164201002163395,1.607250726657938,-0.00468734418313943
145,0.4728553432369722,-2.2986183053759532,1.7900370369268472,-0.01578191178691668
146,0.5179731912714374,-2.2615199113429867,1.752588213859113,-0.039798703227234
147,0.6437540751657593,-2.0973055200985016,1.6783870305999642,-0.00801102311578461
148,0.6399261346043659,-2.2574554683595522,1.9737598812230601,0.08332958744199459
149,0.6226535668093334,-2.1283854298656877,1.2346752068619793,0.15071874144007325
150,0.4323519741808468,-2.156873282911448,1.0297536171602957,0.1995237534330272
151,0.6791773877777132,-2.4874994943502884,1.4477205067174879,0.17921093569589175
152,0.8746083323300127,-1.6929805704389196,1.5832391314902026,0.19021751761579253
153,0.6078764967898564,-2.1461685833780564,1.397401332156491,0.0706876550192419
154,0.5387760777206267,-2.34840420556705,1.277520104154533,0.01787932238198664
155,0.7642263825533746,-2.513373955398947,1.811273916042282,-0.03392183454371889
156,1.084068908500626,-1.9307226509455688,1.9506101993318197,-0.04558302467108888
157,1.0252359775114996,-1.8492255267562996,1.4490385219313708,-0.06813364112963427
158,0.6517845505690048,-2.3304133199791295,1.1319161884432418,-0.07298622590974446
159,0.7877958713920066,-2.257417127611461,0.9248556263045629,-0.07314194405262242
160,0.887631146708145,-2.4461784252755194,1.5693705401065472,-0.029695645758238243
161,1.1608523525950432,-2.0521946958191393,1.6646360563296412,0.036876737557918204
162,0.9770732793735988,-1.9319165554678648,1.5728245532755807,0.06542668800301499
163,0.8129119280006307,-2.491876046850223,1.2610223526494906,0.08118643428878158
164,0.9189778844454963,-2.8862345417227004,1.950690607380949,0.1000414901637896
