,tas,rlut,rsut,rsdt
0,0.4215744944468156,0.4323656837502199,0.16070799723254936,5.684341886080802e-14
1,0.013808720491738313,0.38751712501914426,-0.14115540495420476,-0.01079753366246905
2,-0.2906590413538197,-0.3472845645236191,-0.3358494941690964,-0.01186251081634282
3,-0.015741278388077262,-0.20073005177687264,-0.18702877431506693,-0.03137823682936869
4,0.09163169005717009,0.18098789740750476,0.0739063841953822,-0.05869048536271748
5,0.12265204883533443,-0.20792153784859124,0.21171285059034517,-0.07544023236977182
6,-0.03249410909904782,0.11191332074440652,-0.07769119202897912,-0.08021733403614917
7,-0.15469302321122314,0.0691672201853919,-0.42640580505151604,-0.068303600606896
8,-0.014231794176055246,-0.17333880416936154,-0.16849084805703285,-0.03527192075921448
9,0.25220647036491073,-0.096377094545403,0.41063211229487706,-0.00793230479223439
10,0.21276619853932743,0.2596282248351258,0.24172661386681682,0.012670163681264057
11,-0.11138551598753565,-0.13704647029166495,0.313449862865113,0.008656455218556403
12,-0.2355206412556754,-0.4778015851941575,0.3041785193768618,-0.014938549542989676
13,-0.13990740789279243,-0.3565609324903676,-0.24042839466841315,-0.02889278572922649
14,0.08501097127333423,0.11088886216379024,0.09514306331395517,-0.042724451023730126
15,0.053449407105574664,0.16495167129764354,0.033212773447999666,-0.053823297697931594
16,0.0537354216598942,0.26251875070630604,-0.3668524207495807,-0.05953820153087008
17,-0.11981269038813025,-0.010486621166819532,-0.4614721060457896,-0.06810829358079218
18,0.04137190652051004,-0.24297191934869034,-0.4913897503109723,-0.04900990171091735
19,0.2552117211284326,-0.020960674564037163,0.12158752126249794,-0.014353831610264933
20,0.25939403446568576,0.30617997980624523,0.16643497680026087,-0.011927263036909608
21,0.1533037923077245,-0.013663035672919932,0.003949351793295364,0.00920625028362565
22,0.12388366382032245,-0.03355883641475543,-0.07383359658876998,-0.002183033450705807
23,0.16528624473454556,-0.4878746874856006,0.41816277872956675,-0.020523665471046115
24,0.02677757396963898,0.24990556083480442,-0.26227578254435,-0.03675685032516185
25,-0.1182133861194643,-0.5047471790771851,-0.2001281278264173,-0.0672913520325551
26,0.11882892455139427,-0.09289300731697381,0.1892274339215163,-0.08116410389970952
27,0.21518574658398393,-0.13995365368282364,0.3130401454472178,-0.09014942413818972
28,0.22856248721149086,-0.08761196853595266,0.21191515602662037,-0.10154409665682351
29,-0.07421541554515443,0.15680655629282114,-0.11133449606354873,-0.0991003238852386
30,-0.25149711253408213,-0.4823296012741025,-0.43690071215395676,-0.07190625621620939
31,-0.06951354348763061,-0.21851145751222134,-0.1757620944382836,-0.034026936169937017
32,0.020105742618511613,-0.6435353910423487,0.3781235780163854,-0.04224993991596193
33,0.19415399027337799,-0.2515601714246145,1.198875372403748,-0.048120107119359545
34,-0.32507327316182,-1.1582710697477978,2.427280592290586,-0.002566028227818151
35,-0.2719851234381281,-1.2637165138115733,0.7104987431534653,-0.031170203534088614
36,0.12254226210473007,0.0016046066380681623,0.3401060973707928,-0.06258282901779921
37,-0.09038579369314448,-0.1517125287901706,0.19544968374319183,-0.08264333529984924
38,-0.34297347451189353,-0.24306534930937573,-0.18476662855982795,-0.09050007451935471
39,-0.2271575349176942,-0.5875194005008382,-0.4820045992454993,-0.09328715304906154
40,0.05245147032320574,-0.34258915370244836,0.34209681757552346,-0.0864894254652313
41,0.12436178534574083,-0.558657421035889,0.5871322854874137,-0.03694951607155872
42,0.1962559755807547,0.1715187823917006,0.4256229760500361,0.0037726847094177174
43,0.09471314752505577,0.10546827180439777,-0.12526846410158043,0.03596089046607176
44,0.04324006007607295,-0.24188654529916676,-0.31327339171524216,0.07490023957092262
45,0.1606031178679359,0.03304337414417091,-0.06705838845439871,0.03848981821505504
46,0.18897413243774963,-0.21868716930123355,0.24766580545666272,-0.012127296974085766
47,0.07525846939830672,0.1903506174237748,-0.42268720494959666,-0.04388535332441279
48,0.009711297732792445,-0.14172511939733567,-0.1875376378701219,-0.05897823258266044
49,0.12243650335682332,-0.2779801419247292,0.01941508293000993,-0.07678235784482013
50,0.12711484157159703,-0.21068260647950865,0.00271711666847807,-0.08728330055168954
51,0.2539621864550554,-0.25346884837432526,0.4530791423741931,-0.10501165631734466
52,0.18816993758480294,-0.4682533881225197,1.088812806487013,-0.10082731843885995
53,-0.17276662837099366,-0.7829401927506581,1.3456604238768506,-0.06487511381283184
54,-0.15427692704002993,-0.6029301339040956,0.4410773672408794,-6.383819908251098e-05
55,-0.17536228664835107,-0.35009842460812024,-0.1611094509268014,-0.0291232406528934
56,-0.1485929957819394,-0.546828693305855,-0.040340802993569014,0.018655505598530908
57,0.2642180577766453,-0.2506006378674215,0.2823578406136704,-0.008224821011140193
58,0.32306984509887116,-0.12048820656514181,0.43719790698651195,0.008697710596777597
59,0.00624945384674902,-0.07593590519971372,-0.16349987203099658,-0.023957888049551457
60,0.01645009056926483,-0.4802366903641371,-0.02898521971981438,-0.04838175976055936
61,0.1871008644337735,-0.25293866211325167,0.15424096293176603,-0.08354258493216093
62,-0.06454675684256017,-0.8499544210331749,1.1533590893418904,-0.097075251468425
63,-0.15222871243486225,-0.7083387553091995,0.7365414678624518,-0.09405825622138764
64,0.10445733515791744,-0.3334030432753252,0.3269609659408843,-0.06736399186439712
65,0.010584881434908766,-0.2587533203767123,0.16882653467685316,0.01003199417397127
66,-0.0035934723335344643,-0.49199838351339054,0.004764301377761626,0.07289052911227145
67,0.02261474887723125,-0.3451975947339463,0.22388880622949614,0.11365316931437519
68,0.08174850124885324,-0.9282326324662904,0.7717616792885167,0.1221214017794523
69,0.2771313247915259,-0.42761831467345246,0.8231353499545264,0.05731671225100854
70,-0.009453872585822864,-0.14920735537225482,0.10275478909530023,-0.002454433422826696
71,-0.19867892982881585,-0.9484428646140941,0.1424974590434971,-0.03994001193825625
72,0.18344160282259736,-0.2876206460514368,0.280176392829091,-0.0742436361780392
73,0.2227887975073486,-0.46034482733335835,0.6233791634686412,-0.08224558378373104
74,0.2906417408445918,-0.21757626491501014,0.3528724386368225,-0.06731077025921195
75,-0.16126840647621066,-0.15592757809449154,0.11443663574763718,-0.025712440000972947
76,-0.23335795934497128,-0.9638862028879203,-0.026414660736818973,0.029527231078986915
77,-0.0692823571391159,-0.9834457980825277,0.2787880260231361,0.07579351003090551
78,0.2854383077998932,-0.4727601292954091,0.5533934304408632,0.045453881836238
79,0.38325623876056625,-0.614216874948113,1.0064209943469962,0.03014428763202659
80,0.26815476472455657,-0.12798313491981617,0.5143339047084652,0.030808785916406123
81,0.14876273168579246,-0.26329204930542005,0.17337712098755276,-0.013379099656503968
82,-0.04046323950331043,-0.5349989716182222,0.06426451996138383,-0.04535317428963026
83,0.12912214298700064,-0.7325366611249251,0.21214854890418167,-0.05917542511593865
84,0.306772041337922,-0.7198066044579434,0.7070760120392947,-0.04381473215823917
85,0.35019346893221837,-0.3646181043107788,0.5372342510636088,0.00795535649416479
86,0.1287039893875317,-0.6277583123000738,0.4156693443812003,0.12059253825862015
87,0.11857709791661364,-0.6867585150606601,0.46096316144529226,0.12714780809045578
88,0.23425310968968915,-0.5247973527839633,0.4318303734643081,0.10647709858960752
89,0.41442046544142386,-0.24277311712535266,0.6187820657103771,0.10107234578975977
90,0.018997025802264034,-0.4355905368913966,0.40747553019073735,0.06330315221237015
91,-0.0994992686988212,-0.8218703594337455,0.0416783205739506,0.03239066381053135
92,-0.00022857767595496625,-0.8257286340264898,0.2641089802950205,-0.004031101231191769
93,0.3038216054723648,-0.6984522979506949,0.7506494591101074,-0.04045505654386261
94,0.37073686635193326,-0.2327003053986516,0.8075677107140251,-0.02980597197102952
95,0.1727054221642561,-0.5512156207654755,0.43105516989309933,0.03913437587829094
96,0.09476009062598223,-0.6595797366789213,0.2083072565533115,0.0713290743396442
97,0.18289964486569943,-0.48319158768399006,0.11623723883359105,0.1604933338806518
98,0.439769109965539,-0.5484536072207504,0.7411229302166049,0.19135241654475976
99,0.4886417007270438,-0.22894792657459107,0.6336168525338195,0.16096644983599617
100,0.032486390423571265,-0.35354907969446003,0.3652264660569102,0.09613507442156788
101,0.03108788433888776,-0.8213217345713417,0.15587168701456733,0.009709173615760847
102,0.2329689643361803,-0.6770472916862786,0.5962214527959304,0.005894725529458356
103,0.3665139970302107,-0.689409498476806,0.8745649033092064,-0.01948919274985883
104,0.28297384509698986,-0.4910169035250931,0.6869091339597162,-0.01927862670953573
105,0.03053505210482399,-0.8772016334836792,0.505139919034093,0.03384483586211218
106,0.09373889257085466,-0.7118198214465394,0.3077349392742974,0.15047584921757107
107,0.27616855510069627,-0.7420460741344357,0.868249447530772,0.26000730624861035
108,0.4736541663562548,-0.35511963460990614,1.028624194469458,0.2746010226125577
109,0.2314796340414773,-0.10477189357038696,0.4902721640560941,0.21353345807915503
110,0.031011893405832325,-0.8289451739925369,0.3041448563022726,0.17074494073000324
111,0.14216170077492052,-0.9994831283568715,0.8373810775073025,0.07705596313343221
112,0.39721278281268724,-0.8103543828335944,1.3474622881276304,0.011463894136966246
113,0.07743798748970221,-1.394100925922828,2.8903858823357496,-0.010849551036187677
114,-0.1365087205381883,-1.4741021352105292,2.013929491993153,-0.021198822082567403
115,-0.09132282859673069,-1.4563120302317145,1.4758116355993423,-0.015512714130409222
116,0.14374328703956962,-0.7821982176132565,1.0078676243058737,0.03424720118078994
117,0.07343992868061378,-1.0617174846102841,0.7430369379170401,0.09679429021849728
118,0.0070139001927600475,-1.0122176860853074,0.735122770652481,0.12925026667232942
119,0.11769013294156139,-1.1002897879052966,0.5993680151555907,0.1348217490263437
120,0.3122853497701499,-0.9211794529347799,0.9346356240094025,0.13801737009492854
121,0.41135462381186017,-0.8077634316609021,1.1350233619723866,0.08300418389262632
122,0.08862358240151025,-0.7764444736372695,0.7199894846815624,0.07928480886579337
123,0.09708660550160175,-1.1422828203064626,0.4222209866194362,0.02309463327060257
124,0.3784411727514225,-1.1343883523958311,1.2533608151298523,-0.004461495588202524
125,0.3621469869360112,-0.9535136528116652,1.619604563655983,-0.003871846049889882
126,0.10036322226443417,-1.252269118222955,0.8010550278646917,-0.012929349112084765
127,0.08457806601279572,-1.5476964271036877,0.5996855558925489,0.04557532215545734
128,0.3895666546241614,-1.2476906699438928,0.8894216981870642,0.13521520376616536
129,0.5707357365866415,-0.8093324574946337,1.1490084628212571,0.21096972032796657
130,0.28124699200003533,-1.0671634012914524,1.1893051224475073,0.19563986273703904
131,0.11818323844511269,-1.6595627735457583,1.1872380765765342,0.2010788507263328
132,0.17729929953179635,-1.6633301689438156,2.035493305742321,0.11564836035927328
133,0.2509898210045094,-2.1288863714783304,2.5084341704553736,0.11335836121799048
134,0.38670790936214416,-1.5608085998073307,1.8499311941170475,0.013529757751427951
135,0.12888892221025117,-1.903866765374147,1.254525455621149,-0.019639488841733055
136,0.11598876960812277,-1.868043937513164,1.1095155441604732,-0.015647142146008264
137,0.0781999417228576,-2.0585934099485144,1.3552377974829284,0.00550400382371663
138,0.47683180128166214,-1.7319430127967053,1.4132233286133982,0.09357743328280321
139,0.594564375465211,-1.4021349689284648,1.40980547078847,0.21329798594257454
140,0.3825249233868817,-1.8114490373044418,1.5239704529759166,0.191926803535182
141,0.24839940452267228,-2.364128970890846,2.4907566161579666,0.18827066100203638
142,0.268621260923112,-3.2480388773356594,4.504322200726392,0.14808084513458653
143,0.43775124481913963,-2.404166125622851,2.7602970164417826,0.052278431564161565
144,0.4369196324385598,-2.010101382830811,1.3275337513426422,-0.004687364834751406
145,0.3092956013510957,-2.054579243323502,1.155897103647277,-0.015781932438528656
146,0.3576941327215195,-2.1230189065071556,1.0902594948336741,-0.039798723878845976
147,0.5920077749426014,-2.1305014017170265,1.3599042752236556,-0.008011043767396586
148,0.8044343103666733,-1.7612341211044225,1.6396571320072866,0.08332956679038261
149,0.8069585720607506,-1.97333466950343,1.8726259767756517,0.15071872078846127
150,0.39656026396176003,-2.031880191075004,1.4798713421232463,0.19952373278141522
151,0.39648090697693306,-2.367171615932648,1.3806561289406147,0.17921091504427977
152,0.6856728366761331,-2.3625710688041295,1.7811381465372165,0.19021749696418055
153,0.9558595559458922,-1.6478404762362686,1.8887443432026743,0.07068763436762993
154,0.5695567258525784,-2.0773213071680914,1.5750540972313587,0.017879301730374664
155,0.5278664596654039,-2.1393084266408664,1.222798307755724,-0.03392185519533086
156,0.7280521427555868,-2.3105033696551516,1.5046868093110959,-0.045583045322700855
157,0.9634703927360988,-2.0683228856067615,1.8952519809148924,-0.06813366178124625
158,0.9634805329687879,-1.7937655774144332,1.6136267977495322,-0.07298624656135644
159,0.609247543717288,-2.141642189940484,1.3098447879779513,-0.0731419647042344
160,0.4727839497602986,-2.313041830959577,0.9243982846856511,-0.02969566640985022
161,0.8514113398438212,-2.4199015085161193,1.653445487825735,0.03687671690630623
162,1.0835678310014032,-2.0643647618043985,1.7284510837166067,0.06542666735140301
163,0.8268184570845278,-1.823971871396509,1.338336869425774,0.08118641363716961
164,0.7475204598985101,-2.0817415165819284,0.8278387287512885,0.10004146951217763
