,tas,rlut,rsut,rsdt
0,0.34445506772027557,0.25612821643173334,0.2651726960030345,2.06517256629013e-08
1,-0.02845399500432677,0.04632121598979211,0.06430922566597985,-0.01079751301080023
2,-0.048045790479818606,-0.026825761241696,-0.20258928263177722,-0.011862490164674
3,0.06812354217714756,-0.023874157162481424,0.019593690277744713,-0.03137821617769987
4,0.1429364812850622,0.356144153026662,0.013273594767980512,-0.05869046471104866
5,-0.12374288500160446,0.13755616506875867,-0.3829574109249734,-0.075440211718103
6,-0.15161752512602789,-0.2312027760847002,-0.49665406019951774,-0.08021731338448035
7,0.09923701929164963,-0.028888720562235903,0.019124534564411988,-0.06830357995522718
8,0.0667361673886262,-0.11692957488676825,0.3450642721480506,-0.03527190010754566
9,0.1507961310662722,0.2374422735732935,-0.18013278709234726,-0.00793228414056557
10,0.22509464183320915,0.4893974842685793,0.09576962314604032,0.012670184332932877
11,0.00010794925560730917,-0.1543538892054812,0.8724391221553702,0.008656475870225222
12,-0.016746982961080903,-0.3340317700119897,0.6029348293308772,-0.014938528891320857
13,0.015447348135865013,-0.050187827725721945,0.21558935784042887,-0.02889276507755767
14,-0.34239129571244575,-0.28730076065792787,-0.2949293954504384,-0.042724430372061306
15,-0.2526835121644808,-0.698583993212111,-0.026918085709411343,-0.053823277046262774
16,0.07384865565984455,-0.1551824117772469,0.21876197820981247,-0.05953818087920126
17,0.012234828203190773,-0.25749746736084944,0.6791866201864423,-0.06810827292912336
18,-0.21405303741329362,0.11533813452061281,-0.24251758049604177,-0.04900988105924853
19,-0.14526562251444375,-0.2332110946388184,-0.661254470582108,-0.014353810958596114
20,-0.0026958805716503775,-0.2787664002376289,0.22626446926790322,-0.011927242385240788
21,0.1764305386575984,0.29303031897049436,0.020722087903664033,0.00920627093529447
22,0.024245953326442304,0.08188778752247572,-0.27990254859967933,-0.0021830127990369874
23,0.008168053429244537,-0.014606156670822656,-0.011138892791137778,-0.02052364481943414
24,0.183533741012468,-0.05949201516355629,0.30074338539756695,-0.03675682967354987
25,0.16848332665045973,-0.04678739453328262,0.4598353936994499,-0.06729133138094312
26,0.08303939871314014,0.14194840968025346,0.047475468037362134,-0.08116408324809754
27,-0.1283975673304667,-0.014047662449229392,-0.4396348974781006,-0.09014940348657774
28,-0.11822874824139262,-0.20486922173120092,-0.4553888196366245,-0.10154407600521154
29,-0.023076895614451587,-0.37869767544719934,0.11474191898965103,-0.09910030323362662
30,0.08789904284969907,0.1079921454098951,0.0675699423537992,-0.07190623556459741
31,-0.15020753728367708,-0.06473863617625852,-0.17786275793405082,-0.03402691551832504
32,-0.18190096371239406,-0.445875493870318,-0.26927198143640396,-0.042249919264349955
33,0.1001297761179103,-0.42490689845271845,1.1962861372948623,-0.04812008646774757
34,-0.17675575783056274,-1.2703679784935673,2.685493618899798,-0.002566007576206175
35,-0.2847094669817807,-0.8444700723626397,0.8228347962333373,-0.031170182882476638
36,-0.20770217620497533,-0.37867278685959604,-0.20799479100963936,-0.06258280836618724
37,-0.051815889160650386,-0.6227986654023994,0.38889927275310754,-0.08264331464823726
38,0.11297365159276751,-0.1861659558905444,0.4265778777166389,-0.09050005386774274
39,-0.09552392544168242,-0.1979139712385347,-0.13683280979037704,-0.09328713239744957
40,-0.18814557266819065,-0.33671139727502464,-0.20659997372042938,-0.08648940481361933
41,-0.09533655341874692,-0.8435202976544929,0.504531917743833,-0.03694949541994674
42,0.12558907746364412,-0.23955008906582975,0.6344602265034496,0.0037727053610296934
43,0.06487756197685712,0.011157195067937664,0.3020052443540635,0.035960911117683736
44,0.04667143802709006,-0.03458329051673559,-0.019470137685289046,0.0749002602225346
45,0.01416398560087373,-0.2275445071371962,0.07159646115827911,0.038489838866667014
46,-0.013354951305757368,-0.16649082936163495,0.3540016173734415,-0.01212727632247379
47,-0.07879183214726027,-0.3501393221485216,0.02220803798553561,-0.043885332672800814
48,0.07498406840642247,-0.49882667255954516,0.5157033655230094,-0.05897821193104846
49,0.18326717471222764,0.13890265641157384,0.21153249362077986,-0.07678233719320815
50,-0.037426342361072784,-0.20817941687951702,-0.05657644656271543,-0.08728327990007756
51,-0.1271003936294619,-0.5200746130229845,0.21775203628514817,-0.10501163566573268
52,0.04738134170690955,-0.5980931167007668,0.8452333491516697,-0.10082729778724797
53,-0.12925476178952522,-0.5781655194595601,1.5678716668179646,-0.06487509316121987
54,-0.27367035969302833,-0.7865062749995104,0.6554722317213901,-6.381754747053492e-05
55,-0.14237623143577594,-0.5868875448184383,0.17820780593667962,-0.029123220001281425
56,0.08962446051128836,-0.19723974249140497,0.2664292496748146,0.018655526250142884
57,-0.006347505529049613,-0.595201250987401,0.6644921261998888,-0.008224800359528217
58,-0.16442317030447384,-0.4990792414862426,0.301754359725507,0.008697731248389573
59,-0.07739681105579166,-0.7461275510422354,0.3388702549415825,-0.02395786739793948
60,0.10192413403154887,-0.5652550465524655,0.6745643736626477,-0.048381739108947386
61,0.17998640835554625,-0.3256398518727508,0.48527993585312856,-0.08354256428054896
62,-0.10766309437326527,-0.9848938028713121,1.0192734586110674,-0.09707523081681302
63,-0.15522476311690525,-0.5688542655083779,0.6436257001110732,-0.09405823556977566
64,-0.0742910292709098,-0.7575332182333341,0.43346564387614706,-0.06736397121278515
65,0.027692121865015906,-0.36677192550374116,0.6196278587324713,0.010032014825583246
66,-0.03227991026244581,-0.5569760841038942,0.3434753475336265,0.07289054976388343
67,0.013692229861192118,-0.32420624209123616,0.23882376613939016,0.11365318996598717
68,0.04311784378478478,-0.2709586783652185,0.28020935441529105,0.12212142243106427
69,0.05243045741417518,-0.3981892205662234,-0.008190225529801864,0.057316732902620515
70,0.032092206216873365,-0.44782436987605934,0.014594948466893243,-0.00245441277121472
71,-0.10528991468976301,-0.7636901273551757,0.2415859402517384,-0.03993999128664427
72,-0.0179484472989202,-0.5622733695813622,0.017253086921670047,-0.07424361552642722
73,0.013022206875461961,-0.41423455887820637,-0.022315484545870845,-0.08224556313211906
74,0.0774869074284652,-0.2276386265402266,0.01672439969620143,-0.06731074960759997
75,0.36613549871088935,-0.38455066012895145,0.6416371206009046,-0.02571241934936097
76,0.3018740543124636,-0.07888197362998994,0.31997653071260856,0.02952725173059889
77,-0.20288384816001326,-0.4489340342765047,-0.10002547468494072,0.07579353068251748
78,-0.20499984910497915,-1.0227952206786313,0.10409756457990227,0.04545390248784997
79,0.2255803995475958,-0.5427019109283435,0.6201222064690768,0.030144308283638566
80,0.17740203355026551,-0.44301654633022736,0.3669194537619802,0.0308088065680181
81,0.20840664753751525,-0.21334412639254197,0.12404099444118799,-0.013379079004891992
82,0.15381757871853097,-0.49694366456958505,0.6257060341387728,-0.045353153638018284
83,0.37704304598048566,-0.2996301221195381,0.4740769423553246,-0.059175404464326675
84,-0.06895648020179124,-0.6358083243013652,0.3001633074692336,-0.04381471150662719
85,-0.09731126945814594,-0.9806808376217475,0.3395586586634636,0.007955377145776765
86,0.024978986274845738,-0.7407659379674101,0.38836636943533165,0.12059255891023213
87,0.18570126904631934,-0.592817795472655,0.7517474312494841,0.12714782874206776
88,0.04936775513920111,-0.5730156513868963,0.39669938647197966,0.1064771192412195
89,0.10103302071752296,-0.44748960665742743,0.3639162601866559,0.10107236644137174
90,0.09588374275239175,-0.6993169433428363,0.32299297884902956,0.06330317286398213
91,0.2635660787111078,-0.5829800709419999,0.43809553413811386,0.032390684462143327
92,0.24106077113884794,-0.33931082774802235,0.6054115430722362,-0.004031080579579793
93,-0.03467063381066282,-0.7738543332806671,0.28535015374090733,-0.040455035892250635
94,0.12205988464455686,-0.7164343825355388,0.6035189056423604,-0.029805951319417545
95,0.3675254972023936,-0.24881288830491144,0.7239520636558865,0.039134396529902915
96,0.1511924053849043,-0.45485782112587003,0.3056150554313035,0.07132909499125617
97,0.10885830930976681,-0.6305203963379142,0.28052897967407375,0.16049335453226377
98,0.2790721798829736,-0.6418707371528001,0.3666731357501334,0.19135243719637174
99,0.3963193015161437,-0.35450303131290184,0.6321272456825255,0.16096647048760815
100,0.5267887579950639,-0.2889038950825409,0.8645822932294038,0.09613509507317985
101,0.37597868393680756,0.012781455031728228,0.5363244705509658,0.009709194267372823
102,0.08067413681931157,-0.6640404891969354,0.37013404265364613,0.005894746181070332
103,0.07005561585782516,-0.9821614613766769,0.6007456197214509,-0.019489172098246854
104,0.30768375085199295,-0.49539662504412263,0.8537449859166202,-0.019278606057923753
105,0.4560981654600482,-0.4606885026984173,0.8476604374379093,0.03384485651372415
106,0.32343307525241016,-0.306144030862157,1.0274298343657762,0.15047586986918304
107,0.03808661191180818,-0.6708757319721883,0.5749817777672916,0.2600073269002223
108,0.02599337050816075,-0.9069713313508316,0.3194543756907251,0.2746010432641697
109,0.11418397836615668,-0.9377671001323051,0.45291772275159303,0.213533478730767
110,0.37239364931474483,-0.913059774847369,0.9571292950929404,0.1707449613816152
111,0.42287440321808845,-0.5870387789936728,1.0202936573573282,0.07705598378504419
112,0.20324474357903455,-0.9183355711174102,1.2607439025829308,0.011463914788578222
113,-0.06818695924653184,-1.5548825014242311,2.4589754181030656,-0.0108495303845757
114,-0.1736019771560109,-1.6814479778514908,1.6042706104506976,-0.021198801430955427
115,0.10200485481209398,-1.700126581904442,1.7650884465868586,-0.015512693478797246
116,0.3041488486413755,-0.8473132502189742,1.2335574056125012,0.03424722183240192
117,-0.017952502991136043,-1.1798394709988997,1.0834794959805691,0.09679431087010926
118,-0.0979809410974326,-1.5537829937662195,1.0494322869888464,0.1292502873239414
119,0.06102630703662726,-1.35122015756545,1.037522414467702,0.13482176967795567
120,0.32378635267355094,-1.30267892562523,1.8132231855850591,0.1380173907465405
121,0.3196139438508112,-1.0715237332022411,1.436815872400956,0.08300420454423829
122,-0.012215163408029639,-1.3181796567580477,1.1136886463329319,0.07928482951740534
123,0.11850897114430836,-1.74076374383651,1.1394651146146373,0.023094653922214547
124,0.4074670692998552,-1.4527330747038718,1.781376990466626,-0.004461474936590548
125,0.20634317392813273,-1.3797574707419926,2.094077486665995,-0.003871825398277906
126,-0.031994626872801746,-1.5963260988283139,1.2468255428185842,-0.012929328460472789
127,0.06532792565815271,-1.7991496105657632,0.8214661793278424,0.04557534280706932
128,0.3659707408569375,-1.9304301437574907,1.9938112145281224,0.13521522441777734
129,0.5152250041477942,-1.412263512743948,1.838405715495668,0.21096974097957855
130,0.3045499400675453,-1.2922276627830058,1.4413315628430041,0.19563988338865101
131,0.14117365865570264,-1.5616351924548155,1.1524035220054003,0.20107887137794478
132,0.15247293830003628,-2.0661119678156012,1.4793367273043287,0.11564838101088526
133,0.39412101437324054,-2.2624060496879963,2.391209465080493,0.11335838186960245
134,0.41288702181117287,-1.5169742940046547,1.8064605445541133,0.013529778403039927
135,0.2008254176357127,-1.8970067614065727,1.417147143962822,-0.01963946819012108
136,0.3231839816060642,-2.257922467298954,1.5195863498039444,-0.015647121494396288
137,0.5034553218902715,-1.9214419208199445,1.7651109945620078,0.005504024475328606
138,0.4732210436004607,-1.6004483576832342,1.8932599930733005,0.09357745393441519
139,0.2658822267596861,-2.008705414644396,1.2380494435921747,0.21329800659418652
140,0.42862050639024574,-1.9182163848858238,1.3767192581073573,0.19192682418679397
141,0.5931551338829877,-2.153434744795902,2.883407725085533,0.18827068165364835
142,0.39865803410975786,-2.7576762093842433,4.111644146988084,0.1480808657861985
143,0.22786775252262714,-2.6533393633954745,2.2164182582232286,0.05227845221577354
144,0.32030814736316415,-2.4747275924639496,1.3138921883982988,-0.00468734418313943
145,0.5766782482583608,-2.273938955801441,1.589960515086645,-0.01578191178691668
146,0.6784363048793125,-1.670103999599121,1.4902731200217403,-0.039798703227234
147,0.4522575817126153,-2.0506555899548005,1.2142221720296789,-0.00801102311578461
148,0.4441358428480271,-2.424805298951071,1.2618970595527799,0.08332958744199459
149,0.6628135895001037,-2.276217930409132,1.890748102162604,0.15071874144007325
150,0.6927158454502091,-1.8130208035560713,1.8369691875149385,0.1995237534330272
151,0.6428886881575977,-1.8520651395506889,1.1592348303323519,0.17921093569589175
152,0.7487322371536607,-1.6899816608362812,1.1993181089820268,0.19021751761579253
153,0.8642983846829679,-1.99846516288045,1.9295729874430094,0.0706876550192419
154,0.7227808746119422,-1.7779143020279093,1.496065476859556,0.01787932238198664
155,0.48352072152846404,-1.9897887254995794,1.0714160666405235,-0.03392183454371889
156,0.4886806722811343,-2.497133410402114,1.3879573456295162,-0.04558302467108888
157,0.7013414730589034,-2.287066120576611,1.5959450145704466,-0.06813364112963427
158,0.8987746130555934,-2.167575838177328,1.8878786547079187,-0.07298622590968762
159,0.9373239382867382,-1.8616405126187487,1.47966318433636,-0.07314194405256558
160,0.6005874369646449,-2.0917291734041044,1.2403807240115157,-0.0296956457581814
161,0.6503590975336238,-2.4477571373929266,1.2553749928982398,0.03687673755797505
162,0.9262726376566661,-2.398503959541614,1.9004074485993954,0.06542668800307183
163,1.0150618663212754,-1.7466752289022054,1.4626839926789472,0.08118643428883843
164,0.7170481038179446,-2.452798793627494,1.5363421886334692,0.10004149016384645
